formato/VCI/bioclim_16.asc
ncols         186
nrows         781
xllcorner     -75.7
yllcorner     -56.55
cellsize      0.05
NODATA_value  -9999
[rows 578 to 611 of 781, columns 0 to 76 of 186]
-128 -128 -128 -128 -128 -128 36.79907 36.66824 35.0699 35.83183 35.01644 32.93473 31.90839 33.702 34.58929 33.08414 33.7621 31.05878 32.49363 30.90239 31.44569 33.06426 34.97631 31.11 30.29897 36.2325 37.42042 36.50996 36.44677 36.334 34.97077 35.53244 38.27775 36.96152 35.27665 37.14358 37.38673 37.8276 37.42089 36.03084 30.45675 24.20731 23.58146 28.61345 27.24568 25.38889 25.28998 29.168 34.03521 32.96561 28.8238 33.32208 34.12077 28.54451 23.63878 23.49781 25.85424 32.72997 30.55906 34.58391 37.53731 29.74845 25.98974 23.60344 26.53985 28.99684 25.61524 30.45023 25.97672 27.61848 22.01595 22.59974 26.40716 34.819 44.26228 46.25259 47.53812
-128 -128 -128 -128 -128 -128 36.57434 35.75697 34.76732 35.10699 33.11453 34.1392 34.08946 35.21224 33.78332 36.23168 33.65309 32.31405 33.75556 33.99557 31.36945 32.42485 34.43513 36.77817 36.50687 37.03777 37.3428 36.9561 36.61414 37.20897 37.82458 37.75296 37.84994 38.52055 38.00866 38.42144 38.79565 -128 37.3715 33.05637 24.14975 26.08965 28.11595 23.27271 22.78812 20.52028 26.12357 29.6241 25.3641 31.34098 33.58929 29.88485 31.10905 27.15504 26.38082 29.07385 29.79257 28.85197 30.10727 37.26786 37.44739 27.05721 26.60635 25.61167 22.16346 26.48182 27.98639 29.68196 32.44366 36.28648 35.62964 34.18372 40.53277 45.24128 46.67972 47.60557 47.54734
-128 -128 -128 36.38349 35.85793 35.17686 35.84492 34.28922 34.29083 34.88657 34.31468 34.55425 34.92372 36.00816 36.89544 36.50571 34.43347 34.54801 34.1653 35.77997 35.2882 34.88496 34.69506 36.43282 36.61419 35.97884 35.48363 37.19922 35.76428 34.80039 36.6606 38.22387 37.60699 38.6594 38.46765 39.23879 38.95699 38.0371 34.68608 28.83636 31.87959 28.96306 22.65534 22.61691 19.44667 14.67493 23.66967 25.03661 22.85288 29.26848 35.17501 29.72479 28.87152 32.94228 29.38131 28.28314 23.85602 26.1203 29.12351 36.79191 37.56398 31.69604 25.78162 28.85806 24.94619 24.62191 31.11847 36.02813 38.89674 42.40372 43.84499 44.76136 45.26951 45.77971 45.97425 45.6323 47.20605
-128 36.29259 35.87291 35.8426 35.2498 32.6022 32.55178 33.20662 34.01888 34.4916 34.97141 33.61789 35.0317 36.70717 36.60349 35.41262 33.72256 33.94217 33.81114 33.35454 34.94226 36.10088 35.42565 33.89295 35.18054 36.90582 35.6006 35.4123 36.93606 35.68267 37.23779 38.41334 38.03258 38.60738 39.23895 39.07343 38.64616 37.47404 30.03751 26.39463 28.08157 27.04537 23.09641 22.64064 13.04037 8.102083 4.897451 7.133335 14.82901 25.54557 31.80784 25.40301 21.16459 26.07512 22.35531 28.03599 30.53433 24.62297 26.00702 34.32295 39.85979 39.17691 35.74591 32.20074 28.01733 32.5416 41.49796 41.1865 40.18793 42.45864 42.2863 40.06015 38.13843 36.98601 37.54778 40.30027 39.63685
-128 36.09668 33.22818 32.28934 32.60249 32.79342 33.7039 34.82377 34.69329 33.94184 36.08271 36.18303 36.7035 36.56822 35.8048 34.18549 33.47599 33.27851 32.15279 32.82634 33.2612 35.92611 35.20501 34.33727 34.59021 36.40192 36.72299 34.30643 36.04991 37.05999 37.87834 38.41459 38.90825 39.72637 40.04711 39.18546 38.4108 33.18326 28.27628 24.47136 20.85959 19.3047 20.60051 17.02717 12.5388 6.631573 0.8306547 -1.723045 8.915757 18.50986 30.21676 26.54763 22.94153 24.21133 28.15209 22.99869 30.38148 32.93816 34.66926 34.24728 38.40623 40.2435 40.74149 40.0792 39.22629 40.7166 40.5476 29.25407 35.60307 31.20323 31.51847 26.9345 26.48623 24.21981 25.46208 28.12071 25.86662
-128 34.69847 29.58537 31.80716 34.03267 35.38194 36.03766 36.12754 36.28674 36.4419 36.59016 36.86267 -128 36.6419 35.27623 34.95686 32.15166 33.57804 32.94064 33.29646 35.1892 35.83036 35.58276 35.72727 35.14327 35.71008 36.5797 36.86758 36.76664 37.06208 37.69251 38.41826 39.04118 39.94399 40.00799 39.24341 38.0154 30.48641 26.69492 25.77257 22.79307 20.95671 17.98798 15.57036 14.40687 14.02485 7.507313 6.114427 20.76307 26.48951 30.53274 29.18272 24.83198 24.21132 25.16671 32.2055 25.1314 26.62677 25.08248 25.61956 33.32076 39.76374 40.08851 40.08889 39.99029 39.09862 34.72073 24.88661 28.62617 29.65037 23.24589 19.95326 23.42023 21.78897 21.48902 22.16946 22.90643
35.89372 33.45632 29.94021 33.3625 33.45765 34.71442 35.62246 36.26215 36.45154 36.30955 35.70712 36.71858 -128 36.76299 36.31339 35.29542 34.31248 33.16355 34.34819 34.77771 33.46104 35.49355 35.69204 35.88044 36.01065 34.60207 34.46526 35.55536 36.50832 36.83793 37.58316 38.49207 39.11472 39.65843 39.57265 38.66564 32.07306 29.35316 27.49004 24.34074 21.77383 20.32186 18.4653 16.8674 16.07729 16.12263 14.66293 13.32358 21.13502 28.73153 31.4451 36.13406 34.15645 34.80913 35.81683 37.85855 36.34113 36.74776 35.52165 36.05709 39.1848 39.92277 39.75372 39.08812 37.8632 32.27571 25.77807 23.79617 26.00276 28.12466 26.26808 21.35566 25.24916 26.42044 25.29857 27.58933 26.3848
-128 33.4633 32.20774 34.20604 31.02367 31.37994 35.18036 35.77669 -128 36.78929 36.55905 36.77785 -128 -128 36.65613 36.40117 35.81123 35.08353 35.31373 33.97928 34.49581 35.37725 35.5671 34.62793 35.122 36.94547 36.79319 36.74897 36.63032 36.93129 37.67559 38.4507 38.92627 39.50822 39.19382 34.73158 33.22233 32.02503 27.93609 24.33663 19.02739 17.94583 17.858 16.70088 15.50792 14.34161 13.21653 12.16144 20.44208 30.42995 29.69379 29.80487 25.01259 22.50191 32.02915 32.86882 34.67483 37.87027 39.48227 39.46815 39.71579 39.37301 37.19061 35.30997 35.56985 30.00337 27.26443 21.47445 23.55865 23.62737 21.32533 23.20042 24.62201 25.23707 25.35414 31.69788 32.46716
-128 35.10717 33.03409 29.66962 29.75903 32.16542 31.36398 34.17806 36.39288 -128 -128 -128 -128 -128 -128 -128 -128 36.34523 36.25224 36.06956 35.43742 35.45293 36.22169 36.05492 36.8135 36.97308 37.02284 36.97729 36.91595 37.11472 37.6117 38.08643 38.48678 39.03456 38.14949 34.56522 29.89331 28.1958 25.61874 23.29449 19.76353 17.37116 16.28343 15.42466 13.8295 11.92064 11.96097 12.68634 13.61069 19.24605 23.08366 23.1105 20.53372 23.06787 29.05761 28.76726 33.60954 37.36456 39.2267 38.08591 38.22371 34.89975 32.5755 30.22378 32.01923 31.35762 29.1641 25.65833 19.71982 22.40426 24.67179 24.55324 23.0264 26.62033 28.95386 30.28994 33.36671
-128 -128 35.00333 30.06802 30.52295 30.4758 33.04299 34.02004 35.30283 -128 -128 -128 -128 -128 -128 -128 -128 -128 -128 -128 -128 35.88501 36.12776 35.58196 35.72915 36.09254 36.81859 36.95368 -128 -128 37.86558 38.0376 38.23825 37.58567 35.65142 34.02974 30.29739 27.77219 25.68922 21.37843 19.24535 17.69081 16.1329 14.90107 13.98124 13.68067 12.43566 13.94506 13.97157 22.39871 30.84443 23.56236 21.3334 22.74582 23.32114 24.69551 36.95798 37.54165 38.00391 34.12877 34.03091 29.78374 29.37331 27.01726 29.62245 26.39298 26.45678 25.51445 19.05855 19.86701 23.68051 21.00929 24.00005 24.52155 23.32321 21.97253 -128
-128 -128 -128 35.40366 31.80909 32.19146 31.58682 34.26198 36.43364 -128 -128 -128 -128 -128 -128 -128 -128 -128 -128 -128 -128 36.46552 36.525 -128 36.7504 36.76883 -128 -128 -128 -128 -128 38.29221 38.29077 34.87023 33.53482 32.27006 31.70554 30.89144 28.31447 22.37845 18.10347 15.75177 14.29558 13.81211 13.01396 11.59432 8.49961 16.40048 19.60498 26.05671 30.46214 33.29226 25.64922 23.17625 20.5458 25.72645 37.38205 38.61983 36.0459 31.24151 29.66676 26.3065 29.14248 26.86509 28.08469 27.12477 25.97143 24.36804 21.8014 18.90893 23.57681 20.63357 21.16065 19.08494 19.26267 -128 -128
-128 -128 -128 -128 35.77973 35.76172 36.02589 -128 -128 -128 -128 -128 -128 -128 -128 -128 -128 -128 -128 -128 -128 -128 -128 -128 -128 -128 -128 -128 -128 -128 -128 38.216 38.34068 38.16481 37.24181 35.40087 34.43673 32.02961 28.28758 24.73787 16.55273 9.572689 9.935036 12.23997 12.1009 10.13462 9.930319 21.01665 26.4544 31.61946 31.72346 34.42337 32.99646 32.99757 30.28865 29.97803 38.63218 37.99285 31.70489 25.84213 25.65763 27.08276 27.13681 26.85449 29.12566 26.40477 24.83939 28.14582 23.81938 19.58099 25.07632 19.71011 19.6723 17.25769 15.82183 15.30401 20.38755
-128 -128 -128 -128 -128 -128 -128 -128 -128 -128 -128 -128 -128 -128 -128 -128 -128 -128 -128 -128 -128 -128 -128 -128 -128 36.38038 35.56301 35.10613 35.55443 36.53803 36.97567 35.97498 36.44778 36.22463 36.27906 36.23898 30.41703 29.85895 25.82773 23.16194 19.55161 12.25321 7.844146 11.35011 11.68251 11.79964 14.733 23.21534 28.26304 30.46807 27.56219 30.03402 26.88005 27.50587 32.32431 30.57957 30.90701 36.38634 34.05261 27.85503 24.17029 24.76306 24.53772 26.12872 29.56391 32.20631 34.01431 33.84789 33.16368 29.24918 30.2209 19.20071 23.28707 18.98753 19.37506 16.06568 17.09736
-128 -128 -128 -128 -128 -128 -128 -128 -128 -128 -128 -128 -128 -128 -128 -128 -128 -128 -128 -128 -128 -128 -128 -128 36.28785 32.82577 30.87425 32.20012 35.09242 35.77385 36.02023 33.87398 32.40233 33.53012 35.54271 29.91599 31.28894 29.1955 25.55275 20.22 19.2775 13.89491 7.442548 11.35247 12.34192 12.62936 17.07224 25.40889 29.91753 30.5243 27.72678 26.35469 23.17471 23.4482 25.364 25.40288 29.69983 32.00701 35.81979 29.51678 26.57473 31.26047 34.52071 34.70627 36.1702 36.58419 34.93163 32.71081 32.78616 31.91378 33.50008 31.69758 30.28413 24.33463 17.60986 18.40106 -128
-128 -128 -128 -128 -128 -128 -128 -128 -128 -128 -128 -128 -128 -128 -128 -128 -128 -128 -128 -128 -128 -128 -128 -128 36.14947 35.58974 35.50805 35.6209 -128 35.64818 35.94824 35.65521 34.28555 36.04417 32.76822 27.2658 26.16383 24.60001 24.15716 22.5162 17.48937 11.04835 6.466897 9.27645 13.50206 15.81461 18.63181 23.64354 29.67154 25.57113 31.40044 33.37519 32.36263 32.33807 34.60137 35.95113 37.00403 36.29712 38.2887 37.18348 36.63392 38.09404 34.60904 35.36549 34.83003 34.25745 32.93837 31.97259 30.67491 27.38117 27.40326 25.43807 33.08906 32.42239 22.49286 23.49166 29.78863
-128 -128 -128 -128 -128 -128 -128 -128 -128 -128 -128 -128 -128 -128 -128 -128 -128 -128 -128 -128 -128 -128 -128 -128 -128 35.79276 35.56962 -128 35.14096 35.3113 35.60517 35.92197 35.00706 34.11084 33.9814 30.31918 30.33042 27.66849 25.0572 19.47891 16.57777 13.51635 11.55623 8.433277 3.686625 15.65352 23.79637 27.20322 31.53566 27.38877 28.29757 31.30796 30.93903 29.04212 27.94078 28.94758 34.12621 35.40991 33.42484 32.34572 34.39785 37.01912 26.49121 27.74325 30.6698 34.03842 33.76488 35.779 37.44614 39.21849 38.22857 38.1285 33.68528 29.17116 34.36948 35.2548 35.54733
-128 -128 -128 -128 -128 -128 -128 -128 -128 -128 -128 -128 -128 -128 -128 -128 -128 -128 -128 -128 -128 -128 -128 -128 -128 -128 -128 35.0402 33.04471 33.33733 33.04602 32.18375 31.10933 32.11188 30.37075 33.2108 30.22888 24.63408 22.31561 18.51147 17.5018 14.93764 13.57627 11.91908 4.013303 11.78169 23.77334 26.3654 32.98714 32.90432 25.69874 25.79934 26.01207 24.48633 27.9105 29.55086 33.73843 34.67363 30.63353 29.56251 35.61716 38.15059 35.6109 34.13297 37.94482 38.40575 37.12155 38.14321 38.31782 36.92064 35.31974 36.3475 39.575 35.70736 36.19939 36.35659 35.76399
-128 -128 -128 -128 -128 -128 -128 -128 -128 -128 -128 -128 -128 -128 -128 -128 -128 -128 -128 -128 -128 -128 -128 -128 -128 -128 35.04295 33.81738 30.73414 29.56716 31.3203 31.18253 33.77693 29.89213 27.80203 30.0031 26.95419 26.8221 22.66265 20.46171 19.81369 17.82438 17.22653 14.88878 10.35022 8.955427 17.79496 25.13334 30.93924 34.02198 35.31949 23.77136 27.73728 28.58851 32.39275 36.92006 40.0377 40.04387 39.74632 39.39944 39.40107 35.72574 38.36863 36.25222 36.71609 30.79602 29.68806 28.38123 25.88741 26.4234 30.25054 35.78553 39.25491 40.26946 41.89138 -128 -128
-128 -128 -128 -128 -128 -128 -128 -128 -128 -128 -128 -128 -128 -128 -128 -128 -128 -128 -128 -128 -128 -128 -128 -128 -128 35.17982 34.60486 31.59016 27.41318 29.65599 32.12029 30.60395 31.8031 30.64402 28.98989 28.97187 29.75929 26.35573 24.25332 22.79984 22.02236 18.91593 18.81821 18.2532 16.66122 7.767689 16.9984 19.99763 23.121 27.04657 30.46782 34.07355 34.94846 38.82481 40.51175 39.08389 40.36948 37.00482 37.84049 38.97823 38.47255 36.73706 35.77295 30.6993 25.42799 23.9449 24.11865 23.48777 23.41434 26.43554 31.23334 25.33961 27.61318 35.76862 -128 -128 -128
-128 -128 -128 -128 -128 -128 -128 -128 -128 -128 -128 -128 -128 -128 -128 -128 -128 -128 -128 -128 -128 -128 -128 -128 35.37927 34.69335 33.26156 29.48883 29.27564 31.29705 30.55338 29.37807 28.33015 29.41577 24.51879 25.25146 25.58763 24.69972 23.85164 23.37072 24.56615 22.87758 21.57852 19.34895 16.3992 13.63081 22.59404 24.74898 26.54429 27.14373 29.11215 32.65258 28.86549 25.93452 28.77644 35.28763 39.65575 35.43353 37.0421 38.08891 35.43336 35.66661 29.36811 22.85918 24.17032 24.24194 29.38191 29.38235 29.65888 32.0513 25.92108 22.88325 -128 -128 -128 -128 -128
-128 -128 -128 -128 -128 -128 -128 -128 -128 -128 -128 -128 -128 -128 -128 -128 -128 -128 -128 -128 -128 -128 -128 -128 35.30747 34.81086 32.13242 31.64012 31.39222 30.37381 27.18473 27.95201 28.47926 28.35135 27.26531 25.84232 23.94418 24.61158 27.15699 28.01665 26.57979 23.38306 22.04305 18.20928 13.67068 21.10348 24.95223 23.27985 25.86932 26.51845 23.62832 26.17863 23.04899 23.49005 28.14318 37.76124 36.66881 35.23289 37.42422 33.04492 27.53792 30.7939 33.19588 25.978 25.91283 32.9491 32.56463 31.51368 31.29527 29.72842 23.79894 -128 -128 -128 -128 -128 -128
-128 -128 -128 -128 -128 -128 -128 -128 -128 -128 -128 -128 -128 -128 -128 -128 -128 -128 -128 -128 -128 -128 35.34631 35.4434 35.36598 34.92672 31.74905 30.7648 28.69956 28.25887 30.65603 30.35926 27.9656 24.83545 27.09017 29.58751 26.28791 23.31809 26.42051 31.668 28.69815 26.90501 26.0602 23.67428 19.77281 23.16926 28.89211 31.50209 31.88654 24.08026 23.4557 23.96668 25.04037 23.04541 32.69549 38.49832 32.77671 33.64362 32.39598 25.16618 25.33938 26.89766 33.16028 33.58713 32.40785 28.79509 30.42201 29.31895 31.38543 -128 -128 -128 -128 -128 -128 -128 -128
-128 -128 -128 -128 -128 -128 -128 -128 -128 -128 -128 -128 -128 -128 -128 -128 -128 -128 -128 -128 -128 35.22139 35.33509 35.36875 35.07972 34.26839 34.53201 33.58061 30.27355 27.97724 29.10011 27.37835 27.27585 30.85087 27.27131 25.63508 25.07854 24.08112 25.52416 31.9827 34.30052 33.6745 30.52441 24.38484 22.67242 19.23853 23.4607 22.11551 28.01592 33.56906 31.89988 31.48045 33.41608 31.4622 28.84013 27.91672 37.34945 30.27588 29.09686 31.11284 24.03136 22.17508 27.56144 30.11869 22.53865 20.27117 21.90016 22.29777 26.2209 -128 -128 -128 -128 -128 -128 -128 -128
-128 -128 -128 -128 -128 -128 -128 -128 -128 -128 -128 -128 -128 -128 -128 -128 -128 -128 -128 34.87427 -128 35.23866 34.60007 33.29371 33.95605 31.46334 33.01653 34.50989 32.741 31.93624 32.8073 32.09969 32.18792 27.53803 28.05714 28.14516 26.77661 24.89267 26.70238 29.35271 34.25188 30.17133 28.26262 28.55269 26.14908 22.74553 26.08151 28.37538 30.82825 29.32787 28.91197 32.38871 37.20117 26.81063 26.78711 28.77091 35.81812 27.50982 20.56172 27.03825 28.22952 21.3261 22.30244 29.45246 24.66618 19.43777 15.88286 8.602247 -128 -128 -128 -128 -128 -128 -128 -128 -128
-128 -128 -128 -128 -128 -128 -128 -128 -128 -128 34.82515 34.87401 -128 -128 -128 -128 -128 -128 -128 34.93444 35.08822 34.67386 34.78114 34.57779 32.33643 31.60945 33.555 34.06102 34.91264 34.41245 33.37152 32.42233 33.12898 31.69056 27.64296 27.58153 23.94531 23.96715 24.87067 26.64743 33.96841 32.05621 28.76841 29.30808 29.98199 27.07191 21.72575 23.23602 25.7738 26.09951 25.65872 30.52087 36.72236 35.93976 34.91654 32.0164 30.7052 35.91201 27.88095 23.63735 23.06483 25.39818 17.79227 25.00606 28.25415 20.03283 9.951479 14.27015 -128 -128 -128 -128 -128 -128 -128 -128 -128
-128 -128 -128 -128 -128 -128 -128 34.5957 -128 34.59478 34.66496 34.71734 34.82522 34.88232 34.97766 35.07539 35.07601 -128 -128 -128 34.72126 32.42597 33.49673 33.55701 33.65513 33.51991 32.2276 32.19502 34.34769 32.32192 30.79984 30.32649 29.79718 26.4489 26.51728 24.16849 23.27511 24.37847 24.21126 32.42671 30.61849 26.46043 24.34761 25.19966 24.68588 25.56627 26.21989 28.2293 27.97006 27.28017 32.72971 37.58511 38.44817 36.8473 32.81446 25.66267 25.59177 34.93965 29.07265 23.40845 19.74383 24.42442 22.35146 26.73186 25.89054 20.38288 19.88692 -128 -128 -128 -128 -128 -128 -128 -128 -128 -128
-128 -128 -128 -128 -128 -128 34.452 34.13757 33.94176 33.94662 34.2069 34.19215 34.04853 34.3726 33.83753 34.56309 35.11916 35.09005 -128 -128 34.92669 33.55358 33.0163 32.57992 33.83375 33.45388 32.29277 32.43598 34.59287 34.11913 32.99842 31.34982 30.99332 29.30766 27.69457 24.9188 26.49943 28.67756 26.73 32.47359 30.58669 25.83784 23.3204 26.48006 26.63932 24.79587 24.52959 28.25661 35.4094 35.23656 36.92454 31.92459 32.39422 32.72607 25.2558 24.43901 25.46438 30.09019 32.1894 23.92972 23.45633 25.18551 22.0717 23.4523 20.26286 18.62511 -128 -128 -128 -128 -128 -128 -128 -128 -128 -128 -128
-128 -128 -128 -128 -128 -128 34.34897 34.06812 33.73843 33.61043 33.10173 33.83053 34.44251 34.86543 35.06776 34.95937 35.00679 35.08725 35.13504 -128 35.33537 35.40644 35.48287 35.37467 34.55254 35.00455 35.67458 34.8343 34.33791 34.76307 33.97711 32.60219 31.52465 33.39172 29.04674 25.53203 25.51155 29.05527 30.69677 33.61901 34.62676 32.50826 31.15147 32.88422 28.50184 32.7926 32.80649 32.95948 31.83899 26.11924 29.92971 27.80492 26.07274 26.84514 27.92099 24.6909 22.87972 22.74821 28.61289 30.66592 27.76559 19.68544 19.77543 22.4376 21.70997 -128 -128 -128 -128 -128 -128 -128 -128 -128 -128 -128 -128
-128 -128 -128 -128 -128 -128 -128 -128 -128 34.2707 34.32361 34.39678 34.58864 35.07627 35.18044 35.17035 35.04021 34.51524 34.9379 35.0596 33.85525 34.49309 33.66012 34.80229 34.48967 33.11281 33.57122 31.43029 33.02154 32.13877 31.20684 31.84106 33.62587 34.26888 33.66608 33.49183 33.78051 34.34634 35.48775 35.97747 35.86414 35.8173 36.66593 36.2226 33.70805 33.87466 28.0569 27.38787 26.13863 23.55071 24.4024 27.24245 25.6564 24.0179 26.65247 26.43582 24.09366 20.19362 23.23095 28.82272 23.98915 18.61232 22.80028 25.5513 24.79411 -128 -128 -128 -128 -128 -128 -128 -128 -128 -128 -128 -128
-128 -128 -128 -128 -128 -128 -128 -128 34.23288 34.32988 34.50895 34.60009 34.62205 34.86586 34.92528 34.96084 34.43505 34.2449 35.02261 35.19333 34.83646 34.3252 34.70284 35.01984 34.3483 31.95368 31.17567 30.96941 28.58416 31.07756 31.06885 31.78922 33.40042 34.15378 31.3202 31.9481 33.73659 33.76793 34.23782 35.87104 36.09835 37.29862 35.76484 35.75816 36.52947 29.68382 25.79527 30.55638 25.61367 23.32363 22.61207 24.97982 25.32352 23.20085 24.37916 27.85612 23.14979 21.72264 21.42021 25.90824 24.96939 24.87131 25.96883 25.66002 22.0195 -128 -128 -128 -128 -128 -128 -128 -128 -128 -128 -128 -128
-128 -128 -128 -128 -128 -128 -128 -128 34.11894 34.21761 34.16038 34.22174 34.37618 34.06577 34.46669 33.90307 34.165 34.19998 34.87516 34.94734 35.18009 35.18535 32.65618 34.72766 34.65829 34.64188 33.96643 33.53231 29.33842 29.75078 29.43855 30.27815 33.68872 33.73726 30.79224 34.47354 34.54193 32.97536 35.40919 35.83336 35.12139 36.76656 35.19592 32.69959 36.25381 35.47301 31.45116 34.6404 31.52531 29.18836 23.73431 27.70664 23.54512 22.66716 26.50513 29.04721 26.34621 24.12206 18.53926 21.49094 25.07295 23.71637 28.47625 24.178 -128 -128 -128 -128 -128 -128 -128 -128 -128 -128 -128 -128 -128
-128 -128 -128 -128 -128 -128 34.06805 34.07525 34.0539 34.08308 34.17464 34.20943 34.16351 34.80191 34.73477 34.24042 33.72979 33.05384 33.85958 34.03659 35.2939 35.42323 34.04512 32.88886 30.56776 32.41451 33.93968 33.76947 34.06643 34.19786 34.42559 34.32805 34.15082 35.22849 35.74329 -128 36.32558 36.64914 -128 37.09266 35.4872 36.85292 33.81048 34.27292 35.10143 34.90885 35.1001 33.07062 31.19589 34.43967 34.77589 32.81189 26.123 25.7012 28.63549 28.30701 21.4592 20.81043 18.65087 20.28969 23.16095 27.21239 28.71218 27.37087 23.52076 22.39048 -128 -128 -128 -128 -128 -128 -128 -128 -128 -128 -128
-128 -128 -128 -128 33.97621 33.91058 33.74645 32.99496 33.90703 34.13364 33.85759 34.29985 34.46328 34.06677 34.17476 33.05017 32.28881 32.91398 34.26503 34.93222 35.17327 35.2299 31.17097 30.70869 29.93641 31.12535 32.42316 33.41599 33.88881 29.26323 29.92955 30.48678 30.08575 33.14896 34.44927 34.99537 35.67591 36.19431 36.78819 37.07412 -128 37.70914 37.78351 32.22142 29.39239 30.08953 27.69883 28.91155 31.67654 32.13334 27.46463 34.4562 29.67088 32.68428 30.90504 29.1795 22.20267 24.71973 22.04367 17.7881 23.39272 27.75986 25.87611 26.25749 28.47378 21.53717 -128 -128 -128 -128 -128 -128 -128 -128 -128 -128 -128
-128 -128 -128 33.55433 32.71971 32.32445 32.49474 32.51202 33.59468 34.12981 33.7564 33.99957 34.35265 33.98459 33.51412 33.52415 32.5973 32.27254 33.19696 34.14183 35.00317 -128 33.40965 31.31897 33.19908 30.05823 28.64404 30.04079 32.35522 31.19296 27.71052 30.1605 29.15874 29.36766 27.43012 25.70277 32.1112 35.10982 33.57167 35.63674 36.42532 36.89375 35.92458 36.36102 30.45065 26.82104 28.37379 30.24639 30.58376 32.12462 26.24965 32.19883 24.25192 26.34368 29.18369 32.37602 24.44121 27.63995 24.93302 23.38884 28.97991 26.65146 24.99315 27.05734 29.47396 22.77508 22.94556 -128 -128 -128 -128 -128 -128 -128 -128 -128 -128
