formato/VCI/bioclim_16.asc
ncols         186
nrows         781
xllcorner     -75.7
yllcorner     -56.55
cellsize      0.05
NODATA_value  -9999
[rows 612 to 645 of 781, columns 0 to 76 of 186]
-128 -128 -128 33.53631 31.59416 30.60742 30.36359 31.59694 33.02625 33.52651 33.74529 31.73995 32.45133 31.83766 32.51048 33.22519 33.59485 32.60861 34.15052 34.41746 34.311 34.7396 34.50433 34.13313 32.74754 30.21487 27.94233 28.38223 29.65789 30.25272 29.25406 28.80283 28.42766 24.46708 24.53554 27.70842 31.88851 29.61802 32.46152 33.45205 32.52756 33.42783 35.76343 36.49979 36.37613 31.29205 28.86552 30.303 30.39592 33.50095 26.43341 34.13834 29.0503 24.2419 28.19117 30.21369 28.51125 29.69598 29.06872 28.87394 23.37886 21.56339 23.12089 28.36973 30.41854 28.25492 25.62957 22.47955 -128 -128 -128 -128 -128 -128 -128 -128 -128
-128 -128 -128 33.74242 32.7363 30.48441 30.81797 30.93632 32.01788 33.77122 34.34438 32.60589 32.69785 29.51919 28.50157 30.93593 32.09864 33.19108 33.15685 33.06018 33.39172 34.24207 34.34684 31.8646 31.41998 32.01541 30.29562 29.32783 29.10419 32.28739 30.53947 28.29811 26.61062 27.54593 24.43044 27.39778 29.14362 26.13633 29.01941 31.20407 25.83884 28.38024 34.09993 35.38871 35.38065 34.00746 34.53581 34.59016 32.10661 26.72008 29.15759 31.29407 31.93633 24.50935 24.09395 27.27888 23.29804 24.95257 29.14839 26.77579 23.86275 23.07686 22.52744 20.89838 23.54569 27.8843 30.78725 30.29228 -128 -128 -128 -128 -128 -128 -128 -128 -128
-128 -128 -128 33.67328 33.60299 32.11633 31.30727 31.32802 31.87421 33.90611 34.38799 33.33553 32.74785 29.69227 30.26811 29.66346 31.75558 31.759 32.40192 32.83626 32.60092 33.65675 34.11314 30.01122 31.73153 29.71257 30.90559 32.78522 32.5176 32.4602 28.87735 30.05977 26.34418 26.82579 24.07187 25.35219 27.23291 26.17215 26.06926 30.06196 25.66903 29.72199 33.55697 33.61435 34.0651 32.21508 29.41564 34.01527 32.67288 29.94944 31.75713 26.01455 29.30221 25.92114 21.75762 24.47344 20.27827 24.21558 21.58776 27.28936 29.35402 24.88353 27.78934 23.26702 24.44875 23.04027 26.84523 33.34776 34.01292 -128 -128 -128 -128 -128 -128 -128 -128
-128 -128 -128 33.55479 33.61963 31.26993 30.78475 31.60696 31.87888 32.29988 33.74156 34.33593 31.39458 30.51331 29.5459 27.95089 28.75902 31.24196 32.55224 30.73379 29.87755 33.40029 34.0202 33.50327 30.49513 28.32134 30.18569 32.02263 33.0469 33.36908 29.00907 27.2564 28.0914 28.3891 26.67734 25.49336 29.89592 26.49444 24.81799 27.12322 26.44737 31.40832 26.88517 30.11177 32.23558 29.91208 26.41053 32.30241 29.28719 26.66749 31.52722 26.50087 24.54916 29.62339 24.80936 22.3625 21.71238 26.67751 23.11693 20.73099 31.25173 30.72132 31.43963 31.07106 31.86543 30.1443 28.98579 32.69381 32.36294 33.79475 -128 -128 -128 -128 -128 -128 -128
-128 -128 33.41738 33.5033 33.48991 32.92375 32.40751 32.13689 31.66278 31.9119 32.60722 33.43274 33.21534 31.05934 28.02743 27.23899 28.5756 30.50285 32.2357 30.7824 27.88827 31.37968 33.20566 34.08022 31.86563 30.78263 31.49825 28.71295 30.90062 32.74278 31.76827 30.56078 29.80174 28.7327 28.31546 30.54934 28.60431 25.42337 24.6051 22.25954 28.25702 24.01144 22.97606 26.04235 29.14025 24.73413 26.20464 29.16031 31.69329 29.20533 25.87258 25.80814 26.95238 30.78964 29.09185 24.47555 25.65635 27.79982 22.24429 21.71605 27.93305 31.26767 31.12189 31.49399 32.14693 28.14564 27.53464 27.32501 31.88441 33.96301 -128 -128 -128 -128 -128 -128 -128
-128 -128 33.32383 33.34814 32.91628 30.67321 31.00162 31.95692 32.6538 30.84633 31.74538 33.06773 33.6324 32.53061 29.37469 29.00395 30.51827 32.7316 32.75385 31.54397 27.18586 30.94868 32.85434 33.89499 34.06083 31.58992 30.49062 31.2375 29.84922 31.6609 30.90729 30.52323 31.43859 29.75992 27.78374 29.5198 27.82442 27.94987 27.71129 25.53443 20.244 15.29061 16.53056 23.49849 24.16935 20.52775 23.40083 26.44053 27.55662 22.37841 24.31907 25.6451 24.65824 25.08873 29.3704 28.01504 30.01343 25.1786 21.83583 21.5431 29.22568 31.81807 32.79745 32.7794 28.90785 25.04282 25.0316 24.30596 27.45432 33.41492 -128 -128 -128 -128 -128 -128 -128
-128 33.21294 33.24986 33.12154 33.08878 32.50478 32.27588 32.41326 32.50515 32.01259 32.00562 32.88386 32.3252 33.49154 29.88966 31.40219 30.16454 31.5979 32.18458 33.60725 33.11065 33.25363 34.05303 34.19547 34.08295 30.13259 31.47237 32.25578 31.76962 31.07901 30.71539 31.02105 26.83457 29.95975 32.88705 31.83113 31.90065 30.58241 27.7466 22.45609 19.84793 17.9778 20.51459 21.07881 19.06402 13.71606 14.07333 19.57372 22.75041 20.67911 22.2108 18.70775 22.90321 28.60554 28.83072 29.08381 31.41168 28.76664 25.71014 20.55943 22.87602 32.68874 33.36352 31.28895 24.02504 21.47 20.83758 -128 -128 -128 -128 -128 -128 -128 -128 -128 -128
-128 33.12955 33.06777 32.66422 31.25524 31.4237 31.15462 31.56687 31.45514 29.481 30.99226 31.95543 32.24907 33.09115 33.10666 29.46074 28.08225 28.45679 31.88017 33.34509 32.62077 29.2706 32.60475 -128 34.1504 33.66951 29.24216 27.49332 28.73597 31.50564 30.69172 32.03233 32.30613 30.69526 30.73915 25.47113 27.96765 26.34409 23.13672 17.53738 14.70843 14.1654 16.80334 17.0354 11.71189 8.871954 9.339846 8.179523 15.01127 17.26573 15.127 13.05783 20.21977 27.51419 23.58799 24.48349 25.4683 29.79661 31.3141 25.50628 30.03902 31.62763 33.54221 27.50421 25.67366 21.55732 16.08769 -128 -128 -128 -128 -128 -128 -128 -128 -128 -128
-128 33.03415 32.94091 31.8748 30.44725 30.59055 31.16867 31.17933 31.62841 31.27419 29.37618 30.16538 30.11931 32.77312 33.22623 29.39684 29.45907 27.36961 30.75094 31.36471 28.93041 27.95655 33.1747 34.39417 -128 34.36726 33.06944 31.4798 31.84024 28.66627 28.32698 28.42881 31.08221 33.69479 32.24765 27.34664 22.22327 22.22178 21.87049 19.23464 12.9988 11.14925 12.3391 11.9167 9.769004 9.589507 8.480004 7.556277 9.460786 5.763956 4.603083 11.89593 19.43688 20.60709 22.5571 25.26719 22.4024 29.37757 31.59875 27.91762 25.95828 26.93465 33.78125 26.32071 20.77702 20.73776 -128 -128 -128 -128 -128 -128 -128 -128 -128 -128 -128
-128 32.92582 32.77062 30.57114 30.94714 30.38522 30.35443 30.47299 31.37034 31.88856 31.01294 29.76853 29.78655 31.85695 33.47162 31.8808 30.33245 29.87185 30.62694 30.15274 30.52259 28.30955 30.9237 33.56038 34.03345 34.09953 33.80738 30.87237 25.5788 24.52624 25.89133 25.63819 26.79417 30.69092 32.46942 33.08699 29.87661 26.61392 26.23266 18.57595 13.67233 10.66476 10.92238 10.86819 10.43489 10.55986 9.872817 10.83351 11.69528 14.56402 11.34985 13.30684 20.15263 23.33982 22.34519 25.68895 21.57155 29.67124 32.80208 23.04518 25.84311 24.30575 33.76546 -128 -128 -128 -128 -128 -128 -128 -128 -128 -128 -128 -128 -128 -128
-128 32.78764 32.83559 31.47834 30.79138 31.31215 30.46495 30.3356 31.96431 32.29295 30.54711 30.26912 31.66861 32.9254 33.58363 33.74624 31.78033 32.07615 31.40086 31.12262 32.8187 29.27254 27.99749 30.94086 32.46614 34.09423 34.16594 31.61463 27.08371 28.08821 28.34721 25.40293 26.33172 30.55236 30.03315 27.75528 31.54864 28.82094 23.02516 15.81798 12.08683 11.55545 11.34655 10.93206 10.84011 10.97129 10.72456 11.05713 16.75601 23.51035 19.47303 26.21052 19.50909 22.92272 29.60279 20.76508 20.88055 28.76947 33.74419 25.19708 24.44357 29.45103 30.26391 31.47326 -128 -128 -128 -128 -128 -128 -128 -128 -128 -128 -128 -128 -128
32.60048 32.71654 32.64765 31.40304 30.93631 30.43072 29.87526 31.59718 32.55544 32.90757 32.08086 32.14024 32.026 31.74627 33.2299 32.98198 31.07949 31.66727 33.28588 31.43895 32.54875 32.99303 32.31276 30.24296 32.91143 33.98025 -128 33.46804 31.91237 29.16213 27.74646 27.79449 27.94464 26.87884 32.26688 31.43575 30.75389 27.0038 24.79609 19.22897 14.88649 13.72459 12.99109 12.30341 12.05493 11.64881 9.907906 9.142173 15.87099 25.47575 23.4418 30.86738 30.36049 28.47275 30.75775 21.42805 20.71505 30.70453 34.30012 23.85888 21.37793 25.66028 30.6213 33.79859 -128 -128 -128 -128 -128 -128 -128 -128 -128 -128 -128 -128 -128
-128 32.63266 32.54043 30.97201 29.85832 30.87169 31.94476 32.51838 33.01715 33.20256 32.19166 31.08627 31.30569 32.58456 33.09174 32.31744 32.47977 31.52049 32.74874 30.04733 28.60224 31.04788 32.95781 31.48204 31.9584 -128 33.66306 33.10555 32.21024 28.52995 28.43996 29.45173 32.67173 33.46825 33.18957 30.36151 27.27196 24.61179 23.41091 18.9862 17.32823 15.64458 14.81654 13.28492 11.5439 8.692677 11.41607 13.36242 11.87645 22.5747 30.04601 21.45728 24.77847 29.44501 34.16969 33.19633 28.58862 32.1463 34.78618 26.48956 22.81333 24.16474 29.87495 35.77329 -128 -128 -128 -128 -128 -128 -128 -128 -128 -128 -128 -128 -128
-128 32.55023 32.54285 31.66954 31.97519 31.45739 30.8085 32.47456 32.91679 31.74788 31.90672 30.19463 30.35316 32.93377 32.69179 32.91269 30.57329 29.57177 32.23237 27.33658 29.05635 27.93734 31.29301 28.5779 32.37539 33.3059 31.45875 29.1006 30.76841 30.04941 27.20914 25.43389 25.72686 27.71547 28.25029 27.92073 26.14161 23.89473 22.1972 19.95536 18.41442 16.30145 15.08492 14.36495 12.70698 10.99041 14.90083 17.65281 17.89004 15.31047 16.50265 18.7414 23.5409 26.18521 30.34678 35.54545 35.016 35.97045 35.1598 29.16299 20.76955 22.95922 30.31092 38.12625 -128 -128 -128 -128 -128 -128 -128 -128 -128 -128 -128 -128 -128
32.36942 32.49535 32.37132 31.70908 31.53093 31.54693 30.45793 30.85423 30.76731 30.68357 31.03144 30.26905 31.37529 32.7747 30.57304 31.15034 32.50708 31.28085 31.20233 30.25086 30.20314 28.67493 30.19732 28.30427 31.79587 33.12275 27.80935 27.69056 26.37785 28.9455 31.22019 28.44639 26.69391 29.22033 28.59173 27.48894 25.9513 24.02249 22.7213 20.61543 18.4898 16.46923 14.83659 13.76997 14.76952 16.26723 17.78098 19.58013 19.68758 17.99341 16.10543 20.58131 26.45316 32.89035 34.76461 35.86773 35.39389 33.52705 34.75725 35.31077 32.06614 31.61412 36.84506 35.53305 -128 -128 -128 -128 -128 -128 -128 -128 -128 -128 -128 -128 -128
32.29764 32.3895 31.44979 30.11872 30.16016 29.09877 29.29429 29.12766 29.39835 31.62792 30.57718 31.14941 31.80947 33.11348 33.00828 32.09998 30.86113 29.6783 28.48571 27.14835 27.78894 28.17808 27.42173 28.66747 31.51691 32.94617 30.89467 27.92923 24.9491 27.9643 28.9413 31.06628 30.07186 28.74282 27.74851 27.95449 26.53638 24.17613 22.78192 21.08987 18.89966 16.80132 16.27609 15.71902 16.02898 17.49664 19.2486 21.46775 23.60302 27.03439 25.58744 26.10098 33.91363 34.76221 34.85705 34.55071 26.81203 25.51099 31.64198 35.03248 36.71516 37.57211 -128 -128 -128 -128 -128 -128 -128 -128 -128 -128 -128 -128 -128 -128 -128
32.23665 32.3362 29.84467 30.20866 29.22066 29.74782 29.25582 30.21237 30.94937 29.74684 30.13245 31.27851 32.16385 32.95026 33.48704 32.07902 29.55329 29.2886 31.46756 28.64765 26.07103 26.56788 26.60195 27.80085 29.37673 32.23303 32.97929 31.07375 28.99558 29.3401 28.78295 29.10602 28.94074 26.19386 27.33676 30.15756 29.51673 26.95601 22.88055 19.76678 17.107 15.41169 15.38791 14.88086 15.25561 16.01985 18.35577 20.8009 22.40711 24.81403 29.64426 33.12041 29.07092 29.02676 34.44346 24.40266 23.11438 26.12117 27.27255 29.85678 -128 -128 -128 -128 -128 -128 -128 -128 -128 -128 -128 -128 -128 -128 -128 -128 -128
32.14529 31.94036 31.91927 31.71387 29.73801 28.10657 30.24042 29.75864 30.77942 30.30766 31.41924 32.19868 32.67868 32.62052 32.77869 32.96035 32.20837 32.4321 29.62028 26.35957 25.59792 28.08659 28.32817 25.81806 26.06676 32.096 32.36688 30.85321 27.11875 25.79391 26.31422 28.3326 31.3704 26.94947 27.16378 31.01305 32.50841 27.61862 24.34381 20.70279 19.68807 15.22289 14.06361 12.51958 9.841496 15.87564 17.89736 19.24978 16.07062 16.83965 27.30013 28.85671 26.54168 32.38058 29.5823 -128 27.5553 27.54755 23.42207 -128 -128 -128 -128 -128 -128 -128 -128 -128 -128 -128 -128 -128 -128 -128 -128 -128 -128
32.03617 31.75178 30.58168 30.46145 30.05373 30.89297 30.0443 30.42133 31.5707 29.8304 31.75875 32.56724 31.14791 32.05165 32.00211 31.3252 31.82336 30.27063 30.05357 28.12401 26.76849 26.38429 26.04112 29.20867 29.59374 31.4849 30.94758 30.68825 29.35379 26.75858 24.83232 26.33338 28.71207 32.28082 32.26449 32.08896 29.51505 30.50894 26.95456 26.8249 27.17736 18.55824 10.97838 1.676517 3.196306 13.51879 16.17566 17.37267 15.58894 19.47539 21.72098 25.61128 30.28183 26.58132 23.21471 -128 -128 -128 -128 -128 -128 -128 -128 -128 -128 -128 -128 -128 -128 -128 -128 -128 -128 -128 -128 -128 -128
32.07099 32.13437 32.08749 31.32948 31.24891 28.93061 28.81043 29.47741 29.43743 32.37949 31.75813 29.45746 30.37963 28.34468 28.99099 29.41682 29.36768 32.27421 29.75148 28.69823 25.14451 24.58941 27.0679 22.94224 27.86463 32.00156 32.49325 29.1419 26.71897 26.00968 27.54629 25.74314 26.06527 29.84106 32.87301 28.70259 25.45613 26.13349 25.58335 28.68628 22.87684 16.26171 13.24111 9.238598 3.422791 11.71032 14.90346 16.01649 13.63569 19.73194 23.50385 25.1985 23.67577 21.95382 -128 -128 -128 -128 -128 -128 -128 -128 -128 -128 -128 -128 -128 -128 -128 -128 -128 -128 -128 -128 -128 -128 -128
32.04189 32.06382 31.44928 30.56697 29.73524 28.60874 30.00436 31.29837 31.79598 32.55536 31.46366 31.33344 30.01018 29.624 27.36791 27.75701 28.72653 32.5724 29.47134 26.5534 25.30376 23.99136 26.25197 26.39048 28.13482 32.20649 32.93137 26.05102 25.93497 26.02929 28.79187 28.4734 24.613 26.98761 31.2257 28.5182 27.73454 26.46458 25.48145 25.14253 18.3399 17.12925 16.68434 14.11101 10.08774 11.68255 14.34928 16.06944 17.78983 18.80556 22.84126 19.28334 13.32559 -128 -128 -128 -128 -128 -128 -128 -128 -128 -128 -128 -128 -128 -128 -128 -128 -128 -128 -128 -128 -128 -128 -128 -128
32.02317 32.03127 31.89256 28.77526 28.55188 31.24801 31.51314 32.16363 32.19495 32.19673 31.33101 32.49159 32.9506 32.02602 28.89812 27.8654 28.92297 29.16372 28.79264 25.69557 25.26764 24.84102 25.98291 24.50146 26.25996 30.97211 32.88166 29.72433 29.78691 27.7431 27.20638 31.75707 25.7844 29.07005 31.43489 29.84368 27.2142 26.00548 23.59607 19.55456 18.62793 18.04696 17.60128 16.83679 14.92767 10.18769 13.1529 16.86445 18.86195 20.42183 21.56877 20.74398 -128 -128 -128 -128 -128 -128 -128 -128 -128 -128 -128 -128 -128 -128 -128 -128 -128 -128 -128 -128 -128 -128 -128 -128 -128
32.02053 32.0567 31.9725 31.34074 30.79846 31.74043 31.97441 32.11271 31.79597 32.01067 30.65221 30.83529 31.86815 32.64111 31.74244 28.37703 28.87991 29.3711 27.91788 28.95324 26.26325 26.06687 24.7429 25.48742 25.15903 29.42514 32.50922 25.9139 27.02811 27.91354 29.8949 33.51051 32.472 34.07642 32.65857 27.52091 27.28759 25.15088 23.10291 21.42881 19.77734 18.98146 17.1169 14.19646 12.34587 12.32641 13.96667 16.56283 19.76173 21.53035 21.16279 23.17573 -128 -128 -128 -128 -128 -128 -128 -128 -128 -128 -128 -128 -128 -128 -128 -128 -128 -128 -128 -128 -128 -128 -128 -128 -128
-128 -128 -128 -128 31.90328 30.7548 30.74119 31.63107 29.0233 31.39982 32.37453 32.67489 31.70643 29.33427 30.11582 31.32463 30.82427 25.8812 27.83538 26.48126 25.49104 28.35739 28.22372 23.66264 23.73587 29.20105 32.16918 28.53617 25.10915 24.70665 27.41092 31.37707 34.41663 32.9034 33.09312 31.62935 26.44598 24.94604 20.65001 19.82312 19.45527 18.94436 16.41338 7.479262 3.762055 6.113843 6.597364 12.89537 20.67654 22.50423 22.79333 20.36449 21.94714 22.24918 -128 -128 -128 -128 -128 -128 -128 -128 -128 -128 -128 -128 -128 -128 -128 -128 -128 -128 -128 -128 -128 -128 -128
32.06612 32.14581 32.11584 32.08683 32.08534 30.89735 30.04226 29.42178 30.95463 30.6947 31.00776 31.79769 30.29828 28.4622 26.80382 28.71611 31.29196 29.27885 29.97295 26.70742 25.30059 26.98258 29.5182 26.17451 23.17241 30.29659 32.40658 28.72524 23.4996 26.32215 24.62374 32.11723 34.45395 31.12014 29.73536 32.99543 32.33475 28.87655 28.56472 20.55113 18.74675 18.42646 16.33349 11.2893 5.912115 -0.1757698 6.444299 16.53687 21.73277 23.51407 23.84431 18.9661 19.81629 -128 -128 -128 -128 -128 -128 -128 -128 -128 -128 -128 -128 -128 -128 -128 -128 -128 -128 -128 -128 -128 -128 -128 -128
32.10197 -128 32.17717 32.15407 32.11747 31.41458 27.84724 28.22495 29.8401 30.47439 30.52023 29.95909 27.89489 26.51996 28.70493 28.44137 30.36454 28.5632 30.75938 29.79464 28.97163 25.84702 26.25239 29.75888 26.64479 31.36697 30.15462 25.16161 27.85998 24.61658 27.6041 33.43948 33.99177 27.38523 26.69567 28.34907 28.79647 29.45805 30.82632 22.24715 18.02146 17.83535 16.29939 9.633956 5.890954 4.935496 16.07764 20.10653 23.43539 24.86086 25.37894 22.23981 -128 -128 -128 -128 -128 -128 -128 -128 -128 -128 -128 -128 -128 -128 -128 -128 -128 -128 -128 -128 -128 -128 -128 -128 -128
-128 -128 32.21745 32.1728 31.99022 31.54071 30.10624 30.04124 28.17898 30.63193 30.339 26.96007 28.58304 28.0693 28.7776 30.90048 31.3333 27.54425 27.86136 31.48661 29.29339 29.59289 27.61555 27.66931 27.44402 31.14335 31.18031 30.05143 26.79113 25.03354 28.73971 33.98849 33.69775 28.03023 26.39973 25.40674 26.87632 26.60854 27.04371 25.21654 17.78517 17.05127 16.03441 9.90321 4.297879 13.33887 19.52924 22.01797 25.24808 26.58089 27.99393 -128 -128 -128 -128 -128 -128 -128 -128 -128 -128 -128 -128 -128 -128 -128 -128 -128 -128 -128 -128 -128 -128 -128 -128 -128 -128
-128 -128 32.26099 32.24993 32.05711 32.03997 31.30173 30.87608 29.01887 29.90124 28.57265 28.70696 26.699 29.18211 29.71683 30.27773 28.99511 28.95544 31.07053 28.30287 25.16299 26.97132 26.48975 26.89572 27.33434 29.87838 26.02358 29.2777 30.96095 25.83556 28.54676 33.95905 33.80333 30.218 27.36171 28.48034 26.34512 24.70285 23.17466 22.47806 17.0984 16.62126 15.28146 9.644146 8.523644 15.80208 20.30356 22.81631 24.9726 27.05536 -128 -128 -128 -128 -128 -128 -128 -128 -128 -128 -128 -128 -128 -128 -128 -128 -128 -128 -128 -128 -128 -128 -128 -128 -128 -128 -128
-128 -128 -128 -128 32.35154 32.23217 32.11222 31.84874 31.86918 31.23562 28.60012 28.1461 27.96238 27.99203 30.28515 30.35438 31.647 28.14807 25.98701 28.15199 25.30955 24.03982 24.86136 28.40819 30.23047 30.45519 28.65091 26.93369 29.40936 31.04516 29.72624 33.79459 34.14497 33.51089 32.6909 34.47621 32.08781 32.2164 29.95677 27.03482 16.90164 11.15447 8.200656 10.0591 13.52854 15.30541 18.80277 21.63131 21.74908 22.10071 -128 -128 -128 -128 -128 -128 -128 -128 -128 -128 -128 -128 -128 -128 -128 -128 -128 -128 -128 -128 -128 -128 -128 -128 -128 -128 -128
-128 -128 32.30012 32.37419 32.39067 32.2533 32.02964 31.21925 31.32471 29.64418 28.17492 27.36069 26.91393 30.79916 31.92711 32.66389 31.84588 28.3621 28.53937 28.23827 24.57865 22.49642 23.14314 25.00687 25.89431 30.79163 24.98697 27.64707 28.56445 31.61622 31.41722 32.44957 30.75753 27.76569 33.14285 31.31733 35.00519 31.8269 24.40325 22.25211 14.16365 17.18412 12.80426 13.96513 15.09364 16.5923 18.1298 20.19854 20.83289 -128 -128 -128 -128 -128 -128 -128 -128 -128 -128 -128 -128 -128 -128 -128 -128 -128 -128 -128 -128 -128 -128 -128 -128 -128 -128 -128 -128
-128 32.19682 32.26513 32.04726 31.29019 31.17059 30.5376 30.5661 31.30706 31.01039 29.29854 28.07512 29.43731 30.06031 31.54238 31.97168 30.27954 28.57266 30.4754 29.49407 29.22652 25.26994 25.48356 28.53538 27.92566 30.17144 29.47215 31.40836 28.94248 27.58873 28.97952 28.52483 28.71208 31.24956 31.05399 28.28452 33.74948 32.97429 27.13034 28.07244 17.14137 21.46394 21.44522 14.12015 12.8728 16.28427 18.60233 20.48846 -128 -128 -128 -128 -128 -128 -128 -128 -128 -128 -128 -128 -128 -128 -128 -128 -128 -128 -128 -128 -128 -128 -128 -128 -128 -128 -128 -128 -128
-128 32.17413 32.14747 30.69034 30.503 30.26832 29.85973 29.14782 31.49113 31.43322 30.5731 29.93432 28.34284 29.13394 31.4971 32.3107 28.93481 28.93715 27.59778 26.67311 23.16574 24.54103 26.05689 27.83814 25.13193 26.2032 31.21214 31.13021 25.70152 24.53242 26.15401 27.25827 27.02777 32.48496 28.9597 24.98728 29.45959 30.00745 33.88057 30.69518 24.40679 24.49192 17.03357 9.710641 11.38277 17.16663 19.46253 21.52203 -128 -128 -128 -128 -128 -128 -128 -128 -128 -128 -128 -128 -128 -128 -128 -128 -128 -128 -128 -128 -128 -128 -128 -128 -128 -128 -128 -128 -128
-128 32.15406 32.18929 32.22087 31.69316 29.8591 30.49771 29.44688 29.99371 31.60303 28.69489 27.64562 28.67365 31.10879 31.71962 32.51193 30.95344 29.76998 30.23268 29.03135 24.87525 24.5366 26.6765 27.15967 27.40375 24.64616 30.41247 30.849 26.51814 27.95411 29.8275 29.56186 28.74505 30.96231 30.12744 28.55407 25.28677 25.54531 28.85886 25.97115 30.94207 23.38136 15.9177 10.88967 11.42135 15.00041 18.90797 -128 -128 -128 -128 -128 -128 -128 -128 -128 -128 -128 -128 -128 -128 -128 -128 -128 -128 -128 -128 -128 -128 -128 -128 -128 -128 -128 -128 -128 -128
-128 32.1019 31.3573 31.13404 32.31694 32.19725 32.0348 30.27851 29.50881 30.10802 31.20982 29.43059 28.69018 31.58391 31.60996 32.26284 30.10689 29.20158 30.8185 28.06856 25.4303 26.4108 24.88634 25.28039 25.68893 28.56124 30.72735 30.687 29.98688 27.66231 25.68509 28.77743 27.89029 30.71704 30.03065 29.18943 24.25903 23.01542 23.69896 21.74306 29.35279 16.85431 13.65738 13.01848 9.779026 13.1468 -128 -128 -128 -128 -128 -128 -128 -128 -128 -128 -128 -128 -128 -128 -128 -128 -128 -128 -128 -128 -128 -128 -128 -128 -128 -128 -128 -128 -128 -128 -128
