formato/VCI/bioclim_8.asc
ncols         186
nrows         781
xllcorner     -75.7
yllcorner     -56.55
cellsize      0.05
NODATA_value  -9999
[rows 578 to 611 of 781, columns 0 to 76 of 186]
-128 -128 -128 -128 -128 -128 12.26636 12.22275 11.68997 11.94394 11.67215 10.97824 10.63613 11.234 11.52976 11.02805 11.25403 10.35293 10.83121 10.3008 10.4819 11.02142 11.65877 10.37 10.09966 12.0775 12.47347 12.16999 12.14892 12.11133 11.65692 11.84415 12.75925 12.32051 11.75888 12.38119 12.46224 12.6092 12.47363 12.01028 10.15225 8.069103 7.860487 9.537816 9.081894 8.462962 8.429994 9.722668 11.34507 10.98854 9.607935 11.10736 11.37359 9.514837 7.879593 7.832602 8.61808 10.90999 10.18635 11.52797 12.51244 9.916151 8.663247 7.867814 8.846616 9.665612 8.538415 10.15008 8.658907 9.206161 7.338649 7.533247 8.802385 11.60633 14.75409 15.41753 15.84604
-128 -128 -128 -128 -128 -128 12.19145 11.91899 11.58911 11.70233 11.03818 11.37973 11.36315 11.73741 11.26111 12.07723 11.2177 10.77135 11.25185 11.33186 10.45648 10.80828 11.47838 12.25939 12.16896 12.34592 12.4476 12.3187 12.20471 12.40299 12.60819 12.58432 12.61665 12.84018 12.66955 12.80715 12.93188 -128 12.45717 11.01879 8.049917 8.696548 9.371984 7.75757 7.596039 6.840092 8.707856 9.874699 8.4547 10.44699 11.19643 9.961617 10.36968 9.05168 8.793608 9.691284 9.930857 9.617322 10.03576 12.42262 12.48246 9.019071 8.868782 8.537222 7.387819 8.827273 9.328795 9.893989 10.81455 12.09549 11.87655 11.39457 13.51092 15.08042 15.55991 15.86852 15.84911
-128 -128 -128 12.12783 11.95264 11.72562 11.94831 11.42974 11.43028 11.62886 11.43823 11.51808 11.64124 12.00272 12.29848 12.16857 11.47783 11.516 11.38843 11.92666 11.76273 11.62832 11.56502 12.14427 12.20473 11.99295 11.82788 12.39974 11.92143 11.60013 12.2202 12.74129 12.53566 12.88647 12.82255 13.0796 12.98566 12.67903 11.56203 9.61212 10.62653 9.654352 7.55178 7.53897 6.482223 4.891643 7.88989 8.345536 7.617626 9.756161 11.725 9.908265 9.623838 10.98076 9.793768 9.427714 7.952007 8.706765 9.707836 12.26397 12.52133 10.56535 8.593874 9.619354 8.315395 8.207303 10.37282 12.00938 12.96558 14.13457 14.615 14.92045 15.08984 15.2599 15.32475 15.21077 15.73535
-128 12.09753 11.95764 11.94753 11.74993 10.8674 10.85059 11.06887 11.33963 11.4972 11.65714 11.20596 11.67723 12.23572 12.20116 11.80421 11.24085 11.31406 11.27038 11.11818 11.64742 12.03363 11.80855 11.29765 11.72685 12.30194 11.86687 11.8041 12.31202 11.89423 12.41259 12.80445 12.67753 12.86913 13.07965 13.02448 12.88205 12.49135 10.0125 8.79821 9.360524 9.015123 7.698802 7.54688 4.34679 2.700694 1.632484 2.377778 4.943002 8.515192 10.60261 8.467669 7.054864 8.691705 7.45177 9.34533 10.17811 8.207657 8.669004 11.44098 13.2866 13.05897 11.9153 10.73358 9.339109 10.8472 13.83265 13.72883 13.39598 14.15288 14.09543 13.35338 12.71281 12.32867 12.51593 13.43342 13.21228
-128 12.03223 11.07606 10.76311 10.8675 10.93114 11.23463 11.60792 11.56443 11.31395 12.02757 12.06101 12.2345 12.18941 11.93493 11.39517 11.15866 11.09284 10.7176 10.94211 11.08707 11.97537 11.735 11.44576 11.53007 12.13397 12.241 11.43548 12.01664 12.35333 12.62611 12.80486 12.96942 13.24212 13.34904 13.06182 12.8036 11.06109 9.425426 8.15712 6.953198 6.4349 6.866838 5.675724 4.179601 2.210524 0.276885 -0.5743483 2.971919 6.169953 10.07225 8.849211 7.647175 8.070444 9.384031 7.66623 10.12716 10.97939 11.55642 11.41576 12.80208 13.4145 13.5805 13.35973 13.07543 13.5722 13.51587 9.751355 11.86769 10.40108 10.50616 8.978167 8.828742 8.073269 8.487361 9.373569 8.622205
-128 11.56616 9.861791 10.60239 11.34422 11.79398 12.01255 12.04251 12.09558 12.1473 12.19672 12.28756 -128 12.21397 11.75874 11.65229 10.71722 11.19268 10.98022 11.09882 11.72973 11.94346 11.86092 11.90909 11.71443 11.90336 12.19323 12.2892 12.25555 12.35402 12.56417 12.80609 13.01373 13.31466 13.336 13.08114 12.6718 10.16214 8.898306 8.590857 7.59769 6.985569 5.995994 5.19012 4.80229 4.67495 2.502438 2.038142 6.921024 8.829836 10.17758 9.727571 8.277327 8.070441 8.388903 10.73517 8.377133 8.87559 8.360827 8.539853 11.10692 13.25458 13.36284 13.36296 13.3301 13.03287 11.57358 8.295538 9.542059 9.883455 7.74863 6.651088 7.806744 7.262989 7.163006 7.389821 7.635476
11.96457 11.15211 9.98007 11.12083 11.15255 11.57148 11.87415 12.08738 12.15051 12.10318 11.90237 12.23953 -128 12.25433 12.10446 11.76514 11.43749 11.05452 11.4494 11.59257 11.15368 11.83118 11.89735 11.96014 12.00355 11.53402 11.48842 11.85179 12.16944 12.27931 12.52772 12.83069 13.03824 13.21948 13.19088 12.88855 10.69102 9.784387 9.163347 8.113581 7.257943 6.773954 6.155099 5.622465 5.359098 5.374209 4.887642 4.441193 7.045007 9.577175 10.4817 12.04469 11.38548 11.60304 11.93894 12.61952 12.11371 12.24925 11.84055 12.01903 13.0616 13.30759 13.25124 13.02937 12.62107 10.75857 8.59269 7.932055 8.667587 9.374887 8.756025 7.118553 8.416386 8.806814 8.432857 9.196444 8.794932
-128 11.15444 10.73592 11.40201 10.34122 10.45998 11.72679 11.92556 -128 12.2631 12.18635 12.25929 -128 -128 12.21871 12.13372 11.93708 11.69451 11.77124 11.32643 11.4986 11.79242 11.8557 11.54264 11.70733 12.31516 12.2644 12.24966 12.21011 12.31043 12.55853 12.8169 12.97542 13.16941 13.06461 11.57719 11.07411 10.67501 9.312031 8.112209 6.342463 5.981942 5.952667 5.566961 5.169305 4.780538 4.405511 4.053814 6.814026 10.14332 9.89793 9.934956 8.33753 7.500637 10.67638 10.95627 11.55828 12.62342 13.16076 13.15605 13.2386 13.12434 12.39687 11.76999 11.85662 10.00112 9.088142 7.158149 7.852882 7.87579 7.108445 7.733474 8.207335 8.412358 8.451381 10.56596 10.82239
-128 11.70239 11.01136 9.889874 9.919677 10.72181 10.45466 11.39269 12.13096 -128 -128 -128 -128 -128 -128 -128 -128 12.11508 12.08408 12.02319 11.81247 11.81764 12.0739 12.01831 12.27117 12.32436 12.34095 12.32576 12.30532 12.37157 12.53723 12.69548 12.82893 13.01152 12.7165 11.52174 9.964436 9.398601 8.53958 7.76483 6.587844 5.790386 5.427811 5.141553 4.609833 3.973545 3.986989 4.228779 4.536898 6.415349 7.694554 7.703501 6.844574 7.68929 9.685868 9.589087 11.20318 12.45485 13.07557 12.6953 12.74124 11.63325 10.8585 10.07459 10.67307 10.45254 9.721368 8.552778 6.573273 7.468087 8.223931 8.184415 7.675465 8.873442 9.651287 10.09665 11.12224
-128 -128 11.66778 10.02267 10.17432 10.1586 11.01433 11.34001 11.76761 -128 -128 -128 -128 -128 -128 -128 -128 -128 -128 -128 -128 11.96167 12.04259 11.86065 11.90972 12.03085 12.27286 12.31789 -128 -128 12.62186 12.6792 12.74609 12.52856 11.88381 11.34324 10.09913 9.257399 8.563075 7.126143 6.415117 5.896936 5.377634 4.967023 4.660412 4.560224 4.145218 4.648354 4.657189 7.466236 10.28148 7.85412 7.111134 7.581942 7.773714 8.231837 12.31933 12.51388 12.66797 11.37626 11.34364 9.927913 9.791104 9.005754 9.874149 8.797659 8.818927 8.504816 6.352851 6.622338 7.893504 7.003098 8.000017 8.173852 7.774405 7.324176 -128
-128 -128 -128 11.80122 10.60303 10.73048 10.52894 11.42066 12.14455 -128 -128 -128 -128 -128 -128 -128 -128 -128 -128 -128 -128 12.15517 12.175 -128 12.25013 12.25628 -128 -128 -128 -128 -128 12.76407 12.76359 11.62341 11.17827 10.75669 10.56851 10.29715 9.438156 7.459483 6.034491 5.250591 4.765192 4.604036 4.337986 3.864772 2.833203 5.466828 6.534995 8.68557 10.15405 11.09742 8.549741 7.725416 6.848598 8.575481 12.46068 12.87328 12.0153 10.41384 9.888919 8.768833 9.714159 8.955029 9.361564 9.041589 8.657144 8.122681 7.267135 6.302976 7.858937 6.877856 7.053549 6.361647 6.420891 -128 -128
-128 -128 -128 -128 11.92658 11.92057 12.00863 -128 -128 -128 -128 -128 -128 -128 -128 -128 -128 -128 -128 -128 -128 -128 -128 -128 -128 -128 -128 -128 -128 -128 -128 12.73867 12.78023 12.72161 12.41394 11.80029 11.47891 10.67654 9.429194 8.245958 5.517578 3.190897 3.311679 4.079989 4.033634 3.378205 3.310106 7.005548 8.818132 10.53982 10.57449 11.47446 10.99882 10.99919 10.09622 9.992679 12.87739 12.66428 10.5683 8.614043 8.552545 9.027588 9.045604 8.951495 9.708553 8.80159 8.279796 9.381942 7.939793 6.526996 8.358772 6.570037 6.557432 5.752564 5.273942 5.101338 6.795849
-128 -128 -128 -128 -128 -128 -128 -128 -128 -128 -128 -128 -128 -128 -128 -128 -128 -128 -128 -128 -128 -128 -128 -128 -128 12.12679 11.85434 11.70204 11.85148 12.17934 12.32522 11.99166 12.14926 12.07488 12.09302 12.07966 10.13901 9.952983 8.609244 7.720647 6.517202 4.084402 2.614715 3.783372 3.894168 3.933213 4.910998 7.738447 9.421015 10.15602 9.187398 10.01134 8.960018 9.168624 10.77477 10.19319 10.30234 12.12878 11.35087 9.28501 8.056766 8.254353 8.179239 8.709572 9.854637 10.73544 11.3381 11.28263 11.05456 9.749727 10.07363 6.400237 7.762357 6.329176 6.458353 5.355225 5.69912
-128 -128 -128 -128 -128 -128 -128 -128 -128 -128 -128 -128 -128 -128 -128 -128 -128 -128 -128 -128 -128 -128 -128 -128 12.09595 10.94192 10.29142 10.73337 11.69747 11.92462 12.00674 11.29133 10.80078 11.17671 11.84757 9.971997 10.42965 9.731834 8.517582 6.74 6.425835 4.631638 2.480849 3.784158 4.113973 4.209788 5.690745 8.469629 9.972509 10.17477 9.242262 8.784897 7.724905 7.816067 8.454666 8.467626 9.899944 10.669 11.93993 9.838925 8.858243 10.42016 11.5069 11.56876 12.05673 12.19473 11.64388 10.9036 10.92872 10.63793 11.16669 10.56586 10.09471 8.111543 5.869954 6.133687 -128
-128 -128 -128 -128 -128 -128 -128 -128 -128 -128 -128 -128 -128 -128 -128 -128 -128 -128 -128 -128 -128 -128 -128 -128 12.04982 11.86325 11.83602 11.87363 -128 11.88273 11.98275 11.88507 11.42851 12.01472 10.92274 9.088601 8.721278 8.200003 8.052386 7.505402 5.829789 3.682783 2.155632 3.09215 4.500688 5.271536 6.210604 7.881179 9.890514 8.523712 10.46681 11.12506 10.78754 10.77936 11.53379 11.98371 12.33468 12.09904 12.7629 12.39449 12.21131 12.69801 11.53635 11.7885 11.61001 11.41915 10.97946 10.65753 10.22497 9.127056 9.134421 8.479358 11.02969 10.80746 7.497618 7.830553 9.929542
-128 -128 -128 -128 -128 -128 -128 -128 -128 -128 -128 -128 -128 -128 -128 -128 -128 -128 -128 -128 -128 -128 -128 -128 -128 11.93092 11.85654 -128 11.71365 11.77043 11.86839 11.97399 11.66902 11.37028 11.32713 10.10639 10.11014 9.222829 8.352402 6.49297 5.525922 4.505448 3.852078 2.811092 1.228875 5.21784 7.932123 9.067741 10.51189 9.129589 9.432523 10.43599 10.31301 9.680708 9.313595 9.649195 11.3754 11.8033 11.14161 10.78191 11.46595 12.33971 8.830402 9.247751 10.22327 11.34614 11.25496 11.92633 12.48205 13.07283 12.74286 12.7095 11.22843 9.72372 11.45649 11.7516 11.84911
-128 -128 -128 -128 -128 -128 -128 -128 -128 -128 -128 -128 -128 -128 -128 -128 -128 -128 -128 -128 -128 -128 -128 -128 -128 -128 -128 11.68007 11.0149 11.11244 11.01534 10.72792 10.36978 10.70396 10.12358 11.07027 10.07629 8.21136 7.438538 6.17049 5.833934 4.979213 4.525425 3.973025 1.337768 3.92723 7.924448 8.788467 10.99571 10.96811 8.566247 8.599781 8.670689 8.16211 9.3035 9.850287 11.24614 11.55788 10.21118 9.854169 11.87239 12.71686 11.8703 11.37766 12.64828 12.80192 12.37385 12.7144 12.77261 12.30688 11.77325 12.11583 13.19167 11.90245 12.06646 12.11887 11.92133
-128 -128 -128 -128 -128 -128 -128 -128 -128 -128 -128 -128 -128 -128 -128 -128 -128 -128 -128 -128 -128 -128 -128 -128 -128 -128 11.68098 11.27246 10.24471 9.85572 10.4401 10.39417 11.25898 9.964044 9.267344 10.00103 8.984732 8.940701 7.554218 6.82057 6.604562 5.941459 5.742177 4.962926 3.450072 2.985142 5.931655 8.377779 10.31308 11.34066 11.77316 7.923788 9.245758 9.529505 10.79759 12.30669 13.3459 13.34795 13.24877 13.13315 13.13369 11.90858 12.78954 12.08407 12.2387 10.26534 9.89602 9.460411 8.629135 8.807801 10.08351 11.92851 13.08497 13.42315 13.96379 -128 -128
-128 -128 -128 -128 -128 -128 -128 -128 -128 -128 -128 -128 -128 -128 -128 -128 -128 -128 -128 -128 -128 -128 -128 -128 -128 11.72661 11.53495 10.53005 9.137727 9.885332 10.70676 10.20131 10.60103 10.21467 9.663299 9.657289 9.919764 8.785245 8.084439 7.599946 7.340785 6.30531 6.272738 6.0844 5.55374 2.58923 5.666132 6.665875 7.706999 9.015524 10.15594 11.35785 11.64948 12.9416 13.50392 13.02796 13.4565 12.33494 12.6135 12.99274 12.82418 12.24569 11.92432 10.2331 8.475997 7.981632 8.03955 7.829258 7.804782 8.811848 10.41111 8.446535 9.204393 11.92287 -128 -128 -128
-128 -128 -128 -128 -128 -128 -128 -128 -128 -128 -128 -128 -128 -128 -128 -128 -128 -128 -128 -128 -128 -128 -128 -128 11.79309 11.56445 11.08719 9.82961 9.758549 10.43235 10.18446 9.792688 9.443384 9.805256 8.17293 8.417154 8.529211 8.233239 7.950548 7.79024 8.188717 7.625859 7.192839 6.44965 5.466401 4.543603 7.531348 8.249659 8.848096 9.047911 9.704049 10.88419 9.621828 8.644842 9.592145 11.76254 13.21859 11.81118 12.34736 12.6963 11.81112 11.88887 9.789371 7.619728 8.056772 8.080647 9.79397 9.794119 9.886294 10.68377 8.64036 7.62775 -128 -128 -128 -128 -128
-128 -128 -128 -128 -128 -128 -128 -128 -128 -128 -128 -128 -128 -128 -128 -128 -128 -128 -128 -128 -128 -128 -128 -128 11.76916 11.60362 10.71081 10.54671 10.46407 10.1246 9.061576 9.317336 9.493087 9.450451 9.088438 8.614107 7.981393 8.203859 9.05233 9.338884 8.859929 7.794353 7.347682 6.06976 4.556893 7.034493 8.317411 7.759949 8.623107 8.839483 7.876106 8.726209 7.682996 7.830017 9.381062 12.58708 12.22294 11.7443 12.47474 11.01497 9.179308 10.26463 11.0653 8.659334 8.637609 10.98303 10.85488 10.50456 10.43176 9.909474 7.932981 -128 -128 -128 -128 -128 -128
-128 -128 -128 -128 -128 -128 -128 -128 -128 -128 -128 -128 -128 -128 -128 -128 -128 -128 -128 -128 -128 -128 11.7821 11.81447 11.78866 11.64224 10.58302 10.25493 9.566521 9.419623 10.21868 10.11975 9.321866 8.278482 9.030056 9.862503 8.762637 7.772696 8.806837 10.556 9.566051 8.968339 8.686733 7.891427 6.590936 7.723088 9.630705 10.5007 10.62884 8.026754 7.818566 7.988894 8.346789 7.681805 10.8985 12.83277 10.92557 11.21454 10.79866 8.388727 8.44646 8.965886 11.05343 11.19571 10.80262 9.598362 10.14067 9.772985 10.46181 -128 -128 -128 -128 -128 -128 -128 -128
-128 -128 -128 -128 -128 -128 -128 -128 -128 -128 -128 -128 -128 -128 -128 -128 -128 -128 -128 -128 -128 11.74046 11.77836 11.78958 11.69324 11.4228 11.51067 11.19354 10.09118 9.325747 9.700036 9.126117 9.091951 10.28362 9.090437 8.545028 8.359512 8.027041 8.508052 10.6609 11.43351 11.22483 10.1748 8.128279 7.557473 6.412842 7.820235 7.371835 9.338639 11.18969 10.63329 10.49348 11.13869 10.4874 9.613376 9.305573 12.44981 10.09196 9.698955 10.37095 8.010452 7.391693 9.187146 10.03956 7.512883 6.757058 7.300053 7.432589 8.740301 -128 -128 -128 -128 -128 -128 -128 -128
-128 -128 -128 -128 -128 -128 -128 -128 -128 -128 -128 -128 -128 -128 -128 -128 -128 -128 -128 11.62476 -128 11.74622 11.53336 11.0979 11.31868 10.48778 11.00551 11.5033 10.91367 10.64541 10.93577 10.6999 10.72931 9.179344 9.352381 9.381721 8.925537 8.297556 8.900795 9.784238 11.41729 10.05711 9.420872 9.517564 8.716361 7.581842 8.693835 9.458461 10.27608 9.775958 9.637322 10.79624 12.40039 8.936878 8.929038 9.590302 11.93937 9.169939 6.853908 9.01275 9.409842 7.1087 7.434148 9.817487 8.222061 6.479256 5.294288 2.867416 -128 -128 -128 -128 -128 -128 -128 -128 -128
-128 -128 -128 -128 -128 -128 -128 -128 -128 -128 11.60838 11.62467 -128 -128 -128 -128 -128 -128 -128 11.64481 11.69607 11.55795 11.59371 11.52593 10.77881 10.53648 11.185 11.35367 11.63754 11.47082 11.12384 10.80744 11.04299 10.56352 9.21432 9.193842 7.981769 7.989049 8.290224 8.882475 11.3228 10.6854 9.589468 9.76936 9.993996 9.02397 7.241916 7.745339 8.591268 8.699837 8.552908 10.17362 12.24079 11.97992 11.63885 10.67213 10.23507 11.97067 9.293651 7.879115 7.688278 8.466061 5.930755 8.335352 9.418049 6.67761 3.31716 4.756716 -128 -128 -128 -128 -128 -128 -128 -128 -128
-128 -128 -128 -128 -128 -128 -128 11.5319 -128 11.53159 11.55499 11.57245 11.60841 11.62744 11.65922 11.6918 11.692 -128 -128 -128 11.57376 10.80866 11.16558 11.18567 11.21838 11.1733 10.74253 10.73167 11.44923 10.77397 10.26661 10.10883 9.932395 8.816301 8.839093 8.056164 7.75837 8.126157 8.070418 10.8089 10.20616 8.820142 8.11587 8.399885 8.228628 8.52209 8.739964 9.409766 9.323354 9.093389 10.9099 12.52837 12.81606 12.28243 10.93815 8.554224 8.53059 11.64655 9.690882 7.802817 6.581277 8.141473 7.450486 8.910622 8.63018 6.794293 6.628975 -128 -128 -128 -128 -128 -128 -128 -128 -128 -128
-128 -128 -128 -128 -128 -128 11.484 11.37919 11.31392 11.31554 11.4023 11.39738 11.34951 11.45753 11.27918 11.52103 11.70639 11.69668 -128 -128 11.64223 11.18453 11.00543 10.85997 11.27792 11.15129 10.76426 10.81199 11.53096 11.37304 10.99947 10.44994 10.33111 9.769219 9.231523 8.306268 8.833142 9.559189 8.91 10.82453 10.19556 8.612612 7.773465 8.826685 8.879773 8.26529 8.176529 9.418872 11.80314 11.74552 12.30818 10.64153 10.79807 10.90869 8.418601 8.146337 8.488126 10.03006 10.7298 7.976574 7.818775 8.39517 7.357234 7.817432 6.754288 6.20837 -128 -128 -128 -128 -128 -128 -128 -128 -128 -128 -128
-128 -128 -128 -128 -128 -128 11.44966 11.35604 11.24614 11.20348 11.03391 11.27684 11.48084 11.62181 11.68925 11.65312 11.66893 11.69575 11.71168 -128 11.77845 11.80215 11.82762 11.79156 11.51751 11.66818 11.89153 11.61143 11.44597 11.58769 11.3257 10.8674 10.50822 11.13058 9.682246 8.510675 8.50385 9.685089 10.23226 11.20634 11.54225 10.83609 10.38382 10.96141 9.500613 10.93087 10.9355 10.98649 10.613 8.706414 9.97657 9.268309 8.690912 8.948379 9.306997 8.2303 7.626573 7.582735 9.537629 10.22197 9.255198 6.561812 6.591811 7.479201 7.236656 -128 -128 -128 -128 -128 -128 -128 -128 -128 -128 -128 -128
-128 -128 -128 -128 -128 -128 -128 -128 -128 11.42357 11.4412 11.46559 11.52955 11.69209 11.72681 11.72345 11.68007 11.50508 11.64597 11.68653 11.28508 11.4977 11.22004 11.60076 11.49656 11.0376 11.19041 10.47676 11.00718 10.71292 10.40228 10.61369 11.20862 11.42296 11.22203 11.16394 11.26017 11.44878 11.82925 11.99249 11.95471 11.9391 12.22198 12.0742 11.23602 11.29155 9.352299 9.129292 8.712877 7.850237 8.134133 9.080815 8.552135 8.005967 8.884157 8.811939 8.031221 6.731205 7.743649 9.607574 7.996385 6.204106 7.600094 8.5171 8.264704 -128 -128 -128 -128 -128 -128 -128 -128 -128 -128 -128 -128
-128 -128 -128 -128 -128 -128 -128 -128 11.41096 11.44329 11.50298 11.53336 11.54068 11.62195 11.64176 11.65361 11.47835 11.41496 11.6742 11.73111 11.61215 11.44174 11.56761 11.67328 11.44943 10.65123 10.39189 10.32314 9.528055 10.35919 10.35628 10.59641 11.13348 11.38459 10.44007 10.64937 11.24553 11.25598 11.41261 11.95701 12.03278 12.43287 11.92161 11.91939 12.17649 9.894607 8.598423 10.18546 8.53789 7.774544 7.537357 8.326608 8.441173 7.733617 8.126387 9.285374 7.716596 7.240879 7.140071 8.636079 8.323132 8.290436 8.656277 8.553339 7.339832 -128 -128 -128 -128 -128 -128 -128 -128 -128 -128 -128 -128
-128 -128 -128 -128 -128 -128 -128 -128 11.37298 11.40587 11.38679 11.40725 11.45873 11.35525 11.4889 11.30102 11.38834 11.39999 11.62505 11.64911 11.7267 11.72845 10.88539 11.57589 11.55276 11.54729 11.32214 11.17744 9.779473 9.916926 9.812848 10.09272 11.22957 11.24575 10.26408 11.49118 11.51398 10.99179 11.80306 11.94445 11.70713 12.25552 11.73197 10.89986 12.0846 11.82434 10.48372 11.5468 10.50844 9.729454 7.911438 9.235548 7.848375 7.555719 8.835043 9.682404 8.78207 8.040688 6.179755 7.163647 8.357649 7.905458 9.492082 8.059334 -128 -128 -128 -128 -128 -128 -128 -128 -128 -128 -128 -128 -128
-128 -128 -128 -128 -128 -128 11.35602 11.35842 11.3513 11.36103 11.39154 11.40314 11.38784 11.60064 11.57826 11.41347 11.24326 11.01795 11.28653 11.34553 11.76463 11.80774 11.34837 10.96295 10.18925 10.80484 11.31323 11.25649 11.35548 11.39929 11.47519 11.44268 11.38361 11.74283 11.91443 -128 12.10853 12.21638 -128 12.36422 11.82907 12.28431 11.27016 11.42431 11.70048 11.63628 11.70003 11.02354 10.39863 11.47989 11.59196 10.93729 8.707665 8.567067 9.545165 9.435669 7.153065 6.936812 6.216957 6.763229 7.720316 9.070798 9.570726 9.123625 7.840254 7.463493 -128 -128 -128 -128 -128 -128 -128 -128 -128 -128 -128
-128 -128 -128 -128 11.3254 11.30353 11.24882 10.99832 11.30234 11.37788 11.28586 11.43328 11.48776 11.35559 11.39159 11.01672 10.76294 10.97133 11.42168 11.64407 11.72443 11.7433 10.39032 10.23623 9.978802 10.37512 10.80772 11.13866 11.29627 9.754411 9.976517 10.16226 10.02858 11.04965 11.48309 11.66512 11.89197 12.06477 12.26273 12.35804 -128 12.56971 12.5945 10.74047 9.797462 10.02985 9.232944 9.637182 10.55885 10.71111 9.154876 11.4854 9.890294 10.89476 10.30168 9.726499 7.400892 8.23991 7.347889 5.929366 7.797573 9.253286 8.625369 8.752496 9.49126 7.179057 -128 -128 -128 -128 -128 -128 -128 -128 -128 -128 -128
-128 -128 -128 11.18478 10.90657 10.77482 10.83158 10.83734 11.19823 11.3766 11.25213 11.33319 11.45088 11.3282 11.17137 11.17472 10.86577 10.75751 11.06565 11.38061 11.66773 -128 11.13655 10.43966 11.06636 10.01941 9.548014 10.0136 10.78507 10.39765 9.236839 10.0535 9.719581 9.789219 9.143374 8.56759 10.70373 11.70327 11.19056 11.87891 12.14177 12.29791 11.97486 12.12034 10.15022 8.940348 9.457932 10.08213 10.19459 10.70821 8.749883 10.73294 8.083973 8.781228 9.727896 10.79201 8.147071 9.213315 8.311007 7.79628 9.65997 8.883819 8.331051 9.019114 9.824653 7.591693 7.64852 -128 -128 -128 -128 -128 -128 -128 -128 -128 -128
