formato/VCI/bioclim_6.asc
ncols         186
nrows         781
xllcorner     -75.7
yllcorner     -56.55
cellsize      0.05
NODATA_value  -9999
[rows 102 to 135 of 781, columns 77 to 153 of 186]
-128 -128 -128 -128 -128 -128 -128 -128 -128 -128 -128 -128 -128 -128 -128 -128 -128 -128 -128 -128 -128 -128 -128 -128 -128 -128 -128 -128 -128 -128 -128 12.23383 6.599003 6.016259 5.696089 3.75484 3.181322 1.93696 0.7445109 0.09587062 -0.2944554 -0.05135842 -0.428638 -0.7183405 -0.3681631 -0.7576506 -0.5671881 -0.2027168 0.646138 1.598751 2.897593 3.275014 2.465156 1.436788 1.769096 1.186493 0.8070777 -0.4430107 -3.048732 -2.921545 -2.675604 -2.863842 -2.251862 -1.563914 -1.132145 -0.6270269 -0.8408011 -1.741081 -2.623781 -2.722445 -1.928066 -1.909572 -0.1946702 -1.748328 -2.972005 -4.233614 -5.729839
-128 -128 -128 -128 -128 -128 -128 -128 -128 -128 -128 -128 -128 -128 -128 -128 -128 -128 -128 -128 -128 -128 -128 -128 -128 -128 -128 -128 -128 -128 -128 11.5499 6.696382 6.363396 4.358123 2.834216 2.660992 2.593016 1.989069 1.136065 0.02447624 -0.2720753 -0.398672 -0.7445233 -1.669475 -1.348903 -0.8217903 -0.06367204 0.7199749 1.483412 2.808201 3.193741 2.871186 1.948668 1.333458 0.3546011 -0.6297745 -2.290454 -3.283451 -2.281053 -1.961287 -2.906387 -2.55824 -1.959267 -1.640749 -1.221726 -1.549636 -2.375416 -3.294379 -3.256445 -2.126074 -0.7248315 0.5762678 -0.7899601 -2.264405 -2.851904 -3.172763
-128 -128 -128 -128 -128 -128 -128 -128 -128 -128 -128 -128 -128 -128 -128 -128 -128 -128 -128 -128 -128 -128 -128 -128 -128 -128 -128 -128 -128 -128 -128 11.24722 6.227035 6.171975 3.908672 1.867076 1.67192 2.215194 1.391773 0.6740479 0.2393826 -0.3750287 -1.399441 -1.3749 -1.679921 -1.560054 -1.140145 -0.1558405 0.5315359 1.191862 2.563957 3.339056 3.049541 2.105456 1.145839 -0.3610267 -2.42038 -3.887085 -2.838033 -1.779684 -1.159751 -1.728821 -1.733613 -1.594048 -1.732575 -1.732339 -2.084455 -2.763483 -3.375087 -2.663446 -1.465149 0.6027993 1.713844 0.8889838 0.1237294 -0.3020586 -1.404995
-128 -128 -128 -128 -128 -128 -128 -128 -128 -128 -128 -128 -128 -128 -128 -128 -128 -128 -128 -128 -128 -128 -128 -128 -128 -128 -128 -128 -128 -128 12.36041 9.248587 4.686303 5.99409 4.247202 2.142629 1.063012 1.511197 0.9987825 -0.0670725 -0.6208793 -1.570812 -2.465799 -2.736038 -2.466778 -1.539788 -1.020312 -0.1909964 0.4733656 0.920414 2.254307 3.748795 3.441004 2.312119 0.9989421 -0.1579292 -1.986592 -2.720059 -1.902218 -1.3309 -1.024591 -1.368373 -1.339649 -1.510159 -1.734355 -2.057063 -2.711613 -3.140954 -2.66478 -1.03903 0.4221469 2.032281 2.287357 2.668382 1.328452 0.7923656 -0.4277523
-128 -128 -128 -128 -128 -128 -128 -128 -128 -128 -128 -128 -128 -128 -128 -128 -128 -128 -128 -128 -128 -128 -128 -128 -128 -128 -128 -128 -128 -128 12.20364 8.832744 3.86017 4.553526 3.750886 2.337728 1.334291 0.5178512 0.4831218 -0.6008065 -0.7022771 -1.589837 -2.167525 -2.314149 -2.188896 -1.51305 -0.9792993 -0.1776613 0.6084032 0.9088531 2.068231 3.6256 3.468874 2.602709 1.600442 0.6125199 -0.1898266 -1.040645 -1.084443 -0.5878685 -0.5420031 -0.8794426 -1.055746 -1.20926 -1.584698 -2.395323 -2.950812 -2.815622 -1.604312 0.6826344 2.293552 2.951027 2.706219 2.33559 1.642923 1.659568 0.5909606
-128 -128 -128 -128 -128 -128 -128 -128 -128 -128 -128 -128 -128 -128 -128 -128 -128 -128 -128 -128 -128 -128 -128 -128 -128 -128 -128 -128 -128 -128 -128 11.11701 4.484145 4.087334 3.441046 2.097476 1.530338 0.3105775 0.3235605 -0.3747468 0.1590167 -1.153928 -1.761018 -1.840941 -1.826199 -1.508995 -1.010505 0.1090538 0.9167204 1.42431 2.866568 3.581368 3.509261 2.888005 1.859495 1.202209 0.6371661 -0.03981096 -0.1936594 -0.5236906 -0.6957059 -0.8012522 -1.164017 -1.178835 -1.525987 -2.21018 -2.648014 -1.818312 0.01823835 1.867459 2.724941 2.688989 2.116276 2.155934 1.849959 2.603194 1.754966
-128 -128 -128 -128 -128 -128 -128 -128 -128 -128 -128 -128 -128 -128 -128 -128 -128 -128 -128 -128 -128 -128 -128 -128 -128 -128 -128 -128 -128 -128 11.94328 10.41167 4.673611 5.180023 3.778595 2.37893 1.77004 0.7025356 0.1839213 0.09057406 0.402572 -0.8318436 -1.197618 -1.536039 -1.924167 -1.866541 -1.01176 0.1985627 1.655072 2.853918 3.982877 4.321788 3.931549 3.403179 2.909169 1.838817 1.05997 0.2432917 -0.06845473 -0.3587357 -1.151618 -1.554029 -1.932468 -1.140303 -1.387518 -1.792387 -1.517183 -0.1267563 1.099814 2.123633 1.935289 1.17774 1.333618 1.844111 1.771339 2.757077 2.198459
-128 -128 -128 -128 -128 -128 -128 -128 -128 -128 -128 -128 -128 -128 -128 -128 -128 -128 -128 -128 -128 -128 -128 -128 -128 -128 -128 -128 -128 -128 11.58642 6.957435 3.786309 5.994209 4.190881 3.203054 1.806512 0.7782536 0.4065574 0.5972025 0.3264083 -0.7714915 -1.398519 -1.634875 -1.765513 -1.721072 -0.7636864 0.6721721 2.54615 4.006093 4.328397 4.794356 3.907993 3.188207 2.891099 2.063861 0.7613562 0.1131478 0.02474332 -0.5393132 -1.855057 -2.354716 -1.682369 -1.159417 -1.579407 -1.461871 -0.7414928 1.520045 2.003613 1.472936 0.5339211 0.3910036 0.3361971 0.3136021 0.8617402 2.633448 2.356866
-128 -128 -128 -128 -128 -128 -128 -128 -128 -128 -128 -128 -128 -128 -128 -128 -128 -128 -128 -128 -128 -128 -128 -128 -128 -128 12.40692 12.46614 -128 11.68156 11.04721 5.478618 4.604147 5.855749 3.665465 3.745258 1.612234 0.9331408 0.3940895 0.7456816 0.4285796 0.06052376 -0.01887964 -0.3056538 -0.5808853 -0.4656595 -0.3096631 0.659215 2.738828 4.024285 4.79557 4.773991 3.975463 2.819419 2.144074 1.535184 0.160052 -0.8450624 -0.777324 -1.007324 -2.572372 -1.520435 -1.013578 -1.650052 -2.039551 -1.910231 -1.04757 1.739525 2.126647 1.071922 0.02816129 -0.255776 -0.8371004 -1.004824 -0.330948 2.10545 2.456344
-128 -128 -128 -128 -128 -128 -128 -128 -128 -128 -128 -128 -128 -128 -128 -128 -128 -128 -128 -128 -128 -128 -128 -128 -128 12.09823 10.41226 11.9281 11.87693 11.106 10.04341 5.570205 5.725116 5.415051 3.867364 3.098373 1.369436 1.166864 0.9672251 1.309735 0.4984356 0.5379726 0.4010735 1.062048 1.267027 1.206446 1.476113 2.052364 2.808383 3.808527 4.577841 4.117868 3.249454 2.652121 1.935177 1.184055 -0.5794173 -1.873103 -1.610697 -1.697825 -2.320546 -1.123536 -2.158552 -3.340515 -2.581762 -1.685426 -0.8985161 2.15551 2.02316 -0.1104875 -0.1955036 -1.037679 -1.484832 -1.581758 -0.8604767 1.366054 2.515806
-128 -128 -128 -128 -128 -128 -128 -128 -128 -128 -128 -128 -128 -128 -128 -128 -128 -128 -128 -128 -128 -128 -128 -128 -128 11.49812 9.132045 11.14042 10.98119 10.47354 9.597196 7.559997 6.893477 5.212702 3.556601 2.57234 2.191073 0.9789681 1.126837 1.535111 0.9028269 0.8912903 0.8809444 1.110065 1.577193 2.328892 2.44781 2.61757 3.17779 3.808564 3.94791 3.506181 2.718675 2.19943 1.308727 -0.3284443 -1.500874 -2.186908 -1.390324 -1.424263 -1.33813 -1.487428 -2.110132 -2.919433 -1.807251 -0.5095538 1.545579 2.645232 0.8803566 -0.2947115 -0.8688728 -1.532391 -1.920928 -1.850597 -1.000441 1.101961 2.705907
-128 -128 -128 -128 -128 -128 -128 -128 -128 -128 -128 -128 -128 -128 -128 -128 -128 -128 -128 -128 -128 -128 -128 -128 -128 11.55356 9.609447 10.8569 10.56835 10.14388 9.34689 7.060947 5.376511 4.476247 2.653221 2.2824 1.911178 1.192163 1.172409 1.279076 1.715151 2.113413 1.786941 2.348848 2.483188 2.45143 2.643797 2.77198 2.345423 2.278942 2.578753 2.903007 2.717203 1.485428 0.3965123 -1.47488 -2.66629 -2.635101 -1.541094 -1.074337 -1.085219 -1.047364 -1.235954 -1.123809 -0.04397156 1.224598 3.220878 2.740219 1.096496 1.156362 -0.5530502 -1.47443 -1.841459 -1.906111 -0.9846882 1.171127 3.06505
-128 -128 -128 -128 -128 -128 -128 -128 -128 -128 -128 -128 -128 -128 -128 -128 -128 -128 -128 -128 -128 -128 -128 -128 11.67896 10.61701 9.643156 10.40756 10.15911 9.788072 7.858046 6.155227 3.921176 3.245302 2.663647 2.554053 1.889509 0.9212036 1.450968 1.585541 2.086516 2.666087 3.31012 2.965194 2.097681 2.196321 2.634339 2.216355 2.404915 1.886854 2.04307 2.857296 2.314256 0.6436542 -0.251188 -1.468956 -2.812083 -3.334981 -1.966391 -1.563123 -0.924341 -0.8425199 -1.091826 -0.6766183 0.6980484 2.765187 3.514327 1.902014 1.133831 1.466029 1.106811 0.3752636 -0.9023136 -1.410253 -0.8272437 1.260172 3.251255
-128 -128 -128 -128 -128 -128 -128 -128 -128 -128 -128 -128 -128 -128 -128 -128 -128 -128 -128 -128 -128 -128 -128 -128 11.57046 10.1588 9.939073 10.08027 9.858639 9.021953 7.430999 5.177416 3.333498 2.349306 2.596903 2.305116 2.060834 1.747747 2.20174 2.608522 2.908451 3.104553 2.518952 2.018353 2.198189 2.440233 2.313118 2.199877 2.254518 1.998677 2.752105 2.761174 1.77889 0.0623205 -0.5818869 -1.5771 -3.360078 -2.967475 -2.470168 -2.068821 -1.440756 -1.20701 -1.125565 -0.6590824 1.421636 2.866278 2.639594 1.217399 1.183644 1.206857 1.308808 1.33153 0.7319303 -0.1429821 -0.279871 1.346233 3.474591
-128 -128 -128 -128 -128 -128 -128 -128 -128 -128 -128 -128 -128 -128 -128 -128 -128 -128 -128 -128 -128 -128 -128 -128 11.54537 10.51842 10.12834 9.858545 9.75702 8.698529 7.085135 5.946615 4.120878 2.282289 3.023777 2.660115 1.76599 1.808356 2.684541 3.216899 3.64636 2.317766 1.874591 2.401663 3.148181 3.095212 2.106575 1.408791 1.621852 2.591079 3.167907 2.853398 1.871906 0.4147936 -0.002540756 -0.846769 -2.954483 -3.447914 -2.83034 -2.144084 -1.592386 -1.445992 -1.393523 -0.5096487 1.663869 2.256944 1.945165 0.9114152 1.351636 1.35059 1.418672 1.385179 1.105134 1.030292 0.535457 1.689061 3.261391
-128 -128 -128 -128 -128 -128 -128 -128 -128 -128 -128 -128 -128 -128 -128 -128 -128 -128 -128 -128 -128 -128 -128 -128 11.51356 10.44031 10.08056 9.813249 9.511788 8.683435 7.594535 5.879001 3.470805 3.587246 3.540916 2.773788 1.713729 2.678167 3.17033 3.139029 3.149889 1.876937 2.190014 3.632003 3.798259 3.508503 3.09454 2.937862 2.257601 3.010064 2.827803 2.671818 1.902954 0.9591207 0.8670864 0.0427402 -1.793158 -1.766139 -1.672471 -1.152719 -0.8720552 -1.346061 -1.459552 -0.5400161 1.434658 1.83355 0.8477581 1.047075 1.294806 1.486412 1.627396 1.402615 1.189516 0.7716595 0.726819 2.02452 3.353935
-128 -128 -128 -128 -128 -128 -128 -128 -128 -128 -128 -128 -128 -128 -128 -128 -128 -128 -128 -128 -128 -128 -128 -128 11.44875 10.37283 10.31765 10.38016 9.533875 7.960948 6.444197 4.747792 3.962905 4.493598 4.455644 3.26432 2.618351 2.574854 2.794088 3.084109 2.672909 1.898689 2.18503 2.587003 2.3617 2.020043 2.5417 2.920827 3.004657 2.553314 2.022574 1.622211 1.025879 1.024407 1.045279 -1.230659 -1.710893 -0.9635952 -0.1336524 0.573427 0.03442248 -0.7233923 -1.342344 -0.4467007 1.46343 1.766977 0.8231129 1.165842 1.558059 1.667986 1.686875 1.464724 1.566389 1.501179 1.133694 2.171254 3.497953
-128 -128 -128 -128 -128 -128 -128 -128 -128 -128 -128 -128 -128 -128 -128 -128 -128 -128 -128 -128 -128 -128 -128 -128 11.16722 7.308496 10.38574 11.12993 10.36625 7.885848 5.102832 4.409662 5.038789 5.398524 4.255909 2.961138 2.563484 2.194622 2.101439 2.642926 2.816016 2.394577 2.120874 1.935269 1.883274 1.574698 1.663755 1.483684 1.897662 1.746682 1.187431 0.1124905 0.7121384 1.167621 1.412261 -0.1261238 -1.721668 -1.916651 -0.796599 -0.03804839 0.1111724 -0.4884096 -1.314523 -0.4492401 1.246751 1.739903 1.726235 1.79314 1.512862 1.595577 1.75026 1.725891 1.73086 1.85624 1.736878 2.955324 3.910882
-128 -128 -128 -128 -128 -128 -128 -128 -128 -128 -128 -128 -128 -128 -128 -128 -128 -128 -128 -128 -128 -128 -128 -128 11.32722 10.54346 11.34351 -128 11.11811 8.498474 4.85209 4.403398 5.094015 4.811707 3.812378 2.234577 2.334423 2.236098 2.166855 2.905258 3.582246 3.482557 2.437258 2.200033 2.753758 1.860746 1.426955 1.377024 1.443245 1.869351 1.675638 0.8592525 1.375203 1.670753 1.84069 0.3560076 -1.598972 -1.582964 -1.691522 -1.388142 -0.5654624 -0.4751613 -1.150057 -0.8485914 1.032188 1.800018 2.048608 2.097821 2.141971 1.748376 1.646593 1.582751 1.763901 1.83691 1.739226 3.217882 4.14131
-128 -128 -128 -128 -128 -128 -128 -128 -128 -128 -128 -128 -128 -128 -128 -128 -128 -128 -128 -128 -128 -128 -128 -128 -128 -128 -128 -128 11.39019 9.31705 4.708229 4.978743 5.075826 4.176304 3.737485 2.138434 1.389442 1.722636 1.479761 3.288424 4.200947 4.070895 3.316831 3.074816 3.384372 2.706117 2.634253 1.969164 1.212569 1.942712 1.700258 1.942156 2.235929 1.963096 1.827874 0.05903226 -1.017624 -1.225305 -1.393458 -1.35824 -0.7355878 -0.9980541 -1.83024 -1.111229 0.6659462 1.598932 1.805719 1.929645 1.819041 1.784767 1.722722 1.496023 1.633203 1.805651 1.792649 3.20993 3.948953
-128 -128 -128 -128 -128 -128 -128 -128 -128 -128 -128 -128 -128 -128 -128 -128 -128 -128 -128 -128 -128 -128 -128 -128 -128 -128 -128 -128 11.48441 9.534254 5.982645 5.571963 4.952102 4.085241 3.193084 2.544535 1.297095 1.507849 2.235312 3.267359 3.562541 3.444505 3.369955 3.672184 3.710491 3.499766 2.964875 1.691544 0.9288138 0.9766008 0.6337877 1.704443 2.139832 1.147341 0.01060701 -1.41204 -1.013933 -0.4692455 -0.1709355 0.2243513 -0.3497778 -1.198944 -1.78053 -1.466244 0.419543 1.277339 1.463944 1.447699 1.364308 1.131513 1.52703 1.518428 1.518697 1.683713 2.013486 3.534523 3.332909
-128 -128 -128 -128 -128 -128 -128 -128 -128 -128 -128 -128 -128 -128 -128 -128 -128 -128 -128 -128 -128 -128 -128 -128 -128 -128 -128 -128 11.53847 8.319461 5.739422 6.07223 5.281199 4.64535 3.906785 3.78469 2.853845 2.889801 3.136759 2.825187 2.968663 3.130403 3.631701 3.63935 2.808847 2.788713 1.56458 1.249003 0.7484166 0.421129 0.6126934 1.6679 1.011393 -0.6968887 -1.727149 -1.737159 -1.029055 -0.5998226 -0.02954659 -0.0717043 -0.8355914 -1.395423 -1.317007 -1.469968 0.3884821 1.27585 1.486462 1.656489 1.529136 0.7158853 1.459645 1.52095 1.282728 1.597905 2.361369 3.253315 2.736781
-128 -128 -128 -128 -128 -128 -128 -128 -128 -128 -128 -128 -128 -128 -128 -128 -128 -128 -128 -128 -128 -128 -128 -128 -128 -128 -128 -128 10.51186 8.160857 6.167125 5.896171 5.471214 5.357888 5.099736 4.745312 3.966815 3.606203 3.064695 2.632265 2.85659 3.167521 3.546491 3.217826 2.546672 2.821726 1.651896 1.329948 1.303918 0.733264 1.817695 1.478085 0.2972303 -1.652794 -1.386427 -1.60572 -0.9088172 -0.243534 -0.3980251 -1.32226 -3.046554 -3.8633 -3.158867 -2.659704 -0.0817724 1.209788 1.277079 1.621991 0.5635233 -0.1505215 0.9593687 0.9966562 1.108245 1.488604 2.378025 2.605858 1.387322
-128 -128 -128 -128 -128 -128 -128 -128 -128 -128 -128 -128 -128 -128 -128 -128 -128 -128 -128 -128 -128 -128 -128 -128 -128 -128 12.15197 10.90227 9.724062 7.721464 7.563413 6.504424 5.565872 5.369995 4.926291 4.544187 4.076145 3.593778 3.063586 2.654749 2.889855 3.334305 3.505733 2.791142 1.535463 2.308026 2.045496 2.777347 2.818637 1.701122 2.180553 1.414478 -0.1182379 -2.377327 -1.762133 -0.9470708 -0.8553118 0.03424731 -0.6131003 -3.274434 -4.073889 -4.172883 -4.716459 -3.710091 -0.5722294 0.9214516 1.2636 1.52525 0.5024122 -0.1409426 1.209969 1.604983 2.002284 2.282969 3.036853 2.506434 1.060432
-128 -128 -128 -128 -128 -128 -128 -128 -128 -128 -128 -128 -128 -128 -128 -128 -128 -128 -128 -128 -128 -128 -128 -128 -128 -128 11.85939 8.21876 8.043384 7.276679 7.281006 6.642838 5.249306 4.876797 4.454134 3.768659 3.346458 3.62488 3.174654 2.735973 2.982063 3.458602 3.703482 3.00379 1.588052 2.694523 3.715028 4.115937 3.094219 1.900362 2.057565 0.9784634 -1.179828 -2.774579 -2.009868 -0.7894415 -1.622874 -0.3578369 -0.7042456 -4.220907 -4.025179 -4.091425 -4.270878 -3.108081 0.03156631 1.307329 1.620591 0.856034 -0.532232 -0.7773274 0.8613771 1.568203 2.614032 2.68334 2.982428 2.012995 0.4096375
-128 -128 -128 -128 -128 -128 -128 -128 -128 -128 -128 -128 -128 -128 -128 -128 -128 -128 -128 -128 -128 -128 -128 -128 -128 -128 11.64359 8.252666 6.658052 6.206634 6.40328 6.732875 5.152791 4.313611 4.136837 3.043526 2.685437 3.433985 3.501112 2.797095 3.196325 3.354656 3.734267 3.860937 3.38303 3.752501 3.968129 4.065364 2.550824 2.217329 1.279275 0.0461325 -1.530923 -1.782898 -1.460643 -1.935921 -2.254607 -0.9076936 -0.1060961 -3.137433 -3.801971 -4.573342 -4.584491 -3.133849 0.4667903 1.807879 1.189995 -0.4096046 -1.817518 -1.125031 -0.2363369 1.195304 2.347442 2.284558 2.074488 0.615307 -0.9919754
-128 -128 -128 -128 -128 -128 -128 -128 -128 -128 -128 -128 -128 -128 -128 -128 -128 -128 -128 -128 -128 -128 -128 -128 -128 -128 11.51403 8.001349 5.609116 6.030661 6.363521 6.673907 5.443266 4.167765 4.064898 3.394057 2.473472 3.238233 3.716433 3.376127 3.374476 3.694131 3.963774 3.913893 3.939852 4.291705 4.108982 3.79709 3.336093 2.663 1.228474 -0.7873413 -1.167659 -0.4085068 -0.7916042 -1.468911 -1.702008 -0.6243375 -0.4376559 -1.590139 -2.766505 -3.830359 -4.187056 -2.32216 0.5624785 1.408847 -0.06304371 -2.540852 -3.393597 -2.469317 -1.856683 -0.2651162 1.307003 1.700574 1.069296 -0.006791537 -2.146419
-128 -128 -128 -128 -128 -128 -128 -128 -128 -128 -128 -128 -128 -128 -128 -128 -128 -128 -128 -128 -128 -128 -128 -128 -128 -128 11.16287 7.457202 5.925097 6.634356 5.626915 6.923588 5.990179 4.755357 4.048346 2.674776 1.814572 2.595007 3.789197 3.44718 3.164478 3.223078 3.820945 4.181063 4.114679 3.920118 2.980768 3.00854 2.931387 2.083019 1.200598 0.1029882 0.1472008 0.1630073 -0.5780246 -0.9823777 -0.6181703 -0.04032616 -0.5078136 -1.018724 -2.26397 -3.613518 -3.350394 -2.623641 0.01403943 0.8397347 -0.8119043 -3.487236 -4.533763 -3.807651 -3.004452 -1.491172 0.1146531 0.6767464 0.3584877 -0.9520048 -3.636759
-128 -128 -128 -128 -128 -128 -128 -128 -128 -128 -128 -128 -128 -128 -128 -128 -128 -128 -128 -128 -128 -128 -128 -128 -128 -128 11.18025 5.6309 5.776717 5.716082 5.318305 6.854428 5.679872 4.624167 3.788555 3.117506 2.737334 2.509661 3.128237 2.240626 2.807893 2.795309 3.274134 3.869611 4.460155 4.481842 3.720229 3.696793 3.260746 2.596174 2.024357 1.611068 0.603727 0.3421401 -0.6545595 -0.8257267 -0.377767 -0.7226613 -1.306738 -2.335657 -3.874013 -3.937839 -3.305654 -3.486885 -0.7139588 0.3750645 -1.372272 -3.850629 -4.225577 -3.846688 -2.8275 -1.72655 0.3458377 0.245633 -0.01295179 -1.753652 -3.898535
-128 -128 -128 -128 -128 -128 -128 -128 -128 -128 -128 -128 -128 -128 -128 -128 -128 -128 -128 -128 -128 -128 -128 -128 -128 -128 11.71232 7.448423 4.249105 4.643124 5.333602 6.547268 6.038885 5.366986 4.724239 4.211904 3.70521 3.46739 3.086896 2.339945 2.76123 2.559629 3.140986 3.731231 3.313992 4.500101 4.332537 3.992447 3.767725 3.443391 3.291648 2.314332 0.6123777 0.3474142 -0.7016302 -0.5738172 -0.986966 -2.222045 -3.707707 -4.507541 -4.373446 -3.908911 -3.48762 -3.071378 -0.8783548 -0.1494265 -2.535199 -4.214488 -3.677953 -2.890052 -1.365554 -0.2938554 0.8241259 -0.4199497 -0.5674956 -2.431819 -4.069963
-128 -128 -128 -128 -128 -128 -128 -128 -128 -128 -128 -128 -128 -128 -128 -128 -128 -128 -128 -128 -128 -128 -128 -128 -128 -128 11.8263 7.587225 4.514932 4.687681 5.76497 6.0721 5.356096 6.064794 5.216023 4.637437 4.619865 3.833672 3.091393 2.637215 2.459738 2.287328 3.07233 3.787496 2.99676 3.721334 3.114424 3.886431 4.15841 4.112166 3.875982 3.010985 1.546249 0.5146827 -0.9677714 -1.895911 -2.31112 -3.992898 -5.634212 -5.667215 -4.27776 -3.932122 -3.820557 -3.136489 -1.424421 -0.7933298 -2.888937 -3.833613 -2.898912 -1.870505 -0.4782885 0.5799879 0.09424385 -1.016292 -2.533972 -4.67723 -5.999195
-128 -128 -128 -128 -128 -128 -128 -128 -128 -128 -128 -128 -128 -128 -128 -128 -128 -128 -128 -128 -128 -128 -128 -128 -128 -128 12.15015 7.682527 5.068469 4.249308 5.401185 5.150382 4.868153 6.232366 6.089265 4.043482 3.873413 4.057621 3.571729 3.542844 3.202709 3.024122 3.447695 3.768224 3.621998 3.385524 1.928056 3.050871 3.349714 3.100404 2.868944 2.187468 0.3567673 -0.6936767 -1.086923 -2.956937 -3.599188 -4.063928 -5.61411 -5.466489 -4.56453 -3.983283 -3.658202 -3.924265 -2.643303 -2.268966 -2.37557 -2.483909 -1.682932 -0.6602455 -0.2675113 0.1385761 -1.20461 -2.67308 -6.749178 -10.49158 -9.107308
-128 -128 -128 -128 -128 -128 -128 -128 -128 -128 -128 -128 -128 -128 -128 -128 -128 -128 -128 -128 -128 -128 -128 -128 -128 -128 11.66803 6.803216 5.086707 4.521348 4.583157 4.371724 4.216786 5.378019 5.681601 3.503968 3.094563 3.652522 3.735456 3.613788 3.589249 3.287995 3.624578 4.036979 3.723219 2.901627 2.3485 2.491922 2.814084 2.502175 2.15697 0.9857562 -1.025454 -2.092711 -2.532487 -3.560914 -3.674083 -3.684237 -4.146552 -4.299423 -3.928276 -3.687371 -3.859615 -3.733212 -3.658921 -5.017313 -4.172222 -2.976762 -1.306401 -0.5299723 0.2024498 -0.6903369 -1.92424 -4.69362 -11.15471 -12.48491 -7.249536
-128 -128 -128 -128 -128 -128 -128 -128 -128 -128 -128 -128 -128 -128 -128 -128 -128 -128 -128 -128 -128 -128 -128 -128 -128 -128 11.01299 6.146819 3.80685 3.349197 3.410453 3.769201 3.386065 4.645925 4.492229 4.439266 3.783082 3.408333 3.347874 3.66954 3.406682 3.108318 3.5708 3.907263 3.151854 2.296179 2.16291 2.109017 2.363682 1.951661 1.957765 0.788009 -0.7331842 -2.033408 -2.982471 -3.259944 -3.191882 -4.429093 -5.456072 -5.29186 -3.508457 -3.146763 -3.117219 -3.535858 -5.189965 -6.556417 -5.746093 -3.023471 -0.8763279 -0.3122437 -0.6216559 -1.941805 -2.619468 -4.865617 -7.602065 -8.044014 -4.961446
