formato/VCI/bioclim_19.asc
ncols         186
nrows         781
xllcorner     -75.7
yllcorner     -56.55
cellsize      0.05
NODATA_value  -9999
[rows 680 to 713 of 781, columns 0 to 76 of 186]
-128 -128 -128 -128 -128 -128 -128 15.47948 12.58738 7.200625 7.975749 14.50225 14.44305 14.35247 11.63565 12.4765 13.76959 14.30587 14.20385 14.30833 14.13453 13.9468 13.75616 -128 -128 -128 13.03919 13.1095 13.17693 13.18083 13.1245 13.06803 12.86289 12.78424 12.30479 10.84844 7.224731 5.841476 2.165758 2.796112 7.852131 6.944961 5.230161 6.035605 -0.4061007 -14.04848 -7.068195 -0.6811681 3.306366 5.797359 3.67011 2.710639 0.4949733 7.905028 8.262378 6.237275 6.771164 -0.2918956 -1.081789 6.376642 5.396245 0.5535245 -0.3363026 2.574764 0.3259284 -0.7291609 -0.709158 -0.5521663 -128 -128 -128 -128 -128 -128 -128 -128 -128
-128 -128 -128 -128 -128 -128 16.08608 14.14774 5.41703 8.074118 11.8417 15.11154 -128 -128 -128 14.40875 14.44396 -128 14.33472 14.09653 14.00098 13.8415 13.69461 13.5924 -128 13.3451 12.8231 13.29708 13.40274 13.41907 -128 13.19466 12.30857 12.6352 12.53389 11.21171 8.765535 4.035409 2.996934 1.506869 5.52366 7.89244 2.354259 -0.5932316 -0.6274165 -2.309477 0.5824073 7.089356 2.789303 -0.9660373 -0.7350101 0.3604932 6.628771 2.296702 2.135013 5.835095 6.469668 8.860249 8.073355 7.713976 5.991248 4.268992 3.158339 4.078034 0.5367048 -5.01539 -5.957796 -5.668839 -128 -128 -128 -128 -128 -128 -128 -128 -128
-128 -128 -128 -128 -128 -128 -128 15.25983 13.26863 13.58507 15.48061 -128 -128 -128 -128 13.90036 12.85254 13.74071 14.14378 -128 -128 13.79175 13.40436 13.60116 13.55196 -128 13.37301 13.48705 13.62651 13.65837 13.58099 12.22469 9.980684 10.46793 12.45536 11.66373 9.056309 6.304341 4.445581 4.294581 4.153955 8.607267 2.832519 0.09140083 -3.444323 3.971132 2.478269 0.606957 5.821731 8.964135 7.076553 4.990562 -4.67192 -5.792468 -4.55568 -10.24529 -7.984479 0.4863096 6.610038 7.530183 6.935679 5.671049 5.582393 5.080979 0.2887646 -7.503572 -4.135386 -0.2605278 1.467976 -128 -128 -128 -128 -128 -128 -128 -128
-128 -128 -128 -128 -128 -128 -128 -128 -128 -128 -128 -128 -128 -128 15.02604 14.19834 10.92366 8.786648 13.15662 14.36599 14.36655 14.08042 -128 13.72259 13.49294 13.83533 13.79045 13.82348 13.83625 13.12142 12.03349 9.721165 7.288557 6.735961 11.79231 8.759315 9.765709 10.75492 8.438082 1.307963 0.9714498 6.4871 1.757799 5.614668 5.806951 -1.826079 6.560352 -0.2034527 3.33958 9.503196 9.150832 6.315442 6.827857 -0.8497154 -1.790757 1.473411 -6.722788 -12.30453 -4.027759 5.444099 7.450706 6.768775 6.713902 6.202809 4.755392 -0.2523915 1.99031 2.280671 2.000697 1.820891 -128 -128 -128 -128 -128 -128 -128
-128 -128 -128 -128 -128 -128 -128 -128 -128 -128 -128 -128 15.6587 14.36597 14.16586 15.48704 14.57621 10.62988 13.0556 13.95062 14.2628 14.03028 12.64642 13.91001 11.25801 11.6494 13.66196 -128 14.32061 13.18628 9.747032 8.350116 5.966923 7.726313 11.45692 11.19686 9.542843 9.6971 9.815175 5.052842 5.58273 9.429784 7.801759 7.940245 1.926863 -0.5091993 -2.369275 7.424157 -1.310614 6.240154 4.609076 4.729821 4.037356 9.835793 7.725528 7.915833 6.685061 4.159049 2.849353 2.972113 4.922853 6.542765 7.360497 7.802836 6.800294 5.900283 5.272588 3.738422 2.654245 2.835196 2.950616 3.282525 -128 -128 -128 -128 -128
-128 -128 -128 -128 -128 -128 -128 -128 -128 -128 -128 -128 14.52023 8.279162 12.29766 15.19096 13.83989 11.45899 11.38816 13.15156 13.56382 14.3818 13.59258 14.31671 13.87087 8.947443 8.62537 12.04539 14.39582 14.54408 14.10335 13.09594 10.91316 7.607684 7.53182 8.71624 11.45164 8.777968 9.035387 10.52156 10.20757 9.47785 9.213367 2.298758 1.15645 -11.96085 -10.57128 9.699419 -1.908745 4.904026 6.377072 7.637634 4.073079 10.25705 10.6001 9.928577 9.804174 9.041367 3.574631 2.114899 1.81646 5.551679 7.208032 8.075336 7.450613 6.408512 5.690373 4.681333 3.450949 3.601356 4.156468 4.345962 4.093925 4.179574 -128 -128 -128
-128 -128 -128 -128 -128 -128 -128 -128 -128 -128 -128 14.82565 11.37233 7.387418 11.5866 13.18745 15.39301 9.080581 9.507952 12.53704 11.34138 12.77217 14.19419 14.68111 14.56939 13.12966 10.06138 8.825623 11.5979 9.967616 13.87159 14.43436 12.6759 12.3709 12.51925 9.186586 8.028324 11.07368 10.24038 10.84461 11.08909 5.491669 9.001736 7.974803 3.360861 -3.838258 -9.849735 7.009474 1.41594 -0.4343519 -2.991329 -1.771702 3.498338 9.879187 6.043573 9.361172 -128 -128 8.114794 7.650327 6.931975 6.821057 7.579285 7.632328 5.780735 5.696911 6.072588 5.720299 5.774093 6.028209 6.254372 6.31614 5.778986 4.435196 4.169707 -128 -128
-128 -128 -128 -128 -128 -128 -128 -128 -128 -128 -128 16.02315 13.63215 7.003508 11.86861 9.558187 14.5493 9.614934 11.48605 10.08449 12.75424 12.84972 12.79763 14.56087 14.67842 14.63083 12.50149 6.460153 5.654253 5.569673 9.354887 13.13543 13.20142 14.33921 13.86953 11.7726 8.860302 8.011473 7.417015 6.871642 11.12819 9.048513 3.084529 9.481359 6.727643 0.7777461 -10.21072 7.205626 8.100841 4.175104 7.060432 8.049893 7.061997 -2.622463 1.720093 7.885512 8.665326 -128 -128 7.543488 -128 -128 -128 -128 6.833945 6.402405 6.648989 6.533785 6.396079 6.2323 6.225877 6.002655 5.595778 4.678214 3.858828 3.672297 -128
-128 -128 -128 -128 -128 -128 -128 -128 -128 -128 16.04096 15.86675 15.1723 14.81968 9.002481 7.95754 9.463317 8.566411 7.122777 5.67118 8.877277 11.22718 12.59029 14.15462 14.61478 14.60609 14.42409 13.49926 11.47346 6.560601 8.310208 10.98941 9.659044 8.357651 13.31567 13.91986 12.86936 10.83004 7.939661 9.445704 11.4572 11.01646 7.067312 6.328449 10.24516 2.770345 -2.20761 2.11017 10.24337 -0.2062048 1.443411 4.903152 8.635242 7.186598 6.507312 8.419365 9.100189 8.586314 8.143295 7.878927 7.810305 7.419522 7.652369 7.566443 6.605828 5.669479 6.451313 6.580193 6.089547 6.278556 6.458381 6.269722 5.718944 4.894151 4.266096 4.251041 -128
-128 -128 -128 -128 -128 -128 -128 -128 -128 -128 -128 -128 16.09228 15.27018 8.804764 5.604839 8.724394 10.61069 6.287344 7.518008 10.70658 13.42846 10.26137 11.52768 13.94466 14.14638 14.37978 13.88945 14.3888 14.52523 13.55361 12.54994 7.915576 2.129313 8.342184 9.250751 12.1088 10.71017 4.531737 6.983087 11.87901 11.25401 10.00959 1.959117 5.485669 7.087792 -3.823622 2.9322 10.84786 -0.3044221 1.921901 10.77399 2.917679 -3.159741 3.126269 9.810949 6.66989 -0.1107018 2.165571 8.131329 7.627944 1.323558 6.001635 6.548769 6.898217 6.259528 5.247878 5.602972 4.978075 4.876777 5.172219 5.142924 4.797106 4.603932 4.643881 4.641695 -128
-128 -128 -128 -128 -128 -128 -128 -128 -128 -128 -128 -128 16.05972 10.8424 5.510579 6.944881 12.3102 12.42871 9.712189 9.299518 9.924596 6.791804 4.998958 8.988629 12.72429 13.88125 13.52948 13.84622 13.97027 14.17055 14.62686 14.51161 12.07003 6.248158 6.211856 2.875026 6.72245 11.55671 12.48711 10.13463 10.307 11.36759 11.03965 3.055329 3.331782 7.309433 3.791258 3.580069 9.726727 0.3791182 2.853336 9.287317 -1.075696 0.4091521 8.64459 9.578628 -0.5808787 -2.842525 -1.86011 7.959126 7.31081 -4.671347 -3.07548 6.388464 7.413957 6.937456 4.892803 3.965258 1.810875 3.103386 3.863051 4.229082 4.348799 4.005915 4.558661 4.980852 5.059396
-128 -128 -128 -128 -128 -128 -128 -128 -128 -128 -128 -128 16.01963 15.09948 11.33907 9.887224 11.95887 11.21076 7.738117 11.52948 8.28147 10.31962 12.52063 13.05448 13.31213 14.02218 13.32818 11.66529 13.74521 14.27599 14.11179 14.06854 14.33639 11.83351 8.689121 7.722425 9.735069 10.25744 6.161723 9.939641 7.154519 10.76807 -128 10.17017 8.485267 7.840158 -1.233992 -4.197981 9.207685 4.266304 0.8409029 9.105698 4.600681 6.92075 9.154301 7.370233 -5.746813 1.865695 7.218061 7.158038 8.151207 1.095211 -2.951869 5.431066 7.377019 5.810505 -1.28851 0.4361111 -4.017004 -1.413165 -0.6168288 1.288029 3.132029 1.862764 0.8117461 3.17592 2.38825
-128 -128 -128 -128 -128 -128 -128 -128 -128 -128 -128 -128 -128 16.1134 14.48952 13.93619 12.79219 9.687506 14.1783 13.86744 10.63836 12.82979 14.18502 15.15195 14.59859 14.62749 13.94156 11.65534 6.852653 9.127579 11.02624 8.868565 8.154137 13.73544 12.76853 14.27525 14.18269 6.305029 4.640202 9.275831 9.966121 5.412673 10.0495 10.29298 8.40744 9.346107 7.089615 0.1704163 3.464521 7.915404 7.1327 8.423451 4.767366 5.981189 7.888292 -5.450891 2.01207 5.390958 -3.919676 -0.7633546 7.174241 7.744843 7.205985 7.23031 6.997633 5.103927 -4.767205 -0.4103684 -1.654132 -0.8151118 1.669896 2.891786 3.52591 -1.918912 -2.174383 -0.6572077 -2.102366
-128 -128 -128 -128 -128 -128 -128 -128 -128 -128 -128 -128 -128 16.12676 -128 16.01909 15.69937 14.79417 12.31992 7.968998 11.68964 14.79225 15.30933 14.9104 14.3901 11.23459 12.11549 10.73377 11.3666 10.5076 10.24938 11.66625 12.16079 10.75245 11.70446 11.96886 11.03615 12.55066 11.44138 7.665233 10.3362 9.89478 7.89949 9.836184 7.70314 2.174111 9.985907 9.452705 8.750882 5.350626 4.171666 -0.1587382 6.278995 5.567399 7.480742 -0.657273 6.323099 -2.004092 0.9364609 3.055504 -1.698623 -3.258585 6.88918 8.122173 7.778037 5.235331 0.4713055 -0.4093264 2.175128 2.584808 2.604596 2.081721 -0.4197765 -0.2351811 -3.125095 -0.9192346 -1.090654
-128 -128 -128 -128 -128 -128 -128 -128 -128 -128 -128 -128 -128 -128 -128 16.23188 11.57793 12.90561 14.37843 13.24463 13.75855 11.67523 14.29153 15.27709 15.00045 14.25305 13.79098 13.96195 13.20632 13.85699 12.99039 12.32103 11.40101 13.01371 7.823496 4.684524 8.969822 12.60654 13.62542 11.67142 11.02176 11.21652 10.15154 9.219247 6.854104 3.754947 4.46024 9.341808 7.789816 2.887717 -0.3600605 5.16657 3.513479 -6.483206 1.958814 7.519436 7.335054 1.168896 -1.501906 -4.760346 -2.504494 -5.778901 4.733827 7.939074 7.401442 4.38685 1.075329 1.348952 1.708725 -3.012624 -4.137637 -2.718455 -4.282796 -4.622703 -5.763065 -2.715574 -0.7008611
-128 -128 -128 -128 -128 -128 -128 -128 -128 -128 -128 -128 -128 -128 -128 15.97727 14.03246 13.50842 12.96958 12.0379 9.855213 11.30835 11.1128 14.30179 15.00963 14.82915 12.34062 12.67199 14.38128 14.55653 10.1297 11.67169 11.92763 10.79024 11.27381 8.520258 9.051067 6.190919 9.624728 11.57262 11.6671 11.16955 10.29869 6.03676 5.236788 1.237352 3.326263 3.993024 6.040538 7.302378 7.994082 6.972136 -0.5907782 -1.00297 4.696922 7.426451 5.950542 -4.87361 -4.675778 -3.200484 -0.2713036 5.273732 7.506483 7.8937 6.807575 2.719362 2.34786 1.722029 -1.388526 -5.103847 -6.301866 -6.422243 -2.48498 -2.597682 -7.445182 -6.141745 -0.5977519
-128 -128 -128 -128 -128 -128 -128 -128 -128 -128 -128 -128 -128 -128 -128 -128 15.90854 15.50611 15.18353 12.0995 12.77005 13.77681 14.28295 13.39286 14.63286 14.89431 14.78682 14.78826 14.58106 14.42239 13.30429 10.04323 9.331117 9.846057 9.893198 13.96376 12.92553 9.480495 10.76425 12.89269 12.29801 11.09584 10.74007 8.427687 5.662292 0.6490476 -8.78341 -1.20647 5.073618 4.328018 0.8577724 6.25738 4.137878 3.296111 2.55117 1.439606 3.080131 0.3547749 1.525393 0.3185149 3.700858 6.435079 7.842615 7.949452 6.893812 4.781657 3.757615 -0.4159011 -5.734617 -6.03504 -7.940168 -8.208924 -7.947597 -1.955267 -0.9851907 -4.643883 -1.622424
-128 -128 -128 -128 -128 -128 -128 -128 -128 -128 -128 16.19041 16.15101 -128 -128 -128 -128 16.00717 15.94511 15.39488 12.6101 11.60494 14.74903 14.77865 15.112 14.96766 14.82222 14.99607 15.08051 15.08685 14.35555 8.898234 6.422062 11.94903 13.51401 14.69694 14.25942 10.83456 8.207737 11.50377 12.22362 11.20563 11.13104 10.05254 7.42244 4.760149 3.623486 1.460325 4.597459 5.690488 -2.943813 -3.340362 -2.785613 0.3876851 -2.360844 -2.402511 1.043343 4.795427 5.633246 7.604734 7.745152 7.541193 7.561746 0.2631404 5.044721 6.792004 1.166916 3.027053 -2.667622 -3.179588 -6.363741 -1.921004 -1.348606 1.33101 0.8730985 -4.196212 -2.613973
-128 -128 -128 -128 -128 -128 -128 -128 -128 -128 -128 -128 16.25307 -128 -128 -128 -128 -128 -128 -128 16.17478 15.66962 15.24194 13.98527 14.69301 15.26213 15.01648 14.92646 14.84009 15.13475 15.20129 15.0389 14.01808 13.54307 14.44695 11.81684 9.985211 13.03354 12.07238 10.49985 11.92002 7.382341 5.802386 8.39999 5.920638 4.050433 0.1944944 -2.894561 4.253454 4.55821 3.709659 -1.312526 -5.04146 -2.682217 -2.842601 0.7675033 5.954789 7.790491 7.533971 6.701739 7.299253 6.323957 3.436862 -4.234594 2.63743 7.452643 5.009335 3.532813 -5.142677 -2.237298 4.134758 3.754766 2.642634 2.075919 2.633343 -1.902742 -4.951725
-128 -128 -128 -128 -128 -128 -128 -128 -128 -128 -128 -128 -128 -128 -128 -128 -128 -128 -128 16.33463 16.28659 16.2393 15.7269 14.02111 15.40951 -128 -128 15.23303 15.17134 15.20098 15.28851 15.30192 15.19858 15.3155 14.81021 12.01749 13.31867 13.0285 7.860116 5.427255 9.868633 11.12695 10.16841 8.36547 3.262417 0.3613948 1.806979 -3.76263 1.689209 -1.252325 6.673883 1.958658 -6.664935 2.505343 1.856759 5.181152 5.912718 1.708313 -6.088462 -8.845929 -3.401277 4.443797 7.981345 4.773197 0.6645613 -0.3461854 7.875768 1.679594 -9.609858 -4.589756 5.268111 6.623346 4.887051 4.333593 4.488022 3.239095 0.651109
-128 -128 -128 -128 -128 -128 -128 -128 -128 -128 -128 -128 -128 -128 -128 -128 -128 -128 -128 -128 16.23849 16.17071 15.99112 15.60029 14.92342 14.99204 15.20373 15.22226 15.18325 15.14804 15.15847 -128 15.09816 15.14724 13.78441 12.32731 13.00192 9.798245 6.602909 9.903128 11.83743 11.33287 10.71818 5.883003 2.380969 -0.6392412 -0.7757282 -0.6997342 1.181082 3.927851 7.428977 8.404149 4.188277 4.170782 6.118287 7.707078 2.575296 0.4727138 -7.183331 -5.431482 -0.8894737 4.35882 0.7803954 -2.745512 0.701035 7.947032 8.556511 7.219529 3.155099 5.194242 8.373278 8.250473 7.240627 6.5137 6.744878 6.43836 5.947132
-128 -128 -128 -128 -128 -128 -128 -128 -128 -128 -128 -128 -128 -128 -128 -128 -128 -128 -128 -128 -128 -128 -128 15.62609 15.39755 15.1462 15.05585 15.07778 15.01246 14.96035 14.6372 13.84718 14.15098 14.13694 12.43 12.37284 13.10618 10.75704 10.57629 11.87123 11.91921 11.00694 9.139198 5.765668 -0.2488869 2.159362 7.300348 -2.816354 -5.012552 -2.753882 0.5048369 8.384067 6.10182 1.628163 2.248742 5.396439 8.006176 8.578792 4.479692 6.830107 8.11652 7.121212 4.803849 6.149749 -3.108055 -3.851388 4.498701 8.712635 8.199517 7.960428 -128 7.580169 7.179631 6.789813 6.638546 -128 6.858467
-128 -128 -128 -128 -128 -128 -128 -128 -128 -128 -128 -128 -128 -128 -128 -128 -128 -128 -128 -128 -128 -128 -128 -128 -128 15.16906 14.74423 14.93727 14.83604 14.74875 14.06915 13.82948 14.33163 12.7239 13.22181 12.58573 13.01036 11.93155 10.16796 11.76408 12.20435 8.127461 2.889023 3.248157 3.744043 4.154163 6.035458 6.25791 -1.862978 -0.05850506 6.403329 4.657818 -2.201685 0.6982893 3.241915 3.607689 6.232978 4.240345 8.085994 8.160622 8.332886 8.142353 8.872637 6.9016 -0.8894982 6.079059 8.490329 -128 7.738752 7.442375 7.126376 6.734296 -128 -128 5.577924 -128 -128
-128 -128 -128 -128 -128 -128 -128 -128 -128 -128 -128 -128 -128 -128 -128 -128 -128 -128 -128 -128 -128 -128 -128 -128 -128 -128 -128 -128 -128 14.75733 14.30884 13.5852 14.33416 14.62918 14.20387 13.05756 12.34551 9.782489 11.9032 12.87847 12.37214 10.9635 8.549433 8.063074 7.895476 9.903913 8.083492 8.664126 1.691493 9.258289 8.477769 1.877247 -2.227354 -7.475416 -2.363937 4.211805 4.368583 -1.504343 1.093649 2.201179 8.768031 9.505726 -128 -128 10.27061 9.687569 9.744523 8.912568 9.009157 -128 6.730543 3.488601 5.259468 6.651015 5.727049 6.503291 6.639122
-128 -128 -128 -128 -128 -128 -128 -128 -128 -128 -128 -128 -128 -128 -128 -128 -128 -128 -128 15.99224 14.11475 15.75099 -128 -128 -128 -128 -128 -128 -128 -128 14.60214 14.37857 14.48508 14.52118 14.4943 12.17815 11.74623 13.32034 13.66104 13.09844 11.90553 11.07505 10.35961 10.91422 10.83186 10.1987 9.324121 10.07421 10.45723 2.452969 2.976353 3.240814 -3.879841 1.071644 6.457054 2.742342 -2.612822 -0.687952 0.3118607 6.76325 7.665149 10.46254 10.93584 11.55463 10.9373 8.125682 10.14974 -128 9.834623 7.423665 -1.801808 -6.016022 -2.816625 3.301454 3.72621 3.145452 3.244422
-128 -128 -128 -128 -128 -128 -128 -128 -128 -128 -128 -128 -128 -128 -128 -128 -128 -128 -128 15.71218 8.485073 11.13741 14.39574 15.68542 15.6736 -128 -128 -128 -128 -128 -128 -128 -128 -128 -128 14.1593 13.9988 -128 13.60431 13.09172 12.02209 11.2637 11.13011 10.84618 10.34251 10.09453 10.36432 10.71476 9.647103 5.036843 -4.279515 -4.823501 -12.84416 -5.892177 4.967512 1.360243 -0.05156957 4.918936 7.663284 2.969329 -0.6056339 4.290784 11.39471 11.68676 10.23778 7.625527 10.31981 9.016197 7.957265 6.459797 -0.2035001 -1.495922 -2.647025 -1.548315 1.381007 -0.1144327 -1.342158
-128 -128 -128 -128 -128 -128 -128 -128 -128 -128 -128 -128 -128 -128 -128 -128 -128 -128 -128 16.19026 14.88939 12.28769 9.978209 9.916065 12.84667 15.20839 -128 -128 -128 -128 -128 -128 -128 -128 -128 -128 -128 -128 13.41906 12.96408 12.2551 11.17893 10.55075 6.680508 5.507589 6.742156 6.965311 7.327937 4.957121 4.54605 -11.62592 -19.99396 -19.46226 -6.767225 3.044312 9.084114 4.362638 4.322845 0.7776924 -2.092301 -1.30164 7.327351 8.061558 10.82797 10.98606 9.077791 -1.28676 -2.667375 -0.3850715 0.3519386 -2.077675 4.424726 4.042125 2.718319 3.590444 2.600142 0.4969945
-128 -128 -128 -128 -128 -128 -128 -128 -128 -128 -128 -128 -128 -128 -128 -128 -128 -128 -128 -128 -128 15.35067 12.86022 7.854167 9.981569 13.37173 15.01983 -128 -128 -128 -128 -128 -128 -128 -128 -128 -128 12.58266 13.03705 12.04947 10.88898 9.895123 7.127635 6.766086 5.910786 5.221678 5.560536 -1.887033 1.728387 -3.864765 0.01582189 -7.557498 -13.31709 -2.27971 6.256633 -1.343173 -8.282493 -10.80622 -6.333383 1.581171 5.983315 5.430952 1.76856 0.2514434 2.379454 7.816601 -0.8030706 -2.769876 -3.355021 -4.559654 2.170947 6.761892 3.242525 3.001243 5.183301 3.991521 1.274951
-128 -128 -128 -128 -128 -128 -128 -128 -128 -128 -128 -128 -128 -128 -128 -128 -128 -128 -128 -128 -128 16.14738 11.9021 10.377 9.608457 8.584578 13.16925 14.67758 14.9972 15.00293 14.87156 14.66601 -128 -128 -128 -128 -128 13.10181 13.10675 12.63978 11.45309 11.17666 10.01799 9.318256 7.291775 2.77151 4.786308 8.58868 4.97916 5.113838 7.291841 3.528087 -2.996545 -5.988676 2.342207 2.487238 -4.128765 -2.364354 -1.48687 5.42529 -1.463674 -6.190309 -13.93161 -4.115895 2.927408 2.601073 -1.905799 -3.344829 -1.305058 1.575159 0.2447486 -3.2772 -4.223087 -4.448447 3.646676 5.689437 3.498537
-128 -128 -128 -128 -128 -128 -128 -128 -128 -128 -128 -128 -128 -128 -128 -128 -128 -128 -128 -128 -128 15.86834 15.39676 14.25542 12.66435 10.01583 5.739829 8.290262 11.32834 11.74394 12.38221 13.62077 12.31799 13.69123 14.24435 14.44403 -128 -128 -128 -128 -128 -128 9.153432 8.652194 9.231916 6.369683 7.569154 3.847156 4.396029 2.44121 -1.188268 5.202938 -3.447428 -8.281131 2.042607 1.882103 -9.734562 -0.833532 2.045947 -7.170254 -9.373526 -14.35201 -15.28524 -4.338237 -2.017284 -1.450996 -8.231686 -5.214431 -8.791109 -9.836289 -6.185557 -3.572587 -4.660202 -0.5287107 3.052851 5.628208 7.534693
-128 -128 -128 -128 -128 -128 -128 -128 -128 -128 -128 -128 -128 -128 -128 -128 -128 -128 -128 -128 -128 -128 -128 15.62126 15.35575 13.99387 7.305029 8.506529 5.447209 4.667176 8.079731 8.521824 1.22141 0.1368894 8.409996 12.44858 11.36697 14.09943 14.0405 -128 -128 -128 11.1986 10.68515 10.23089 7.983104 4.329666 3.502872 -1.651033 1.782461 6.018509 3.872038 -3.265767 -2.574349 2.846155 3.03897 -2.523549 -3.378344 -3.088519 -9.694911 -12.48115 -2.710457 -0.4451391 -7.214083 -2.280846 2.310285 2.220741 -0.9870256 -5.629285 -9.25188 -8.360319 -4.609802 -3.176764 1.176169 4.542218 7.921559 8.969391
-128 -128 -128 -128 -128 -128 -128 -128 -128 -128 -128 -128 -128 -128 -128 -128 -128 -128 -128 -128 -128 -128 -128 -128 -128 15.65404 13.5788 12.82929 8.078979 8.937786 4.998324 5.668427 6.261656 8.557978 8.32149 9.758216 9.708704 10.38291 11.9404 13.39877 13.13443 11.40335 11.88639 -128 11.03727 10.69536 9.566534 6.557796 -1.107311 2.159338 7.604763 2.189172 1.571117 6.744765 6.739183 6.433395 -0.3132351 -6.292191 -8.581909 -7.608902 -4.399772 -0.2739601 2.027154 -0.09929296 2.951498 4.456146 6.44296 6.547949 6.596159 4.378006 -3.221015 -1.324681 1.696352 4.791365 7.167302 8.686918 8.37421
-128 -128 -128 -128 -128 -128 -128 -128 -128 -128 -128 -128 -128 -128 -128 -128 -128 -128 -128 -128 -128 -128 -128 -128 -128 -128 15.61005 14.50756 14.39941 14.19125 12.99722 14.53786 13.23466 10.31837 13.55196 9.268514 9.464125 12.28771 12.13411 9.373814 10.84773 9.780457 11.31402 12.02311 11.45192 -128 11.08597 10.64718 10.11376 9.453846 9.269777 9.370241 8.943104 8.445257 8.07327 5.674618 1.365599 0.5763463 2.59516 3.58035 -0.1235696 1.181724 -9.125365 -6.872823 -0.8756858 -2.083189 0.3944862 6.774947 7.736882 8.177618 7.294293 5.642766 7.156172 8.385858 8.69987 -128 7.72957
-128 -128 -128 -128 -128 -128 -128 -128 -128 -128 -128 -128 -128 -128 -128 -128 -128 -128 -128 -128 -128 -128 -128 -128 -128 -128 15.30253 13.91606 14.62669 16.44179 16.69072 16.57567 15.55693 11.53316 11.37233 13.17492 12.39499 12.4371 11.8719 11.92821 10.58327 10.37434 6.946703 11.55442 6.534764 8.982457 11.83481 11.64804 9.646791 9.841096 9.741119 9.797437 7.413353 7.13786 7.65033 7.631411 8.353011 8.413731 7.178292 6.771407 3.786238 4.394593 1.619009 1.840096 -0.7974181 -0.5754856 4.751843 6.943593 4.951491 7.870707 9.5091 -128 10.15004 -128 -128 -128 -128
