formato/VCI/bioclim_12.asc
ncols         186
nrows         781
xllcorner     -75.7
yllcorner     -56.55
cellsize      0.05
NODATA_value  -9999
[rows 510 to 543 of 781, columns 0 to 76 of 186]
-128 -128 -128 -128 -128 -128 -128 -128 -128 -128 -128 -128 -128 -128 -128 -128 -128 -128 -128 -128 -128 -128 -128 -128 -128 -128 -128 -128 126.9801 124.2323 120.9407 120.3001 117.3601 112.7258 112.664 114.1378 114.8475 115.2176 116.7737 115.7834 116.7065 119.26 119.5784 122.6009 123.1699 122.8752 122.4362 122.111 -128 -128 -128 -128 -128 -128 -128 -128 128.4939 122.4967 126.727 108.0946 107.8303 108.5378 101.3845 112.1598 107.6531 81.88964 95.38461 95.86782 79.32543 66.34182 71.56761 64.23721 81.13127 70.76795 74.86084 88.79906 -128
-128 -128 -128 -128 -128 -128 -128 -128 -128 -128 -128 -128 -128 -128 -128 -128 -128 -128 -128 -128 -128 -128 -128 -128 -128 -128 -128 127.5732 124.6277 121.8574 120.009 119.164 117.2253 114.0842 111.9096 112.2097 112.2457 113.3445 116.5776 117.7733 116.0123 118.1848 119.9083 121.3719 123.295 122.9525 -128 -128 -128 -128 -128 -128 -128 -128 -128 -128 123.5698 108.1325 114.1076 114.5317 102.2574 101.7448 99.08516 113.5034 115.3529 100.7955 96.28625 83.36961 80.12029 82.95004 60.29066 74.78501 75.34293 85.5135 66.74095 66.33739 -128
-128 -128 -128 -128 -128 -128 -128 -128 -128 -128 -128 -128 -128 -128 -128 -128 -128 -128 -128 -128 -128 -128 -128 -128 -128 -128 -128 126.6357 122.7262 120.4019 118.9226 117.5125 115.8538 115.5984 114.3532 113.9914 113.0355 113.0928 117.421 120.7423 118.4994 121.4685 121.5192 121.9827 123.2107 -128 -128 -128 -128 -128 -128 -128 -128 -128 -128 127.694 120.1219 103.8182 100.3042 100.0013 106.0107 96.2012 96.48151 82.37183 113.2505 99.30807 79.44833 82.26743 80.1996 88.52234 78.8982 68.02383 75.78564 92.14999 83.12735 68.78149 73.25822
-128 -128 -128 -128 -128 -128 -128 -128 -128 -128 -128 -128 -128 -128 -128 -128 -128 -128 -128 -128 -128 -128 -128 -128 -128 -128 127.6741 123.91 122.3522 121.1728 119.0302 117.7101 114.5056 112.206 112.8581 112.7387 112.0864 112.9001 115.6598 121.393 122.9667 123.059 122.4602 123.5622 123.5067 -128 -128 -128 -128 -128 -128 -128 -128 -128 -128 127.5002 121.8749 95.3888 86.62508 97.46509 94.69942 97.50322 86.8708 91.69923 111.2243 110.3696 88.48523 73.52615 88.04059 84.53656 65.47741 69.43407 74.2832 83.731 78.77974 86.81876 93.85075
-128 -128 -128 -128 -128 -128 -128 -128 -128 -128 -128 -128 -128 -128 -128 -128 -128 -128 -128 -128 -128 -128 -128 -128 -128 128.3019 125.4838 122.4381 120.8899 119.6071 117.5637 116.2533 114.2375 112.1301 112.2213 112.5889 112.2092 112.3084 112.9951 120.5393 122.1103 122.6229 123.8462 -128 -128 -128 -128 -128 -128 -128 -128 -128 -128 -128 -128 -128 124.2753 104.5679 91.99812 91.11963 98.76829 86.48672 91.28754 97.26239 86.83327 113.5225 115.9761 103.0277 79.69514 63.70762 71.67844 64.28905 56.31886 65.31717 85.96812 96.3983 100.5038
-128 -128 -128 -128 -128 -128 -128 -128 -128 -128 -128 -128 -128 -128 -128 -128 -128 -128 -128 -128 -128 -128 -128 -128 -128 128.0149 124.9578 121.4304 117.7683 118.6283 120.5242 117.2481 117.649 114.8449 115.4616 114.6496 116.0126 115.4378 110.7211 115.7256 122.2143 123.8427 123.9015 -128 -128 -128 -128 -128 -128 -128 -128 -128 -128 126.5377 126.0567 122.7196 122.6469 120.0642 110.8541 94.69279 100.5723 80.25082 69.39873 58.76235 76.27927 103.0096 103.7439 109.1368 97.48577 67.3445 70.51997 73.41908 80.20132 81.17728 86.42407 93.55865 88.61835
-128 -128 -128 -128 -128 -128 -128 -128 -128 -128 -128 -128 -128 -128 -128 -128 -128 -128 -128 -128 -128 -128 -128 -128 -128 -128 -128 126.6688 124.1123 122.7386 122.8347 121.9089 121.1697 118.9327 118.5265 118.1106 116.0421 118.5618 116.1788 115.2969 121.9438 -128 -128 -128 -128 -128 -128 -128 -128 -128 -128 -128 124.7319 123.272 118.6459 111.8766 114.6389 118.3868 118.1732 105.392 87.0994 97.75521 79.82028 55.20822 54.97635 82.85435 84.35014 81.46323 110.5452 100.7999 79.9709 62.09455 69.63727 98.85049 95.89733 75.6473 63.70815
-128 -128 -128 -128 -128 -128 -128 -128 -128 -128 -128 -128 -128 -128 -128 -128 -128 -128 -128 -128 -128 -128 -128 -128 -128 -128 -128 -128 126.4515 126.3087 125.3826 123.8991 123.3285 122.5657 122.1343 120.4738 118.7064 119.2919 119.2103 116.4819 122.9223 -128 -128 -128 -128 -128 -128 -128 -128 -128 -128 -128 123.8772 120.2206 119.0272 113.2915 109.5381 105.3346 106.8995 112.5253 101.2208 100.7877 86.79346 76.94291 62.77634 67.05357 93.43883 91.94997 93.08286 114.2183 102.6539 73.13853 94.38521 77.53813 74.67059 64.42079 67.28941
-128 -128 -128 -128 -128 -128 -128 -128 -128 -128 -128 -128 -128 -128 -128 -128 -128 -128 -128 -128 -128 -128 -128 -128 -128 -128 -128 -128 125.8043 126.0584 125.5507 125.0364 124.4585 -128 -128 -128 122.2626 123.0444 123.2757 123.6501 -128 -128 -128 -128 -128 -128 -128 -128 -128 -128 -128 -128 122.8608 120.8912 112.2138 111.9794 105.4446 97.47719 83.58033 90.45769 96.45049 94.99204 79.3338 63.09273 67.16175 84.23001 100.5676 81.24152 73.23022 99.23009 106.1826 93.91855 85.57862 64.28407 65.45348 57.14777 66.18276
-128 -128 -128 -128 -128 -128 -128 -128 -128 -128 -128 -128 -128 -128 -128 -128 -128 -128 -128 -128 -128 -128 -128 -128 -128 -128 -128 -128 126.0249 125.6344 125.1385 -128 -128 -128 -128 -128 -128 -128 -128 -128 -128 -128 -128 -128 -128 -128 -128 -128 -128 -128 -128 -128 121.2552 104.5897 112.9374 103.2032 96.68714 71.59202 64.26002 64.31548 73.92709 81.00594 88.94427 62.76963 65.71501 74.32066 91.64359 83.20256 60.42169 59.25643 74.97196 107.793 84.92041 74.1018 76.52393 63.22876 64.93046
-128 -128 -128 -128 -128 -128 -128 -128 -128 -128 -128 -128 -128 -128 -128 -128 -128 -128 127.1099 125.9828 126.4325 126.8402 -128 -128 -128 -128 -128 -128 -128 -128 -128 -128 -128 -128 -128 -128 -128 -128 -128 -128 -128 -128 -128 -128 -128 -128 -128 -128 -128 -128 -128 -128 122.9983 117.0827 115.5941 109.5274 89.28032 71.21133 88.24185 97.35668 85.80661 62.00243 66.39342 65.82254 56.16887 59.6882 82.57851 85.42569 60.66262 58.19536 71.60866 84.14683 94.5601 72.99572 63.20556 65.04861 73.54433
-128 -128 -128 -128 -128 -128 -128 -128 -128 -128 -128 -128 -128 -128 -128 -128 -128 125.225 122.8978 120.6107 120.0388 122.0939 126.0504 -128 -128 -128 -128 -128 -128 -128 -128 -128 -128 -128 -128 -128 -128 -128 -128 -128 -128 -128 -128 -128 -128 -128 -128 -128 -128 -128 -128 -128 -128 121.7476 113.3289 114.2461 111.1008 111.1594 109.3156 91.22295 77.48325 65.27275 63.89746 69.89131 71.49294 59.32158 75.92603 93.65294 63.41915 57.04543 69.6489 82.9574 103.2782 98.98906 83.20248 69.07501 66.37894
-128 -128 -128 -128 -128 -128 -128 -128 -128 -128 -128 -128 -128 -128 -128 -128 -128 125.8867 117.6364 117.3349 116.9788 119.5753 124.2856 -128 -128 -128 -128 -128 -128 -128 -128 -128 -128 -128 -128 -128 -128 -128 -128 -128 -128 -128 -128 -128 -128 -128 -128 -128 -128 -128 -128 -128 -128 122.9034 122.7613 121.216 111.7529 112.2005 111.2506 104.6048 92.6737 86.25874 80.9526 64.65511 80.03622 76.86591 80.0067 100.5437 63.13314 62.27068 73.92299 90.93515 77.03413 101.8031 101.9511 101.3613 104.537
-128 -128 -128 -128 -128 -128 -128 -128 -128 -128 -128 -128 -128 -128 -128 -128 -128 -128 123.9939 124.9858 -128 -128 -128 -128 -128 -128 -128 -128 -128 -128 -128 -128 -128 -128 -128 -128 -128 -128 -128 -128 -128 -128 -128 -128 -128 -128 -128 -128 -128 -128 -128 -128 -128 122.9477 118.1075 103.753 107.1352 111.6184 103.264 110.0404 98.10898 78.51395 70.82535 69.1301 61.97904 79.21896 88.7378 104.4434 74.60593 67.40704 96.8334 95.86678 89.11783 74.51066 81.21935 84.56122 78.59429
-128 -128 -128 -128 -128 -128 -128 -128 -128 -128 -128 -128 -128 -128 -128 -128 -128 -128 -128 -128 -128 -128 -128 -128 -128 -128 -128 -128 -128 -128 -128 -128 -128 -128 -128 -128 -128 -128 -128 -128 -128 -128 -128 123.9255 123.6564 -128 -128 -128 -128 -128 -128 -128 -128 115.1497 105.8663 97.50768 104.7553 109.4357 93.52682 99.32734 85.27955 91.4724 91.55611 81.56743 59.21895 69.83638 83.28636 100.1458 100.1458 93.69016 104.0331 78.49467 76.98295 66.04962 66.02921 59.62004 62.24393
-128 -128 -128 -128 -128 -128 -128 -128 -128 -128 -128 -128 -128 -128 -128 -128 -128 -128 -128 -128 -128 -128 -128 -128 -128 -128 -128 -128 -128 -128 -128 123.3435 122.9114 122.2932 122.1438 122.0727 121.6895 121.3613 -128 -128 -128 -128 -128 -128 -128 -128 -128 -128 -128 -128 -128 -128 121.8589 122.228 121.6296 118.862 113.5377 112.3007 83.09286 94.54492 73.66573 75.18891 66.3306 74.90784 68.06609 79.73747 99.55801 88.89151 71.4796 69.73891 93.51779 62.2056 57.63885 68.74425 57.833 60.56009 70.89485
-128 -128 -128 -128 -128 -128 -128 -128 -128 -128 -128 -128 -128 -128 -128 -128 -128 -128 -128 -128 -128 -128 -128 -128 -128 -128 -128 -128 -128 -128 -128 122.1007 117.8474 117.615 120.5032 121.4179 119.3921 118.4832 121.0925 121.9296 -128 -128 -128 -128 -128 -128 -128 -128 -128 -128 -128 -128 121.4161 121.9004 117.1173 116.7113 94.95571 110.605 110.0179 107.1031 90.11613 87.73965 84.08881 71.80357 63.6601 78.2125 104.6357 88.84017 59.31311 68.03487 72.91427 84.67303 66.55721 56.55437 52.55784 61.18422 75.87624
-128 -128 -128 -128 -128 -128 -128 -128 -128 -128 -128 -128 -128 -128 -128 -128 -128 -128 -128 -128 -128 -128 -128 -128 -128 -128 -128 -128 -128 -128 123.3191 121.3962 118.3684 116.0907 115.2982 118.8921 119.406 118.3269 118.6428 121.22 122.1464 122.7093 -128 -128 -128 -128 -128 -128 -128 -128 117.7143 118.7578 120.3694 114.2535 118.4084 115.3202 113.4031 108.1109 102.0542 91.72932 89.47514 80.68387 84.79033 79.18307 71.49257 85.07191 107.4543 101.8357 90.7457 73.74596 55.59753 58.86986 76.71786 67.20983 50.66635 57.40999 58.91149
-128 -128 -128 -128 -128 -128 -128 -128 -128 -128 -128 -128 -128 -128 -128 -128 -128 -128 -128 -128 -128 -128 -128 -128 -128 -128 -128 -128 -128 -128 123.027 122.4642 121.8254 120.0364 117.398 115.9487 117.8475 118.9092 119.3047 120.2625 121.4653 122.4325 123.0165 -128 -128 -128 -128 -128 119.1203 109.5793 98.4422 111.2943 117.889 112.7995 113.1631 103.6302 94.46093 102.0203 114.6491 94.6572 77.74135 68.8415 73.98104 81.33251 98.33521 114.7733 109.229 95.34334 104.8656 101.6414 78.02444 60.60827 59.81719 58.18245 47.17354 43.93693 50.43084
-128 -128 -128 -128 -128 -128 -128 -128 -128 -128 -128 -128 -128 -128 -128 -128 -128 -128 -128 -128 -128 -128 -128 -128 -128 -128 -128 -128 -128 122.2297 122.114 122.3118 121.8607 -128 121.0925 119.1008 115.799 117.5882 119.5745 119.1535 118.4854 121.3011 122.8944 -128 123.1774 -128 -128 -128 118.0657 106.8167 98.93583 111.3351 109.9847 107.46 101.8037 107.6675 100.0276 90.39767 108.4556 108.1031 99.357 86.73781 100.5075 109.1412 112.8464 116.6131 105.9693 108.7908 108.6485 108.587 89.81116 73.6011 74.90716 56.50661 57.45614 57.64682 56.89712
-128 -128 -128 -128 -128 -128 -128 -128 -128 -128 -128 -128 -128 -128 -128 -128 -128 -128 -128 -128 -128 -128 -128 -128 -128 -128 -128 -128 121.3178 118.5092 120.7358 121.6557 121.4751 -128 -128 120.9563 120.8916 120.474 120.1714 119.9698 118.019 118.7589 120.9615 123.0856 123.1067 -128 -128 -128 117.9099 114.9118 112.9819 113.219 98.20777 93.93231 96.57329 84.58525 77.92715 89.43936 96.07555 78.3223 100.2832 107.3198 113.9536 110.426 109.5046 106.5743 75.46031 104.9496 101.5917 94.67276 70.59747 72.38618 73.75455 84.97742 78.78699 69.7117 60.69508
-128 -128 -128 -128 -128 -128 -128 -128 -128 -128 -128 -128 -128 -128 -128 -128 -128 -128 -128 -128 -128 -128 -128 -128 -128 -128 122.427 119.7679 118.0296 116.9882 119.5071 120.4364 120.327 120.7007 120.7762 120.4533 120.3798 120.9499 120.98 121.3225 120.523 116.0536 120.0972 122.3167 -128 -128 -128 -128 118.01 116.7731 102.1524 116.9492 102.5707 100.9792 81.77774 58.75405 30.27141 52.63399 73.68834 82.35043 74.78814 82.50494 91.55927 73.88679 94.7794 87.35809 80.90621 107.2088 93.7263 106.8306 99.12945 70.71942 59.36106 58.81828 60.86225 68.34569 84.52538
-128 -128 -128 -128 -128 -128 -128 -128 -128 -128 -128 -128 -128 -128 -128 -128 -128 -128 -128 -128 -128 -128 -128 -128 -128 122.0371 121.3548 113.8891 113.2301 116.2299 118.5014 114.986 113.5267 119.6415 117.5538 108.0677 115.6959 120.9322 121.345 121.6665 121.8751 120.0202 120.4109 119.1864 119.9259 122.0186 -128 -128 117.3875 115.0457 104.4497 106.4352 111.3507 105.532 100.6548 96.42971 83.90852 73.62331 74.21925 66.03577 70.33556 72.19473 74.86433 72.75603 99.33406 82.79047 93.99555 89.76443 73.63778 95.25252 106.6224 81.93793 62.58438 66.08598 64.05399 74.64691 79.03986
-128 -128 -128 -128 -128 -128 -128 -128 -128 -128 -128 -128 -128 -128 -128 -128 -128 -128 -128 -128 -128 -128 -128 -128 -128 121.0473 120.2115 117.0747 113.3425 117.7334 118.1043 112.7536 112.2867 114.0862 113.4793 109.516 114.1791 119.2279 121.3542 121.059 119.1435 122.3862 122.4126 121.628 122.0305 -128 -128 -128 117.2207 110.5581 102.9868 112.5666 108.4593 96.97229 82.48952 84.40077 83.86357 82.27129 86.7136 77.29311 66.2082 73.91933 65.55953 71.88333 98.9543 64.83659 88.20483 86.68237 79.64008 84.14717 91.65106 84.24844 83.36099 72.80671 64.98637 85.77568 89.62621
-128 -128 -128 -128 -128 -128 -128 -128 -128 -128 -128 -128 -128 -128 -128 -128 -128 -128 -128 -128 -128 -128 -128 -128 -128 120.0759 116.859 111.7749 115.8888 116.6813 117.4653 117.5004 109.8706 110.1568 110.4553 111.4411 117.6686 119.9725 121.0679 121.3943 121.6336 122.6276 -128 123.295 -128 -128 -128 -128 -128 116.7477 110.4038 101.2056 100.7299 97.76709 93.57912 82.46714 74.2731 78.24531 59.25969 64.27742 78.28712 81.85821 68.50223 78.83932 85.26736 66.6976 72.35889 98.65962 65.25509 69.67022 80.9639 71.46489 65.63759 72.80322 84.57924 93.14004 104.5843
-128 -128 -128 -128 -128 -128 -128 -128 -128 -128 -128 -128 -128 -128 -128 -128 -128 -128 -128 -128 -128 -128 -128 -128 120.332 119.3568 110.2366 93.54825 96.28152 114.9969 116.4591 114.9257 112.5674 101.3314 112.5595 112.0187 116.0205 117.3475 120.4053 118.9016 119.4234 122.4519 122.9302 123.0852 121.8937 121.9268 -128 -128 -128 117.0754 118.0374 115.0272 113.8965 108.1677 102.5621 82.82164 95.46159 100.2222 89.21095 89.83768 88.17963 72.26604 71.20165 89.8304 68.85944 53.37125 57.23576 86.20527 55.03974 55.41887 65.12509 67.65028 73.88979 82.32505 90.4734 98.79903 98.96924
-128 -128 -128 -128 -128 -128 -128 -128 -128 -128 -128 -128 -128 -128 -128 -128 -128 -128 -128 -128 -128 -128 -128 -128 119.8236 118.9703 117.2984 109.1187 113.5083 115.9867 117.1554 114.7703 114.9295 110.8255 113.6499 113.6167 115.2588 114.2402 119.5666 121.0775 121.2335 122.0135 122.4813 123.1122 122.8295 -128 121.4585 120.4946 114.3014 111.132 117.6533 113.5868 116.2863 111.4903 116.1882 113.9293 97.15312 87.09293 82.66515 68.55481 69.59474 77.35533 98.41199 81.44134 68.55848 57.6424 68.59613 69.02953 52.03234 60.3769 66.19778 71.53768 80.46764 80.03481 78.64579 84.37726 79.90202
-128 -128 -128 -128 -128 -128 -128 -128 -128 -128 -128 -128 -128 -128 -128 -128 -128 -128 -128 -128 -128 -128 -128 119.9409 119.3249 118.2384 116.7157 107.9062 112.5616 116.7849 113.5636 108.7297 114.454 99.30112 102.5019 114.1834 115.816 117.3071 119.1738 116.3324 118.0145 121.55 122.4625 122.9529 -128 -128 -128 121.2658 106.8636 103.0463 112.9944 117.0805 114.1619 114.1852 115.1938 117.7073 106.4974 99.73932 93.53133 90.53857 93.98214 102.4699 105.968 79.04245 44.43997 40.35104 44.18104 47.10648 62.1357 69.92052 56.63082 74.37641 70.85418 63.58256 61.34859 58.29927 62.05017
-128 -128 -128 -128 -128 -128 -128 -128 -128 -128 -128 -128 -128 -128 -128 -128 -128 -128 -128 -128 -128 -128 -128 118.5837 113.3075 117.4647 113.3012 99.92896 92.62703 112.5827 116.8786 114.7357 117.814 118.0568 114.4773 111.4585 114.9741 114.5313 116.4014 116.6826 117.5374 120.712 121.947 -128 -128 -128 -128 -128 121.244 112.0482 98.59938 116.8187 112.7727 102.2856 92.51663 110.8837 115.9805 115.9335 106.2417 89.18429 94.73246 112.7574 91.06201 53.97649 40.50637 34.81885 43.95741 44.34833 49.50669 59.87807 84.01441 83.06887 52.97682 61.3886 59.43483 51.50451 50.3257
-128 -128 -128 -128 -128 -128 -128 -128 -128 -128 -128 -128 -128 -128 -128 -128 -128 -128 -128 -128 -128 -128 119.3046 111.412 98.86885 110.1959 97.17664 94.444 102.4034 105.6226 115.6013 117.447 116.4452 116.7868 116.9919 118.6729 113.8491 117.1172 118.3916 119.3679 118.487 117.9881 120.2765 122.4049 -128 -128 -128 122.5699 121.6117 103.5603 94.53588 96.96008 97.30739 109.1002 95.69596 109.0307 88.71554 84.18365 102.4138 108.8908 102.1534 114.6052 106.1083 82.88296 67.00275 52.13319 40.98827 50.03244 56.69398 68.16088 65.42429 49.80029 47.86698 47.04779 43.09239 46.80976 52.58789
-128 -128 -128 -128 -128 -128 -128 -128 -128 -128 -128 -128 -128 -128 -128 -128 -128 120.636 119.8986 -128 -128 -128 -128 115.8585 105.4661 103.6343 110.1728 98.45535 92.94474 95.06046 99.01116 115.8592 112.6152 110.2195 112.5945 116.228 115.8963 118.5911 118.4193 116.5465 116.4276 117.9921 121.2559 -128 -128 -128 122.334 120.0301 121.6283 114.5417 106.6977 96.32846 86.92802 89.03139 108.8306 107.6883 84.94997 82.46458 77.6161 93.95698 113.9747 107.1943 89.00967 88.43605 62.74471 51.39611 53.07061 44.56427 39.31314 51.02447 72.12629 58.27838 59.08324 62.52357 58.23054 59.58137 66.66744
-128 -128 -128 -128 -128 -128 -128 -128 -128 -128 -128 -128 -128 -128 -128 -128 -128 119.7728 115.5691 118.3136 -128 119.3447 -128 -128 -128 118.4614 117.8688 115.0102 111.8611 113.351 113.0997 114.0516 117.5416 117.1336 116.4929 109.8083 117.3507 117.2112 103.3522 101.4426 106.4538 117.5143 121.2147 -128 -128 121.8496 120.9374 117.5523 117.7808 96.79813 105.647 113.5274 106.7209 87.16941 107.3516 85.35801 76.61971 74.81548 88.99911 109.0097 109.1779 80.2421 63.90455 61.02965 73.64684 84.04472 70.3334 62.61337 59.75577 51.31049 55.32045 52.63419 48.73301 46.80809 44.62637 54.39118 59.72464
-128 -128 -128 -128 -128 -128 -128 -128 -128 -128 -128 -128 -128 -128 -128 -128 -128 119.8903 115.4344 117.7893 118.6757 118.1806 116.787 116.8783 118.228 118.5517 117.0865 113.6195 110.8268 101.4081 96.37186 99.99936 99.6375 99.64882 101.5945 103.6767 114.8361 113.5963 106.0977 92.13747 99.48616 114.7752 120.7909 -128 121.8453 115.4082 109.9167 105.1715 104.0059 112.7791 92.47919 97.3756 96.87687 104.4425 104.1581 112.9687 101.4131 98.20482 111.5893 114.4577 108.5798 81.47701 71.27002 51.87587 51.77486 69.33576 72.31135 76.25376 81.63994 54.74617 52.16724 72.59341 51.99975 55.01117 58.99477 73.18103 74.65504
-128 -128 -128 -128 -128 -128 -128 -128 -128 -128 -128 -128 -128 -128 -128 -128 -128 120.1604 119.0285 118.6223 118.7393 117.9384 113.6431 104.3921 109.2303 116.5162 102.7733 98.38874 99.89693 102.7827 98.29114 92.66478 99.79156 101.2798 110.7641 103.2419 111.3452 115.4114 106.504 83.29816 98.11315 115.5148 120.5271 -128 121.7937 114.0612 106.4225 103.8582 94.10809 93.03465 106.323 89.9596 69.45554 93.09974 81.62593 82.18379 92.73465 108.7671 114.016 112.8209 100.3915 66.72289 64.80948 79.12868 87.4103 81.18655 82.94849 88.12207 85.56115 70.18459 59.52996 77.55264 67.56635 80.72246 80.48058 75.42299 76.683
