formato/VCI/bioclim_13.asc
ncols         186
nrows         781
xllcorner     -75.7
yllcorner     -56.55
cellsize      0.05
NODATA_value  -9999
[rows 646 to 679 of 781, columns 0 to 76 of 186]
-128 11.20088 11.24798 11.31191 -128 11.30268 11.29502 10.818 10.62491 10.3653 10.67349 10.56267 10.68844 11.10071 11.15784 11.27603 11.26003 10.92388 9.587294 9.521922 9.359335 9.163819 7.864956 8.337673 8.861175 9.059436 10.66574 10.05075 9.025462 8.473707 8.700568 8.947536 9.32522 9.210415 8.850384 9.181841 8.269254 9.575093 7.871059 6.123479 7.766898 4.84897 4.079909 4.079039 3.900864 -128 -128 -128 -128 -128 -128 -128 -128 -128 -128 -128 -128 -128 -128 -128 -128 -128 -128 -128 -128 -128 -128 -128 -128 -128 -128 -128 -128 -128 -128 -128 -128
-128 11.18749 -128 -128 -128 11.35263 11.35737 11.30109 10.9957 11.19993 11.07413 11.26018 11.1484 11.15029 11.23398 11.25646 10.67253 10.24839 10.28053 9.441492 9.094264 9.498631 8.621841 8.621512 9.532539 10.08015 10.68994 10.27911 9.1447 9.103884 9.889439 8.76174 9.672121 8.641239 9.520248 8.635016 9.963133 7.643561 5.348651 3.859055 5.770467 4.490549 3.591818 3.28272 3.142139 -128 -128 -128 -128 -128 -128 -128 -128 -128 -128 -128 -128 -128 -128 -128 -128 -128 -128 -128 -128 -128 -128 -128 -128 -128 -128 -128 -128 -128 -128 -128 -128
-128 -128 -128 -128 -128 -128 -128 -128 -128 -128 11.30003 11.28306 11.24972 11.19966 11.20676 11.21705 10.5137 10.10582 9.675455 9.726295 9.754436 9.583963 9.612196 9.364136 9.232717 10.54664 -128 10.12196 10.3154 10.32327 10.57407 10.32754 9.063972 9.212081 10.54329 9.841118 9.397865 9.080704 6.257784 4.89706 4.303932 3.947869 3.372626 2.974688 -128 -128 -128 -128 -128 -128 -128 -128 -128 -128 -128 -128 -128 -128 -128 -128 -128 -128 -128 -128 -128 -128 -128 -128 -128 -128 -128 -128 -128 -128 -128 -128 -128
-128 -128 -128 -128 -128 -128 11.29064 11.27355 11.27206 -128 -128 -128 -128 11.17516 -128 11.19355 11.15651 10.39813 9.510836 8.900309 9.347808 9.389535 9.184198 9.973421 10.34447 -128 10.60925 9.108626 9.658988 9.341397 9.925295 10.66875 10.31457 10.27187 9.487332 8.581175 7.759618 7.000002 5.866608 5.440831 4.402404 3.346051 3.298964 1.864869 1.467407 3.982146 -128 -128 -128 -128 -128 -128 -128 -128 -128 -128 -128 -128 -128 -128 -128 -128 -128 -128 -128 -128 -128 -128 -128 -128 -128 -128 -128 -128 -128 -128 -128
-128 -128 -128 -128 -128 11.25522 10.91736 10.41263 10.96907 10.86804 10.55735 10.86396 11.05849 10.94349 11.09938 -128 11.13876 10.83366 10.33385 9.997942 10.13942 9.391228 10.16304 10.6599 10.44166 9.902468 10.55312 9.819788 8.836535 8.732169 8.749065 9.345673 9.771353 10.51871 10.69063 9.936351 10.13974 7.397538 5.473258 5.000973 4.762383 4.358396 3.784929 2.624022 2.146021 3.084435 -128 -128 -128 -128 -128 -128 -128 -128 -128 -128 -128 -128 -128 -128 -128 -128 -128 -128 -128 -128 -128 -128 -128 -128 -128 -128 -128 -128 -128 -128 -128
-128 -128 -128 11.21254 -128 11.22707 10.79384 10.32865 10.48589 10.32614 9.861403 10.43296 10.84626 10.90311 10.81978 10.98935 11.07122 10.98844 10.8506 10.55831 10.53728 10.60252 10.57042 10.36502 10.09963 9.59254 10.05556 10.34505 9.967498 9.512273 8.709781 9.039893 8.521981 10.02308 9.951165 8.291548 7.994436 7.308922 6.171429 5.484859 4.904618 3.49995 3.579094 2.538851 1.896579 -128 -128 -128 -128 -128 -128 -128 -128 -128 -128 -128 -128 -128 -128 -128 -128 -128 -128 -128 -128 -128 -128 -128 -128 -128 -128 -128 -128 -128 -128 -128 -128
-128 -128 -128 -128 11.19271 11.1915 11.19041 10.72265 10.05131 9.944817 9.673706 10.35573 10.69625 10.64174 10.46196 10.63525 10.85403 10.74573 10.75995 10.62149 10.65324 10.27112 9.33325 10.05317 10.07317 9.462497 8.995119 9.6852 10.01211 10.3752 10.19623 9.049186 8.883172 8.345899 9.244387 8.769555 6.768894 5.618436 5.814318 4.895651 3.528332 3.166427 2.704692 2.625647 -128 -128 -128 -128 -128 -128 -128 -128 -128 -128 -128 -128 -128 -128 -128 -128 -128 -128 -128 -128 -128 -128 -128 -128 -128 -128 -128 -128 -128 -128 -128 -128 -128
-128 -128 -128 -128 11.16111 11.14656 10.36682 10.21757 10.74703 11.04779 10.72677 10.68442 10.55613 10.6109 10.47682 10.26521 10.66906 10.67025 10.61214 10.6228 9.983198 8.96948 9.202592 8.976348 8.73476 9.140224 8.767897 9.492559 9.829015 10.4815 9.72472 9.03057 9.824217 9.44331 8.945848 9.205366 6.949401 4.720624 5.810419 4.643136 4.654329 4.758739 3.770092 2.447473 3.310239 3.54708 -128 -128 -128 -128 -128 -128 -128 -128 -128 -128 -128 -128 -128 -128 -128 -128 -128 -128 -128 -128 -128 -128 -128 -128 -128 -128 -128 -128 -128 -128 -128
-128 -128 -128 -128 11.12953 10.7041 10.26256 10.51971 10.68304 10.61719 10.85331 10.06589 10.02303 10.40855 10.38381 10.6037 10.46779 10.53617 -128 10.34157 10.10875 10.15657 9.399918 9.574525 8.802479 8.93795 9.643399 10.15522 9.269679 9.008352 10.67601 10.58412 10.63925 10.80376 9.727849 9.40998 6.64123 5.233364 6.485548 6.440188 6.110222 4.693091 3.566851 3.356457 2.985735 3.600738 -128 -128 -128 -128 -128 -128 -128 -128 -128 -128 -128 -128 -128 -128 -128 -128 -128 -128 -128 -128 -128 -128 -128 -128 -128 -128 -128 -128 -128 -128 -128
-128 -128 -128 11.08167 11.04563 10.50143 10.03263 9.384858 10.0197 9.836493 10.29648 10.09558 9.826873 10.1619 10.25274 10.27707 10.24927 10.58976 10.46561 10.27655 10.20614 10.4199 10.29855 9.894595 9.319233 9.030542 9.080526 9.35071 10.23605 9.078108 10.11868 9.827243 8.666138 9.724078 10.60307 10.17069 9.580444 7.74938 7.411846 7.244787 6.630085 4.834818 3.524627 2.908333 3.930843 5.699556 7.430866 -128 -128 -128 -128 -128 -128 -128 -128 -128 -128 -128 -128 -128 -128 -128 -128 -128 -128 -128 -128 -128 -128 -128 -128 -128 -128 -128 -128 -128 -128
-128 -128 -128 11.05124 10.90709 9.549473 9.937131 10.31579 10.72997 10.47095 9.974453 9.968465 10.34661 10.59889 10.20115 10.06382 10.70027 -128 10.51535 10.35923 10.2557 10.41828 10.5764 10.26854 9.169169 8.932272 8.986644 10.03367 10.29745 9.350292 9.059418 9.467166 9.157623 9.014061 8.90582 8.729659 8.809833 8.482066 7.542773 7.163501 6.857464 6.109859 4.694099 3.954797 4.274029 5.702233 5.498847 -128 -128 -128 -128 -128 -128 -128 -128 -128 -128 -128 -128 -128 -128 -128 -128 -128 -128 -128 -128 -128 -128 -128 -128 -128 -128 -128 -128 -128 -128
-128 -128 -128 11.02112 10.94793 10.28527 10.55593 10.75126 10.67043 10.08159 10.28845 10.71411 10.31986 10.40774 10.73999 10.79989 -128 -128 10.56821 9.968533 8.863424 9.559417 9.848471 10.5451 10.46499 9.915318 10.04985 10.40447 9.12435 8.8308 9.375463 9.27499 10.49322 10.26122 10.09533 9.739407 8.464641 6.728575 6.209014 7.497424 9.246842 9.681111 9.706394 7.54473 4.72492 8.716636 9.713212 -128 -128 -128 -128 -128 -128 -128 -128 -128 -128 -128 -128 -128 -128 -128 -128 -128 -128 -128 -128 -128 -128 -128 -128 -128 -128 -128 -128 -128 -128
-128 -128 -128 10.99631 10.8467 10.70689 10.8816 10.79518 10.42123 10.16808 10.31658 10.28951 10.60986 10.65007 10.83946 -128 -128 10.71867 10.43666 10.2907 9.541239 9.345242 10.02079 9.919825 10.65464 10.62032 10.75221 10.68259 10.21493 10.26941 10.95255 10.61769 9.753778 9.047752 9.746352 9.567932 8.500611 6.97331 6.745807 9.350346 9.102529 10.57443 11.0665 8.838736 5.769819 4.108641 7.433492 -128 -128 -128 -128 -128 -128 -128 -128 -128 -128 -128 -128 -128 -128 -128 -128 -128 -128 -128 -128 -128 -128 -128 -128 -128 -128 -128 -128 -128 -128
-128 -128 -128 10.97153 10.91791 10.54404 10.10689 10.60063 10.79844 10.95927 10.71149 10.88545 10.73193 10.86171 -128 -128 -128 -128 10.57558 10.23614 10.08892 9.705153 9.432396 9.097435 10.00213 10.053 9.517325 10.77416 10.48363 10.41547 10.6343 11.08767 10.62619 10.72398 9.619049 9.36178 8.054335 7.038199 8.493613 11.02274 10.41571 11.21095 9.979548 7.758157 4.206479 3.63933 3.392369 5.972533 -128 -128 -128 -128 -128 -128 -128 -128 -128 -128 -128 -128 -128 -128 -128 -128 -128 -128 -128 -128 -128 -128 -128 -128 -128 -128 -128 -128 -128
-128 -128 -128 -128 10.87777 10.45701 9.833672 9.910596 10.05556 10.04182 10.03086 10.03995 10.87818 -128 -128 -128 10.8708 10.78819 10.66655 10.57416 10.36575 10.1366 10.38681 10.30768 10.27064 10.13448 9.999902 10.53973 10.23631 8.905634 10.09273 10.76136 9.419074 10.68425 10.73415 9.644889 9.51512 9.621588 9.961111 10.62162 8.655816 7.648425 6.662278 5.02613 4.522364 4.602849 2.375217 3.22784 -128 -128 -128 -128 -128 -128 -128 -128 -128 -128 -128 -128 -128 -128 -128 -128 -128 -128 -128 -128 -128 -128 -128 -128 -128 -128 -128 -128 -128
-128 -128 -128 -128 -128 10.88021 10.66936 10.43662 10.72266 10.30803 10.77248 11.08646 -128 -128 11.10941 -128 10.91306 10.80541 -128 10.65091 10.5906 10.23342 10.53123 10.01111 9.633164 9.255217 9.057156 9.729972 10.71233 10.23659 10.14539 10.09323 9.549753 8.464179 10.06808 8.984191 10.25251 8.700024 11.14543 11.35533 10.81689 8.57664 8.399302 7.332149 6.050335 5.88149 4.69565 2.900515 2.917383 5.338834 -128 -128 -128 -128 -128 -128 -128 -128 -128 -128 -128 -128 -128 -128 -128 -128 -128 -128 -128 -128 -128 -128 -128 -128 -128 -128 -128
-128 -128 -128 -128 10.83115 10.06366 9.989134 10.12342 10.57173 10.88957 11.09175 -128 11.15979 11.19216 11.15107 11.04149 10.94304 10.83398 10.62389 10.66387 10.65075 10.67654 10.52147 9.783422 8.827906 9.043248 9.132565 9.240747 10.32031 10.43039 9.141199 9.439644 9.33338 8.795115 9.084277 8.6701 8.481588 9.068198 11.26952 11.45196 11.42386 11.09775 11.30545 9.1554 8.321065 6.220435 3.932057 3.419885 2.924852 3.741167 3.767915 5.142982 -128 -128 -128 -128 -128 8.637372 8.714128 7.882295 8.262851 -128 7.536603 7.270864 7.394628 6.773548 7.317441 7.135096 -128 -128 -128 -128 -128 -128 -128 -128 -128
-128 -128 -128 10.93561 10.59192 10.39891 10.45393 9.956381 10.45318 11.05043 -128 -128 11.16438 10.9143 10.91281 11.0004 10.61734 10.60022 10.25865 10.52228 10.55042 10.58521 10.54094 9.823749 8.94603 8.852946 9.266555 9.653839 9.903511 10.22989 10.17609 9.012499 9.615943 10.21674 9.930214 8.913398 8.232091 10.41514 10.1788 9.614319 8.577296 8.295448 9.980192 11.19007 10.11299 10.20421 9.843148 7.030487 4.008913 2.972494 2.171454 6.561764 -128 -128 -128 9.770183 7.62974 8.029078 8.653237 6.763544 7.219839 7.228949 7.257178 7.908107 8.332545 7.005431 7.826665 6.927724 5.931184 -128 -128 -128 -128 -128 -128 -128 -128
-128 -128 -128 -128 10.94268 10.51622 10.03657 9.955592 10.62664 11.0593 -128 11.19365 10.81083 10.72319 10.94658 10.81723 10.61488 10.15024 9.467337 10.26399 10.37903 9.989829 10.37854 10.29808 9.344145 9.013656 9.118454 8.514833 9.410476 9.790527 10.73945 10.29239 10.6253 9.062018 9.302483 8.336068 7.969459 9.959476 9.008612 8.356956 7.911729 6.115139 6.362528 9.204411 6.344008 4.446806 4.711508 4.742096 4.331783 4.130758 4.597007 -128 -128 -128 8.031879 7.265397 8.099818 8.611098 8.799218 8.340382 7.521161 6.467536 7.666431 7.68772 7.840255 8.970257 7.877007 6.265772 -128 -128 -128 -128 -128 -128 -128 -128 -128
-128 -128 -128 -128 -128 10.70382 10.13114 10.5562 10.41783 11.08366 -128 11.19573 11.1586 10.57318 10.76167 10.46507 9.62204 9.495057 9.294803 10.01128 10.37823 9.934119 9.345505 9.621498 10.10768 10.24475 8.968035 9.779555 9.713365 9.877749 10.134 10.81157 9.061429 8.733904 9.202785 9.578542 9.736185 10.34759 9.953223 7.447756 7.099543 6.190191 4.868609 4.412212 3.474286 2.676863 2.43263 4.667066 6.032359 7.945076 9.587408 10.36523 7.403664 7.415885 7.980347 7.680619 7.792101 8.05224 7.805153 8.972604 7.621874 7.145737 7.594599 8.50099 7.811295 9.41863 7.649551 6.850121 6.063505 -128 -128 -128 -128 -128 -128 -128 -128
-128 -128 -128 -128 -128 -128 -128 11.01182 11.0431 -128 -128 -128 -128 11.14347 10.96458 10.78982 10.25124 9.512263 9.223031 9.794716 9.709265 10.10929 9.494836 9.184225 9.560052 9.898399 10.36247 9.880741 10.55888 10.477 10.26474 9.752435 10.69558 10.65659 9.632257 10.02398 10.99333 9.176131 9.781508 9.674605 7.810318 6.098802 4.447205 2.209872 1.860113 2.062425 4.574893 7.232168 6.842418 7.344346 7.240283 10.82309 9.87913 9.501231 9.903632 10.32332 9.931141 9.14555 9.173293 10.0555 10.71262 10.68518 10.59897 10.40461 9.543681 10.03456 9.346842 8.478364 9.684058 -128 -128 -128 -128 -128 -128 -128 -128
-128 -128 -128 -128 -128 -128 -128 -128 -128 -128 -128 -128 -128 11.13905 -128 10.67264 9.967373 9.60897 8.877626 9.640657 9.695864 9.611557 9.008856 8.652359 8.966302 9.01819 10.28774 10.47497 10.52754 10.63394 10.43948 10.13891 10.13533 10.72575 10.83637 10.74669 10.56109 10.65783 9.780096 8.65128 7.010266 5.158197 3.559381 2.636395 3.279328 3.66575 5.76699 7.545614 7.853394 8.166813 7.79972 9.10102 11.20912 11.23274 9.49574 9.288341 11.4239 10.52288 10.48595 10.97073 9.609812 9.043578 9.6471 10.41945 10.39857 10.61498 11.53502 11.9478 12.03063 12.03138 -128 -128 -128 -128 -128 -128 -128
-128 -128 -128 -128 -128 -128 -128 -128 -128 -128 -128 -128 -128 11.10743 11.02935 9.994546 9.28773 8.822556 9.435802 8.887689 9.883035 9.969821 8.996533 8.329258 8.675053 9.720065 10.29594 9.583498 10.39257 9.809885 9.013597 9.131285 9.476303 9.665946 9.431158 10.59675 10.49486 10.84504 10.38951 9.314457 8.941248 8.301499 6.793037 6.03476 5.464402 4.444197 4.609628 6.716593 9.561056 9.409459 7.041706 8.230804 8.402618 7.451039 7.27349 7.871338 9.857718 11.71916 11.3068 11.5284 11.65805 11.46287 11.46412 11.60221 11.71135 11.87646 12.76072 13.0085 12.8075 12.77418 -128 -128 -128 -128 -128 -128 -128
-128 -128 -128 -128 -128 -128 -128 -128 -128 -128 -128 -128 11.05179 10.64669 10.71277 10.12877 10.20439 10.16987 9.590274 8.845942 8.781857 9.189239 8.389305 8.737011 9.050326 9.000955 9.627539 10.07462 9.834168 10.26601 9.211745 9.555563 10.36363 9.361544 10.12021 9.573132 9.414907 9.093779 10.18605 9.50952 8.488028 6.919474 3.567021 2.946412 3.391453 4.27425 6.505588 8.11602 10.35136 11.08352 8.283635 6.430592 7.456799 5.925676 4.985285 8.933516 11.77081 12.09058 12.04163 11.97924 12.72171 12.89873 13.07516 13.44292 13.68174 13.74997 13.67326 13.54113 13.3794 -128 -128 -128 -128 -128 -128 -128 -128
-128 -128 -128 -128 -128 -128 -128 -128 -128 -128 -128 -128 11.00033 10.91825 10.87202 10.51455 9.761644 9.790089 9.663798 10.15694 9.981807 9.457056 8.807092 9.502596 9.688328 9.772388 9.787816 9.915899 7.949948 10.15351 9.28759 10.2405 8.803638 9.045633 10.18324 9.056153 9.272482 9.802399 9.432149 8.476668 8.878572 6.482578 3.479926 3.059133 4.058039 4.275023 6.752485 10.06468 9.797975 11.19301 11.84635 7.857857 8.75456 10.69279 11.0454 12.15956 12.08618 11.89933 12.04868 12.54132 12.97705 13.23244 13.38643 13.71804 13.84167 13.81642 13.7509 13.66284 13.48078 -128 -128 -128 -128 -128 -128 -128 -128
-128 -128 -128 -128 -128 -128 -128 -128 -128 -128 -128 -128 -128 -128 10.77919 10.58886 10.50289 10.48466 10.35482 9.634387 9.113351 9.639562 9.765516 8.789857 9.930224 10.18057 10.12816 10.32638 8.165242 9.47406 10.56064 9.632815 9.168371 8.820884 10.20437 8.567141 9.399936 9.62679 10.26498 9.455109 8.252112 8.447689 6.027342 3.789581 4.439345 5.986064 6.605609 8.250225 10.86314 11.03097 11.57325 11.92557 12.14834 12.2555 12.10194 11.93536 11.97878 11.94705 11.86977 11.24531 10.50225 10.9501 12.71404 13.38172 13.02145 12.75252 12.68168 -128 -128 -128 -128 -128 -128 -128 -128 -128 -128
-128 -128 -128 -128 -128 -128 -128 -128 -128 -128 -128 10.78087 10.73304 10.70323 9.423111 9.689255 9.617274 10.21401 10.56441 10.38166 10.14057 9.439264 9.563916 8.786565 9.342254 9.710197 9.797301 -128 10.03147 9.415623 10.50245 10.32102 9.222731 9.301656 10.7171 9.522056 8.58964 8.593344 9.798962 10.47978 10.02661 8.69798 5.934944 3.901597 5.337853 6.185205 7.364623 8.323999 8.932834 7.986196 9.044502 11.34714 12.03294 11.84802 11.76731 10.81544 10.34784 10.15228 9.137877 7.948615 9.307723 10.73331 13.05324 13.18568 11.93736 10.10242 10.12254 -128 -128 -128 -128 -128 -128 -128 -128 -128 -128
-128 -128 -128 -128 -128 -128 -128 -128 -128 -128 -128 10.63236 10.55607 10.43001 9.347777 9.5944 9.935512 10.2498 10.05955 10.09181 9.40764 10.30708 10.31494 10.27697 10.16517 10.0354 10.16726 -128 10.09513 8.887118 10.3647 10.54281 10.09694 10.10493 10.89013 9.586842 9.248358 9.309542 10.20266 10.72423 8.950365 8.918972 6.082836 3.563782 4.064061 5.064308 7.052157 8.589025 8.479142 7.971945 7.525894 9.098229 11.24588 11.91635 11.98474 11.33212 9.592329 8.899149 9.379085 11.4081 12.45335 12.68691 12.78792 12.86104 12.5878 11.62623 9.985961 9.750858 -128 -128 -128 -128 -128 -128 -128 -128 -128
-128 -128 -128 -128 -128 -128 -128 -128 -128 -128 -128 10.47023 10.37425 10.24474 9.796331 9.723207 9.975414 9.81479 9.679808 9.389813 9.368923 9.363403 10.16361 10.37115 10.3509 10.32394 10.62437 10.66521 10.64704 10.06666 10.78954 -128 10.7008 10.5152 10.72499 10.18211 9.725979 10.90977 10.38904 8.651887 9.868848 8.039757 6.460527 4.895063 3.201681 5.620737 6.236256 7.958886 10.03228 10.12933 8.390764 9.101721 11.56237 11.65572 11.51437 11.05797 11.64543 11.81646 11.71134 12.00339 12.13383 11.74238 11.38088 12.24225 12.21123 12.25625 11.94337 10.64229 10.83591 -128 -128 -128 -128 -128 -128 -128 -128
-128 -128 -128 -128 -128 -128 -128 -128 -128 -128 10.42823 9.635937 10.21929 9.410738 9.611232 9.52434 9.98291 9.795449 9.093386 8.967503 9.531187 9.554461 10.05729 10.19902 10.51336 10.69249 10.75048 -128 10.7913 10.75876 10.90353 10.98353 9.631323 9.627654 9.580264 10.9843 10.60507 9.75503 10.01293 10.22282 10.5312 9.324086 8.321432 7.847555 4.966962 5.999583 6.711082 8.71094 10.74355 10.86885 11.34747 11.4014 11.30812 10.54456 9.282007 8.834418 10.47625 11.48184 10.63342 10.96938 11.82336 11.9813 12.03502 11.77907 10.09804 10.47231 11.33524 10.7988 10.41611 -128 -128 -128 -128 -128 -128 -128 -128
-128 -128 -128 -128 -128 -128 -128 -128 -128 10.51196 9.053122 9.24413 9.520226 9.689102 10.01603 9.341867 9.483255 9.55124 8.87824 9.621647 10.32377 8.965906 9.712649 10.62729 10.61224 10.81806 10.8506 10.85838 10.86034 9.907337 9.781 10.89012 10.42992 9.662569 10.59177 10.68581 10.77349 10.80852 9.73867 10.29358 9.192154 10.0173 10.06726 9.245556 6.048901 4.220943 6.755684 8.945533 10.55599 10.19741 10.35346 10.86041 10.95619 8.796224 7.824019 7.831917 9.42766 10.88197 11.25144 11.30403 10.52353 10.34464 11.48112 10.70955 11.05723 11.00701 9.251447 9.056148 -128 -128 -128 -128 -128 -128 -128 -128 -128
-128 -128 -128 -128 -128 -128 -128 -128 -128 10.61964 9.841537 9.372471 9.159917 9.827839 10.26529 10.03961 9.871939 9.242255 9.552438 10.06373 10.10711 10.25759 9.742093 10.61966 10.8865 10.92372 10.90678 10.92078 10.96491 10.83106 10.95446 11.05029 11.06915 10.65422 11.16839 11.12708 11.04768 10.83067 10.5802 10.75841 9.720875 8.583629 7.913099 7.829386 4.056764 6.000292 6.804518 8.687606 10.21758 9.222072 6.583505 8.113703 10.61803 6.241486 6.391201 6.161164 5.469094 8.172335 11.06234 9.375301 8.083198 8.860705 10.74601 9.934777 9.633489 10.39929 9.607503 8.952167 -128 -128 -128 -128 -128 -128 -128 -128 -128
-128 -128 -128 -128 -128 -128 -128 -128 -128 10.35284 8.904078 9.91991 10.03901 10.23607 9.673375 9.211962 9.565726 9.843461 10.45453 10.19812 10.73693 10.98145 10.99307 11.00293 11.00484 11.02822 11.05581 11.03564 11.04476 11.03437 10.96534 10.98773 11.1682 -128 11.24684 10.98793 9.727541 9.269778 10.54747 10.91915 10.1615 8.916166 9.431501 8.82812 4.6343 5.998312 8.210243 8.144414 10.05812 7.526632 7.349971 9.583575 10.27437 7.297575 5.888324 7.34058 6.821608 6.949442 10.10878 9.144903 7.386872 7.747396 8.924292 10.36567 10.53264 8.918705 8.931629 8.690288 -128 -128 -128 -128 -128 -128 -128 -128 -128
-128 -128 -128 -128 -128 -128 -128 -128 -128 10.55189 9.26611 10.51598 10.65603 10.38763 9.878084 10.16231 10.44366 10.65786 11.02653 11.12557 11.12826 11.1257 11.12729 11.13053 11.13857 11.14177 -128 11.13844 -128 -128 11.16197 11.18059 11.22603 -128 11.17696 10.97228 10.21209 9.494948 8.994899 10.29157 10.84703 10.24435 9.796855 9.594466 6.76781 5.891534 8.467971 9.963528 10.92665 11.13882 11.04545 10.89336 10.6177 9.453584 7.873445 6.433076 8.609356 5.399157 7.348781 9.936275 7.94967 6.855142 7.426353 9.390389 9.692353 9.753635 9.252998 8.871744 -128 -128 -128 -128 -128 -128 -128 -128 -128
