formato/VCI/bioclim_14.asc
ncols         186
nrows         781
xllcorner     -75.7
yllcorner     -56.55
cellsize      0.05
NODATA_value  -9999
[rows 136 to 169 of 781, columns 77 to 153 of 186]
-128 -128 -128 -128 -128 -128 -128 -128 -128 -128 -128 -128 -128 -128 -128 -128 -128 -128 -128 -128 -128 -128 -128 -128 -128 -128 14.67645 12.20546 9.120399 7.959818 8.981603 10.51609 9.968628 12.44307 12.88883 13.7943 14.67821 15.15125 14.86516 14.57606 14.51856 14.6859 14.70557 14.80625 14.06931 12.84336 13.1192 12.46575 11.64531 10.5362 10.02125 9.653009 8.47105 6.055013 4.551263 5.053272 3.613932 3.260015 3.750369 4.9032 5.715989 5.72625 5.403572 3.904905 1.329856 0.3447468 0.9973968 3.817343 5.265277 5.652654 4.800286 3.15206 2.354781 -0.04194415 -2.552533 -6.07995 -2.184419
-128 -128 -128 -128 -128 -128 -128 -128 -128 -128 -128 -128 -128 -128 -128 -128 -128 -128 -128 -128 -128 -128 -128 -128 -128 15.91196 14.21411 12.14588 9.536933 7.83571 7.400918 9.435601 8.792922 10.79266 12.02821 12.52436 13.68872 14.79504 14.86996 14.46161 14.35598 14.3377 14.54303 14.49048 13.05573 13.14788 13.26081 12.72053 11.65066 10.38979 9.999068 10.19012 8.561949 6.467229 5.773113 4.82471 2.521631 3.766348 4.784995 5.78426 5.886896 5.536481 4.862057 3.801214 2.452133 1.51143 0.3782943 2.89963 4.01736 4.334387 2.210409 -1.632003 -3.827657 -0.4101223 -2.989213 -128 -128
-128 -128 -128 -128 -128 -128 -128 -128 -128 -128 -128 -128 -128 -128 -128 -128 -128 -128 -128 -128 -128 -128 -128 -128 -128 15.96058 13.53832 9.745005 10.21808 9.410953 8.63838 9.199746 8.280419 9.47584 9.284024 9.674918 10.67576 14.02042 14.87744 14.29692 14.196 13.90756 13.97934 13.95742 13.21755 13.33461 12.79217 12.81279 12.20213 11.36264 11.38455 10.97437 8.644241 6.446819 6.238083 4.498311 3.377305 4.357959 5.282371 5.810322 5.762207 5.483912 4.908521 3.377776 1.898522 1.422366 -1.072484 1.007862 1.890994 2.2795 1.928181 -0.9503521 -1.935061 -128 -128 -128 -128
-128 -128 -128 -128 -128 -128 -128 -128 -128 -128 -128 -128 -128 -128 -128 -128 -128 -128 -128 -128 -128 -128 -128 -128 -128 15.72788 11.78965 8.482961 8.38398 8.195736 9.328343 9.53072 9.178226 9.158623 9.241612 8.468251 9.671795 13.20796 14.1844 14.08592 14.19315 13.85774 13.63179 13.36584 13.24713 13.60102 13.0633 12.75612 13.10403 12.75022 12.27721 10.64675 6.903206 5.086762 5.696855 4.360924 4.49047 4.932725 5.704426 5.773972 5.573941 5.190535 4.275118 2.740786 0.3310206 -0.1358732 -1.596759 -1.486957 -1.441992 -2.923643 -1.013801 1.05016 -128 -128 -128 -128 -128
-128 -128 -128 -128 -128 -128 -128 -128 -128 -128 -128 -128 -128 -128 -128 -128 -128 -128 -128 -128 -128 -128 -128 -128 -128 15.32593 11.55461 8.290325 8.80007 7.709389 9.03055 8.616526 8.412657 8.933831 9.205703 8.200437 9.944467 12.61552 13.54714 13.80269 14.11928 14.02246 13.54699 13.28796 13.31792 13.55167 13.64002 13.38961 13.06842 12.60283 11.37085 9.843178 6.981431 4.318834 4.780083 4.973006 5.378115 5.531852 5.580759 5.462272 5.344753 4.725022 3.550808 2.150877 -0.3592343 -1.708959 -1.935509 -2.669265 -3.274404 -2.742134 -128 -128 -128 -128 -128 -128 -128
-128 -128 -128 -128 -128 -128 -128 -128 -128 -128 -128 -128 -128 -128 -128 -128 -128 -128 -128 -128 -128 -128 -128 -128 -128 15.89168 13.39392 9.981672 8.777955 8.576159 9.618753 8.295869 7.662914 7.814454 7.530231 7.52076 9.56555 11.3186 12.43001 12.52314 13.42095 13.68639 13.14822 13.21026 13.3569 13.46501 13.09608 12.70697 12.88209 11.94253 9.13656 7.594135 6.706983 3.868947 4.642691 5.431983 6.091269 5.612721 5.652053 5.38379 5.182433 4.524753 2.80877 1.403904 0.1953789 -1.208138 -3.368485 -3.650851 -2.746769 -128 -128 -128 -128 -128 -128 -128 -128
-128 -128 -128 -128 -128 -128 -128 -128 -128 -128 -128 -128 -128 -128 -128 -128 -128 -128 -128 -128 -128 -128 -128 -128 -128 16.01711 10.72406 9.018449 7.579543 7.493345 9.33694 8.390087 7.708887 8.883869 8.792351 9.19624 9.900178 9.960341 10.46921 10.98066 12.3145 13.22357 13.20818 13.03474 13.07029 13.25221 12.86785 12.27895 12.58237 11.14917 7.910148 5.769143 5.414576 2.973509 4.603639 5.701624 6.103923 5.681519 5.93103 5.234249 4.866644 3.863153 2.076004 0.2650529 -0.3889906 -1.617251 -4.128434 -4.798917 -3.321942 -128 -128 -128 -128 -128 -128 -128 -128
-128 -128 -128 -128 -128 -128 -128 -128 -128 -128 -128 -128 -128 -128 -128 -128 -128 -128 -128 -128 -128 -128 -128 -128 -128 15.68955 10.01922 8.498596 7.800854 7.893281 8.990204 8.199041 8.64488 9.573084 10.04072 10.23534 10.04886 9.399359 9.772899 10.33363 11.55095 12.65318 12.73643 12.89875 12.77649 12.89948 12.71473 12.47086 12.22346 10.45462 7.741289 5.058679 4.571706 2.070132 3.704832 5.273941 5.857169 6.15184 5.742558 4.470811 4.240693 3.321045 1.892323 -0.1420846 -1.794821 -4.245927 -6.046038 -3.957465 -128 -128 -128 -128 -128 -128 -128 -128 -128
-128 -128 -128 -128 -128 -128 -128 -128 -128 -128 -128 -128 -128 -128 -128 -128 -128 -128 -128 -128 -128 -128 -128 -128 -128 15.6389 10.85353 8.14546 7.786169 8.381193 9.014786 8.612771 9.479483 10.34019 10.23173 10.25251 9.923894 9.8611 10.21025 10.6272 11.24151 12.05533 12.08217 12.40542 12.35641 12.23633 12.38887 12.2478 11.18652 8.227226 6.890626 6.35762 4.611475 1.316829 2.26968 4.914263 6.147541 5.973531 5.599736 4.42544 3.466264 2.612581 1.245257 -1.177118 -3.238899 -7.012298 -9.445352 -128 -128 -128 -128 -128 -128 -128 -128 -128 -128
-128 -128 -128 -128 -128 -128 -128 -128 -128 -128 -128 -128 -128 -128 -128 -128 -128 -128 -128 -128 -128 -128 -128 -128 -128 16.03813 12.05543 7.058667 7.093113 8.904549 9.673777 9.813769 10.24062 9.949968 9.758042 9.759203 9.808805 9.733686 10.1111 10.34108 10.90653 11.64417 11.9481 11.88299 11.32045 10.44495 11.62827 11.53064 10.36559 7.435221 7.193645 7.120946 5.077719 1.86031 1.311571 4.244328 5.935939 6.256256 5.869367 4.147675 2.661152 2.043489 1.02996 -0.682885 -2.643311 -4.620714 -5.115352 -128 -128 -128 -128 -128 -128 -128 -128 -128 -128
-128 -128 -128 -128 -128 -128 -128 -128 -128 -128 -128 -128 -128 -128 -128 -128 -128 -128 -128 -128 -128 -128 -128 -128 -128 -128 13.39435 7.656883 6.797986 9.260356 10.18314 9.14311 8.83298 9.191086 9.418293 9.274321 9.423185 9.553002 9.586161 9.882948 10.18137 10.77012 11.0659 10.94933 10.13067 9.753663 10.68461 10.97111 10.11296 7.668605 7.819936 7.281095 5.741807 3.311834 1.336589 3.512858 5.141218 5.817489 5.533327 3.341341 1.674138 0.9982224 0.09790583 -0.7307128 -1.540998 -3.017937 -5.182465 -128 -128 -128 -128 -128 -128 -128 -128 -128 -128
-128 -128 -128 -128 -128 -128 -128 -128 -128 -128 -128 -128 -128 -128 -128 -128 -128 -128 -128 -128 -128 -128 -128 -128 -128 -128 15.55801 9.080828 8.337951 9.715509 10.12381 9.763173 9.762613 9.786432 9.683617 9.537378 9.136153 9.434778 9.653257 9.59203 9.758553 9.834559 10.10354 9.852196 9.090041 8.675989 9.933203 10.35648 9.91891 8.91598 8.328641 7.231655 5.636749 3.459704 1.334091 2.877134 4.183803 4.696728 3.759146 1.5525 1.076954 0.4944242 -0.7260562 -2.397798 -1.447485 -3.784359 -4.711448 -3.28542 -128 -128 -128 -128 -128 -128 -128 -128 -128
-128 -128 -128 -128 -128 -128 -128 -128 -128 -128 -128 -128 -128 -128 -128 -128 -128 -128 -128 -128 -128 -128 -128 -128 -128 -128 15.56982 11.88915 10.03362 10.60708 10.19874 8.695682 9.058177 8.681596 8.753386 8.675165 8.655649 9.342417 10.05159 9.530552 9.089506 9.160551 9.30177 8.97114 7.860711 7.463133 8.670797 9.279177 9.346951 8.544521 7.857867 7.159416 5.413459 1.831472 1.021312 2.175983 3.07516 3.380122 1.945317 0.8314742 0.9018019 0.848264 -0.4534391 -1.939311 0.3217612 -2.078037 -2.54182 -3.695734 -2.909064 -128 -128 -128 -128 -128 -128 -128 -128
-128 -128 -128 -128 -128 -128 -128 -128 -128 -128 -128 -128 -128 -128 -128 -128 -128 -128 -128 -128 -128 -128 -128 -128 -128 -128 15.92462 15.92576 11.73449 10.77949 9.75211 9.2938 7.858131 7.902601 8.848375 9.013279 9.524007 10.13944 10.6551 10.17926 9.405273 8.529559 8.777499 8.24841 7.322584 6.44747 7.77026 8.587021 8.568244 7.989894 7.138116 5.904467 4.519548 0.7849332 0.5878156 1.507116 1.92792 1.32748 1.034625 0.8099514 1.165967 1.169647 0.7099714 0.7119667 1.606439 -1.392198 -3.350284 -3.575643 -3.89345 -128 -128 -128 -128 -128 -128 -128 -128
-128 -128 -128 -128 -128 -128 -128 -128 -128 -128 -128 -128 -128 -128 -128 -128 -128 -128 -128 -128 -128 -128 -128 -128 -128 -128 -128 16.01899 11.98463 10.80932 10.36767 9.696395 8.14734 8.378435 9.499268 10.03179 10.45859 10.55084 10.85232 10.67228 9.454596 8.869711 8.611272 8.257838 7.443838 6.847341 6.711892 7.822484 7.828667 7.302877 6.286485 4.70941 2.62865 -0.007192161 0.4255732 0.9923656 0.6415418 0.7260458 1.188842 1.372216 1.443115 0.4684452 -0.7264794 1.090427 1.610815 -0.512931 -3.49822 -3.9875 -4.824675 -4.414262 -128 -128 -128 -128 -128 -128 -128
-128 -128 -128 -128 -128 -128 -128 -128 -128 -128 -128 -128 -128 -128 -128 -128 -128 -128 -128 -128 -128 -128 -128 -128 -128 -128 15.13999 14.34389 10.83823 10.09434 9.478491 9.450115 9.49444 9.392271 9.801378 10.71413 10.69832 10.71715 10.8226 10.85062 9.521665 8.679982 9.075188 8.672566 7.679624 7.354996 7.175117 7.593599 7.202301 6.143062 4.770181 3.352247 0.321456 -0.9187955 -0.04277142 0.2918757 0.4245023 0.7568367 1.119356 1.586004 1.733601 0.04823968 -2.554115 -0.06695716 0.4873985 -1.64915 -2.117293 -2.636573 -4.019946 -5.639637 -128 -128 -128 -128 -128 -128 -128
-128 -128 -128 -128 -128 -128 -128 -128 -128 -128 -128 -128 -128 -128 -128 -128 -128 -128 -128 -128 -128 -128 -128 -128 -128 -128 14.79509 15.1539 11.89424 10.25953 9.794808 9.739887 9.89226 9.626477 10.47003 10.99319 11.09077 11.5463 11.54111 11.5885 11.11064 9.832382 9.691142 9.482408 9.123739 8.781338 8.288641 7.814333 6.903463 5.618275 3.494817 0.6766346 -1.90348 -1.12458 -0.1378642 0.1146679 0.1914811 0.5650954 0.8784877 1.354612 1.783679 1.951547 1.648566 -0.05879899 -1.446321 -1.989868 -3.092485 -3.610729 -3.551371 -4.390515 -4.73112 -128 -128 -128 -128 -128 -128
-128 -128 -128 -128 -128 -128 -128 -128 -128 -128 -128 -128 -128 -128 -128 -128 -128 -128 -128 -128 -128 -128 -128 -128 -128 -128 -128 15.63842 13.50518 11.2447 11.059 10.84679 10.13282 10.08917 10.75448 11.37665 11.74892 11.90998 11.46129 11.72819 11.33164 10.22902 10.34432 10.1296 10.17362 9.646222 8.225489 7.958552 7.010277 5.540919 3.169129 -0.9124202 -2.627667 -1.295389 -0.5153547 -0.3889785 -0.2275278 0.3256486 0.6378729 1.210956 1.42778 1.706514 1.643007 0.1229648 -1.204429 -3.47234 -5.865551 -4.877513 -128 -128 -128 -128 -128 -128 -128 -128 -128
-128 -128 -128 -128 -128 -128 -128 -128 -128 -128 -128 -128 -128 -128 -128 -128 -128 -128 -128 -128 -128 -128 -128 -128 -128 -128 -128 -128 13.95758 11.08912 10.71348 10.48854 10.88761 11.16583 11.43924 11.26947 11.74471 11.54152 11.09129 11.40164 11.10514 10.63416 10.62033 10.48674 10.35546 9.878684 8.688691 8.385833 7.37831 5.927753 3.964944 1.126558 -1.089015 -1.238428 -0.6567846 -0.7362322 -0.7248309 0.03105793 0.7852636 1.338529 1.817671 1.031198 0.7845759 0.01668835 -2.560753 -5.390296 -6.268318 -128 -128 -128 -128 -128 -128 -128 -128 -128 -128
-128 -128 -128 -128 -128 -128 -128 -128 -128 -128 -128 -128 -128 -128 -128 -128 -128 -128 -128 -128 -128 -128 -128 -128 -128 -128 -128 15.23948 13.31855 11.55827 12.14321 11.53912 11.16346 11.44665 11.43697 11.32172 11.65569 10.58325 10.68712 11.03894 11.21201 10.9048 10.52754 10.78298 10.69829 10.51538 9.891293 9.036893 7.737668 6.340716 4.701632 2.620207 0.5695786 -1.421929 -0.6916606 -0.7366961 -0.7020794 0.05700746 0.8869598 1.332591 1.697973 -0.9499601 -1.012991 -0.6567968 -1.753005 -4.410689 -5.612105 -128 -128 -128 -128 -128 -128 -128 -128 -128 -128
-128 -128 -128 -128 -128 -128 -128 -128 -128 -128 -128 -128 -128 -128 -128 -128 -128 -128 -128 -128 -128 -128 -128 -128 -128 -128 -128 15.41099 12.51475 12.06086 11.50806 11.19645 10.40749 11.0233 11.07638 11.17536 11.06914 10.50742 10.37136 11.00822 11.48923 11.47136 11.33345 11.33273 11.19598 10.90442 10.37805 9.328344 7.907394 6.402998 5.255525 3.987832 2.275075 0.4634305 -0.06700659 -0.8534417 -0.9377437 -0.100307 0.1613848 0.8902419 1.866049 1.137503 0.3755168 -0.3679648 -0.9912496 -3.670409 -6.069829 -128 -128 -128 -128 -128 -128 -128 -128 -128 -128
-128 -128 -128 -128 -128 -128 -128 -128 -128 -128 -128 -128 -128 -128 -128 -128 -128 -128 -128 -128 -128 -128 -128 -128 -128 -128 14.79628 15.42726 13.24009 12.4263 12.19904 11.97898 11.74741 11.69921 11.27288 11.92468 11.33911 11.21689 11.30811 11.64459 11.69543 11.68182 11.70421 11.51419 11.24642 10.85673 10.2968 9.445167 8.056208 6.212805 5.504737 4.656799 3.325995 2.581185 0.9981642 -0.09781391 -1.495131 -1.356232 -1.605753 -2.624828 0.8686733 1.032942 -0.6816658 -0.6976604 -1.30883 -4.155876 -5.47806 -128 -128 -128 -128 -128 -128 -128 -128 -128 -128
-128 -128 -128 -128 -128 -128 -128 -128 -128 -128 -128 -128 -128 -128 -128 -128 -128 -128 -128 -128 -128 -128 -128 -128 -128 -128 14.48546 14.01415 12.59842 11.9003 11.98313 12.80481 12.68836 12.676 12.89171 12.69894 12.27749 11.54986 11.37629 11.51234 11.64657 11.67673 11.81661 11.55995 11.1569 10.785 10.13601 9.456612 8.363036 6.918531 6.197846 5.429108 4.320899 2.85879 1.921686 -0.2550442 -1.818421 -1.09992 -1.035078 -0.2677281 1.20089 0.9601128 -0.6240045 -0.3624393 -3.362361 -5.999403 -128 -128 -128 -128 -128 -128 -128 -128 -128 -128 -128
-128 -128 -128 -128 -128 -128 -128 -128 -128 -128 -128 -128 -128 -128 -128 -128 -128 -128 -128 -128 -128 -128 -128 -128 -128 14.29806 14.05558 12.70344 12.89214 12.37331 12.95601 12.32147 12.04703 11.949 12.05091 11.84134 11.21497 10.5949 10.91827 10.97626 11.01132 11.62893 11.67772 11.65241 11.03455 10.21931 9.357585 8.596585 8.208714 7.341799 5.848584 4.955232 4.084877 2.978673 1.141757 -0.6459044 -2.651234 -1.549669 -0.2397728 -0.04264481 1.539612 0.6222468 -2.008594 -1.992845 -2.395389 -3.985755 -128 -128 -128 -128 -128 -128 -128 -128 -128 -128 -128
-128 -128 -128 -128 -128 -128 -128 -128 -128 -128 -128 -128 -128 -128 -128 -128 -128 -128 -128 -128 -128 -128 -128 12.91285 12.9308 13.08227 12.53572 12.55622 12.5036 12.66947 12.36847 12.4334 12.5003 12.46578 12.27051 12.18417 12.13844 11.71655 11.22114 10.98968 10.92256 11.24424 11.41806 11.28801 10.90884 10.36572 9.138432 8.497345 7.527382 6.575755 5.675971 4.405386 3.371777 2.075903 0.8866242 -0.6901674 -1.62472 -1.785429 -0.01399584 0.9560848 1.347723 -0.1682432 -2.399964 -3.021543 -2.850261 -3.470823 -2.484714 -128 -128 -128 -128 -128 -128 -128 -128 -128 -128
-128 -128 -128 -128 -128 -128 -128 -128 -128 -128 -128 -128 -128 -128 -128 -128 -128 -128 -128 -128 -128 -128 -128 -128 12.66993 11.79887 12.53153 12.51627 12.108 12.75081 12.38534 12.73027 12.76371 12.82095 12.90837 12.76079 12.2379 11.34575 10.782 11.05855 10.96558 10.86098 11.07911 10.90166 10.60737 10.06498 9.263475 8.1226 6.731296 6.004617 5.416938 4.124251 2.633409 1.191353 -0.5988016 -1.935528 -1.36236 0.006795005 0.1219814 1.155593 1.604974 -0.3871462 -2.303681 -2.004973 -2.601507 -3.324163 -3.5842 -128 -128 -128 -128 -128 -128 -128 -128 -128 -128
-128 -128 -128 -128 -128 -128 -128 -128 -128 -128 -128 -128 -128 -128 -128 -128 -128 -128 -128 -128 -128 -128 -128 12.89857 12.59544 11.954 12.76248 12.30531 12.04343 12.61229 12.72071 12.1313 12.01061 12.38951 12.41246 12.39901 12.09608 11.53724 10.95386 10.90237 11.08805 10.91623 11.40263 10.80405 10.27756 9.896254 9.068427 7.863127 6.234172 5.808522 5.571344 4.484061 2.749218 1.255644 -1.148807 -2.457426 -1.704867 0.06759278 0.8038909 1.052873 -0.9220742 -2.473112 -2.197682 -1.100187 -1.456655 -3.502667 -4.551596 -128 -128 -128 -128 -128 -128 -128 -128 -128 -128
-128 -128 -128 -128 -128 -128 -128 -128 -128 -128 -128 -128 -128 -128 -128 -128 -128 -128 -128 -128 -128 -128 -128 11.87069 12.09778 12.68479 12.10524 11.56178 11.69201 12.41856 12.61665 12.21204 12.56725 12.57268 12.39608 12.25517 12.26911 11.72989 11.52642 11.4774 11.63017 11.67498 11.50038 11.09523 10.25674 9.601892 9.034845 7.587842 6.311812 6.3013 6.016037 4.872163 3.353202 2.122068 -0.2167187 -2.313531 -2.577692 -0.7188233 0.6867152 -0.09537981 -1.584211 -2.725174 -1.922048 -0.1561707 -0.2783403 -0.8277532 -4.14841 -4.314639 -128 -128 -128 -128 -128 -128 -128 -128 -128
-128 -128 -128 -128 -128 -128 -128 -128 -128 -128 -128 -128 -128 -128 -128 -128 -128 -128 -128 -128 -128 -128 -128 11.22066 10.41613 11.24397 12.05267 11.65578 11.74239 12.32753 12.72473 12.36172 12.46603 12.7836 12.73044 12.7648 12.52565 11.91733 12.02601 11.92766 11.98348 11.94101 11.24285 10.72496 9.656813 9.24001 9.246125 8.752103 7.594159 7.357497 6.59371 5.488719 3.695166 1.716364 -0.418283 -2.161254 -2.482778 -1.901748 -0.1797679 1.070694 0.7182032 -2.914879 -2.616392 -0.7784652 -0.1158281 -0.6603755 -2.67594 -4.586827 -128 -128 -128 -128 -128 -128 -128 -128 -128
-128 -128 -128 -128 -128 -128 -128 -128 -128 -128 -128 -128 -128 -128 -128 -128 -128 -128 -128 -128 -128 -128 11.82277 10.97852 9.780415 10.34883 11.83853 11.59396 11.64958 12.43573 13.10882 12.94257 12.86009 12.99479 13.20612 13.47769 13.2704 12.80645 12.44598 11.79142 11.64577 11.57535 11.56297 11.0099 10.19229 10.12822 9.921776 9.267192 8.32779 7.411477 6.356382 5.005313 3.63872 1.332497 -1.53937 -2.497594 -1.763746 -0.9309764 1.858018 3.292886 1.603372 -2.024735 -2.522193 -1.645812 -0.5767438 -1.31747 -1.031488 -1.610871 -128 -128 -128 -128 -128 -128 -128 -128 -128
-128 -128 -128 -128 -128 -128 -128 -128 -128 -128 -128 -128 -128 -128 -128 -128 -128 -128 -128 -128 -128 -128 11.67278 10.9083 10.46456 10.46589 10.90364 11.26418 12.17191 12.51885 12.6501 12.63408 12.65896 12.65546 12.0672 12.98475 12.84094 12.82532 12.22686 11.80347 10.97096 11.42838 12.02685 11.57363 11.21367 10.72098 9.961986 8.81094 7.920066 6.807059 4.915865 2.974502 1.696849 0.5104848 -1.682252 -2.473826 -1.621152 -0.4331139 3.195431 3.287964 1.103514 -1.761697 -1.936066 0.07875737 -0.5963293 -1.937362 -0.6985102 -1.019877 -1.847402 -128 -128 -128 -128 -128 -128 -128 -128
-128 -128 -128 -128 -128 -128 -128 -128 -128 -128 -128 -128 -128 -128 -128 -128 -128 -128 -128 -128 -128 -128 12.07805 11.22607 10.41993 10.01107 11.00519 11.73923 12.01203 12.52466 12.79085 12.95962 12.83145 12.84511 12.45531 12.93839 13.31263 13.45499 12.40393 12.26271 12.37958 12.3898 12.19781 11.88708 11.23665 10.50241 9.51281 8.155495 7.425455 6.149678 4.530098 2.733847 1.717395 0.5619971 -0.7794875 -1.943922 -1.958472 -0.6206712 1.210898 0.6836776 0.1171774 -1.63662 -2.414893 -1.840212 -2.549635 -2.39247 -1.108842 -1.50003 -2.962255 -128 -128 -128 -128 -128 -128 -128 -128
-128 -128 -128 -128 -128 -128 -128 -128 -128 -128 -128 -128 -128 -128 -128 -128 -128 -128 -128 -128 -128 -128 -128 12.36781 11.16294 10.62419 11.19797 11.50337 11.60995 12.16384 12.40002 12.70601 12.67801 13.07041 12.99553 12.90235 13.44242 13.92966 13.41162 13.07705 13.17959 12.92652 12.66782 12.22966 11.61715 10.84926 9.823567 8.476694 7.717622 6.718595 5.606772 4.284379 2.443184 0.5569468 -0.4780532 -1.681595 0.6390314 -0.4059114 -1.821648 -1.023387 -2.015109 -1.717379 -1.938117 -1.957684 -3.202356 -3.257269 -2.122438 -2.089222 -3.351957 -128 -128 -128 -128 -128 -128 -128 -128
-128 -128 -128 -128 -128 -128 -128 -128 -128 -128 -128 -128 -128 -128 -128 -128 -128 -128 -128 -128 -128 -128 -128 -128 11.2742 10.19133 10.73617 11.0884 11.47861 12.44232 12.75336 13.07812 12.75456 13.06762 13.21649 13.43018 14.08578 14.13881 13.96309 13.54864 13.13765 12.74804 12.31124 11.95386 11.26779 10.57646 9.882184 8.722124 7.382226 5.588676 3.76892 3.197086 2.6655 0.8431651 -0.2419641 0.4545959 0.6980523 -1.587344 -3.591024 -2.554156 -1.935043 -1.441809 -0.7986863 -0.8927385 -2.648283 -4.023367 -2.52895 -2.182137 -2.529915 -128 -128 -128 -128 -128 -128 -128 -128
