formato/VCI/bioclim_19.asc
ncols         186
nrows         781
xllcorner     -75.7
yllcorner     -56.55
cellsize      0.05
NODATA_value  -9999
[rows 714 to 747 of 781, columns 77 to 153 of 186]
9.464473 -128 7.311749 -0.4946934 4.699202 2.334285 0.8158427 1.296144 -2.958799 -2.434756 -0.5354255 1.038317 2.097553 0.02662729 -0.9602644 -0.7627671 3.820791 6.712004 8.461637 -128 -128 -128 -128 -128 -128 -128 -128 9.817523 8.647936 8.284765 8.058977 7.371673 6.105535 4.27768 2.365625 -0.0291037 -1.564737 -2.280033 -0.04928711 -1.5128 -3.3646 -3.723946 -3.348943 -2.474807 -0.9792429 0.4910688 1.633699 2.540451 3.031199 3.397296 3.965875 4.371253 4.733289 4.727026 4.489449 4.354467 4.166785 4.461285 5.029624 5.700024 6.055128 6.307615 6.654916 7.195614 7.729614 -128 -128 -128 -128 -128 -128 -128 -128 -128 -128 -128 -128
6.012175 9.221143 2.284336 -6.683162 0.0329679 -0.6051116 -4.555694 -2.129962 0.08876 -2.157397 -3.6346 -2.678347 -2.543731 -2.128611 0.3204527 1.629524 3.891915 6.517804 8.209787 -128 -128 -128 -128 -128 -128 -128 -128 9.953104 9.071471 8.264576 7.698791 6.744754 4.894237 2.501734 -0.4681473 -3.219681 -3.92609 -2.882581 -0.7075325 -1.754444 -3.025563 -3.940323 -1.658297 0.3844488 1.828284 2.89179 3.485672 3.884916 3.945806 4.098722 4.374891 4.597381 4.605573 4.527544 4.270584 4.374242 4.766611 4.935398 5.121079 5.317523 5.53275 5.941733 6.438498 7.037984 7.72238 -128 -128 -128 -128 -128 -128 -128 -128 -128 -128 -128 -128
6.529432 9.477636 2.21651 -6.495673 -4.559465 0.1321998 -0.7794022 -4.722694 -2.540216 -2.962676 -3.498423 -5.77416 -2.7871 0.6917634 1.698477 1.346224 5.116342 6.825076 8.067995 -128 -128 -128 -128 -128 -128 -128 -128 10.55484 9.443216 8.270521 8.312088 6.704112 3.310699 -0.2801565 -1.484099 -0.8510064 -0.6704295 -0.8992494 1.370242 0.7613643 1.254745 3.273236 4.303776 4.771896 5.05783 5.317489 5.414534 5.349571 5.045463 4.845876 4.734247 4.588817 4.357852 4.292196 4.416358 4.332703 3.883219 4.01994 4.104603 4.45173 4.948323 5.478023 5.901143 6.322239 6.01317 -128 -128 -128 -128 -128 -128 -128 -128 -128 -128 -128 -128
7.900049 10.26281 4.397916 0.0922536 -3.539471 -1.977396 -3.378126 -2.216634 -3.689316 -1.47252 -1.013255 -0.8025408 -1.017899 3.429859 4.9765 3.013017 3.320245 7.940283 -128 -128 -128 -128 -128 -128 -128 -128 -128 11.0931 9.992926 9.281134 9.699959 6.451658 2.33197 -0.8541807 0.1891063 0.9302364 2.881305 5.311332 7.597267 8.486887 8.791245 8.582779 8.289805 7.914321 7.464073 7.17253 6.833466 6.435714 5.953272 5.414803 4.997817 4.559671 4.257234 4.192795 3.69186 3.105301 3.072405 3.372842 3.606991 3.554235 3.229652 2.478603 2.495922 2.080225 2.477707 -128 -128 -128 -128 -128 -128 -128 -128 -128 -128 -128 -128
4.684184 9.731806 8.683139 4.461671 1.098562 -4.07427 -5.115917 -1.080286 -1.869185 -2.202424 0.8149626 1.929799 1.789906 2.342813 3.71802 5.056249 6.57576 7.735435 -128 -128 -128 -128 -128 -128 -128 -128 -128 -128 -128 -128 11.60134 6.509545 0.1113974 2.726216 7.638163 11.27787 12.74108 12.63808 -128 -128 -128 -128 -128 -128 -128 -128 -128 -128 -128 -128 6.436534 5.328582 4.772861 4.69232 4.137709 2.981224 2.135821 1.145367 -0.03400734 -0.6314144 -0.9789062 -0.2864635 1.358481 1.575757 1.844364 -128 -128 -128 -128 -128 -128 -128 -128 -128 -128 -128 -128
8.884662 9.151915 6.950697 2.931489 3.882136 -1.384726 -6.453269 -4.094693 0.4290621 -0.298765 1.265052 1.207387 2.291571 3.639527 0.2343188 0.04148901 3.005219 6.902036 -128 -128 -128 -128 -128 -128 -128 -128 -128 -128 -128 -128 -128 12.48732 10.91799 13.21326 14.39443 14.29974 -128 -128 -128 -128 -128 -128 -128 -128 -128 -128 -128 -128 -128 -128 7.315089 5.896623 5.036207 4.224419 2.873806 1.46119 -0.5248109 -1.588302 -2.429577 -1.661137 -1.688756 -0.2060972 1.403503 2.114113 3.04436 -128 -128 -128 -128 -128 -128 -128 -128 -128 -128 -128 -128
5.944727 6.543761 -0.2643711 0.6014569 -0.07280001 -1.036419 0.3287962 -3.757958 -1.982428 0.8780113 0.6795402 -1.129496 -1.006104 4.203171 2.627377 -3.008002 -1.087172 3.937231 8.166512 -128 -128 -128 -128 -128 -128 -128 -128 -128 -128 -128 -128 -128 -128 -128 -128 -128 -128 -128 -128 -128 -128 -128 -128 -128 -128 -128 -128 -128 8.787732 7.657786 5.841059 4.04216 1.996712 0.672359 -0.3707959 -1.288996 -0.9026892 -0.4987705 -0.6948147 0.1190101 -0.9925816 0.1384235 0.9532079 2.146639 2.441911 -128 -128 -128 -128 -128 -128 -128 -128 -128 -128 -128 -128
-2.77493 -0.1853557 2.286671 -2.835695 -0.5472778 -2.451418 -3.789299 -1.649753 -2.342885 -0.2130434 1.786765 -2.90856 -1.323505 1.679066 6.075824 5.045396 0.5917369 2.166118 7.901584 -128 -128 -128 -128 -128 -128 -128 10.79295 10.87818 -128 -128 -128 -128 -128 -128 -128 -128 -128 -128 -128 -128 -128 -128 -128 -128 -128 9.592093 8.917521 7.455168 5.699781 4.115135 2.231889 0.7088602 -0.7350886 -1.498969 -1.688854 -1.046829 -1.180659 -1.646767 -0.7175965 0.5534163 1.00631 0.2492168 1.466202 1.024448 1.62185 -128 -128 -128 -128 -128 -128 -128 -128 -128 -128 -128 -128
-2.538298 -1.122408 -2.147148 -0.6067177 -4.117257 -0.8025373 -7.058833 -3.749117 -2.778938 -0.5727978 -3.584563 0.03135242 1.178924 3.251472 2.476283 2.7941 6.40535 6.314069 7.985032 -128 -128 -128 -128 -128 -128 9.977867 8.143332 9.85907 -128 -128 -128 -128 -128 -128 -128 -128 -128 -128 -128 -128 -128 -128 9.940886 9.488244 8.18746 6.586397 5.001398 3.768919 2.711637 0.80765 -0.4929321 -1.467322 -2.316129 -2.442627 -1.738201 -1.657209 -2.02523 -1.298429 0.3168661 -0.9202046 -0.7417559 0.2462573 1.093144 1.705284 1.557912 -128 -128 -128 -128 -128 -128 -128 -128 -128 -128 -128 -128
-0.6598556 -3.624785 -1.844894 -5.650945 0.3402799 -0.08547446 -2.827885 -4.538664 -1.982556 -3.208898 -0.7268984 -2.751764 -0.2036415 2.102362 0.3074858 2.939692 4.678078 7.99223 8.202874 -128 -128 -128 8.901433 9.180426 8.282057 5.4702 6.938765 9.697687 -128 -128 -128 -128 -128 -128 -128 -128 -128 -128 11.07064 10.31569 9.610938 8.914211 7.700903 6.319307 5.220422 4.145149 3.349283 2.137775 0.5115685 -0.7533594 -1.690107 -2.469362 -3.373052 -3.693589 -3.063812 -2.043144 -1.894752 -1.063976 -0.8145593 -0.3671468 0.07449672 1.306651 1.702361 2.306946 2.703825 -128 -128 -128 -128 -128 -128 -128 -128 -128 -128 -128 -128
3.730614 0.7076166 3.710297 3.039038 2.3726 2.856143 -2.697295 -3.319048 -2.317943 2.121001 -0.5691804 2.006788 -0.8565514 -0.398888 0.7346659 -3.65079 -1.438266 5.881401 -128 -128 -128 -128 8.356559 5.96909 1.694036 3.839847 5.036852 8.274734 -128 -128 -128 -128 -128 -128 11.21719 10.70748 10.63582 10.62876 9.920549 8.71817 7.197448 6.128051 5.479958 4.447132 3.787203 3.293331 1.862586 -0.01230635 -0.3550343 -1.063434 -1.232336 -1.995862 -2.551171 -2.127061 -1.883467 -1.170371 -0.198799 0.01271188 0.0961006 1.908758 2.376994 2.482811 2.339767 2.72266 3.078267 -128 -128 -128 -128 -128 -128 -128 -128 -128 -128 -128 -128
10.50644 9.702548 8.332043 6.916147 -0.8910703 -3.961883 -5.077751 -1.786323 1.624734 3.877424 -1.044895 -0.56415 1.113217 1.285649 -0.2794145 1.736542 1.028226 7.337149 -128 -128 -128 -128 8.114145 7.182002 5.629053 4.009641 3.799254 6.261231 9.867661 -128 -128 -128 -128 11.2943 6.223313 3.027335 4.930747 6.516778 7.011815 6.950981 6.296363 5.371777 3.844032 2.47463 1.781738 1.395517 1.118567 0.7785606 0.4520849 0.272087 -0.1760959 -0.6857713 -0.4476503 -0.3067746 0.1005001 0.4754067 1.00514 1.211445 1.678048 1.945834 2.486345 2.735425 2.822589 2.878989 2.917511 -128 -128 -128 -128 -128 -128 -128 -128 -128 -128 -128 -128
-128 -128 -128 8.341028 8.535004 7.238865 2.215733 0.09987323 4.034314 -3.574748 -2.123132 -0.8174998 -0.80116 -0.1566163 5.496908 7.130746 8.454479 -128 -128 7.892111 6.860156 6.777491 8.069539 8.680722 8.675363 6.644032 5.576386 7.503859 9.768717 10.18881 -128 -128 -128 11.16994 6.859591 4.166002 2.44448 1.09741 2.199703 2.767828 3.428993 2.646132 2.904838 2.817961 2.195552 1.49298 1.799184 1.673333 1.387327 0.8904748 0.6687219 0.412011 0.3497231 0.629786 0.7666309 0.8265097 0.8015342 0.9058003 1.551401 1.809947 2.367912 2.752364 2.783182 3.072605 3.403619 -128 -128 -128 -128 -128 -128 -128 -128 -128 -128 -128 -128
9.084516 8.698842 8.540616 -128 -128 -128 -128 -128 7.431894 3.737447 -2.254922 -0.6449075 4.240948 6.824774 7.463874 -128 -128 -128 8.242727 5.534084 1.240205 -1.076818 4.122338 7.033749 8.3881 7.3406 6.341504 8.354451 9.38432 -128 -128 -128 -128 11.8364 8.699646 5.846942 -0.9723285 -0.4918709 -0.4742223 1.544566 0.604475 1.680217 3.926942 2.313697 2.493401 2.698073 2.379691 1.997972 1.747655 1.168511 0.1935196 -0.3246695 -0.07158244 0.349289 1.132283 1.284744 0.8375343 1.290956 1.516678 2.246546 2.82856 3.454358 3.353037 2.6926 2.720737 -128 -128 -128 -128 -128 -128 -128 -128 -128 -128 -128 -128
7.757874 6.627818 2.164757 7.53614 8.176603 8.093163 7.966936 7.869576 8.450944 -128 -128 -128 -128 -128 -128 -128 -128 -128 8.530445 4.850366 -2.653092 -1.374921 0.8869942 7.694542 7.84296 6.242431 2.211217 3.482532 5.475452 9.985874 -128 -128 -128 -128 10.11285 7.202287 6.289092 3.172627 0.3835871 -1.09316 -2.699862 2.381587 -0.00933142 1.365272 -1.576745 2.146518 2.69765 2.661717 3.159555 2.186142 -0.9882246 -0.267288 0.9871379 1.244018 1.477134 1.682454 2.054158 2.718626 3.362152 3.568271 3.489405 4.280492 4.574415 4.096311 3.700508 -128 -128 -128 -128 -128 -128 -128 -128 -128 -128 -128 -128
5.830355 -1.864138 0.8934126 7.80173 5.486446 1.431607 4.519762 3.502452 7.549471 7.47522 8.219239 8.902026 -128 -128 -128 -128 -128 -128 -128 3.304641 0.1927612 -0.05841818 -2.16139 4.360795 8.909042 7.951169 1.141191 0.4350937 2.859374 7.28879 10.77241 -128 -128 -128 10.32328 9.933351 8.832746 7.029459 6.01621 4.696517 2.053541 4.114288 -1.53061 -1.660113 -3.467823 1.064018 1.343365 1.314571 3.89033 3.478557 2.393787 2.394297 2.042736 1.716946 2.019264 2.515065 3.447961 3.987002 3.555031 4.144267 4.004888 4.438885 3.922461 2.896621 3.306435 -128 -128 -128 -128 -128 -128 -128 -128 -128 -128 -128 -128
-0.3086856 2.543163 2.105614 7.881294 2.631635 -4.877772 -6.116501 -2.973734 1.896821 7.914248 1.736844 6.467621 9.018958 -128 9.154902 9.471876 -128 -128 -128 6.648914 -2.809327 -3.554109 -0.832146 -0.5895382 4.166201 8.171518 8.917135 4.222924 2.828849 4.589747 9.874461 -128 -128 -128 -128 9.680717 6.261655 2.786655 2.524733 4.05541 2.973016 3.924448 2.308552 1.170369 2.251368 0.8550246 1.810748 3.267455 1.786693 -0.7156869 -0.444377 2.314903 2.149896 2.573028 1.139556 3.238401 5.079669 5.123257 4.818587 4.198486 4.013911 4.179929 3.198517 3.368461 3.810722 -128 -128 -128 -128 -128 -128 -128 -128 -128 -128 -128 -128
1.817804 0.3623097 5.385495 4.649988 7.61363 2.382905 -0.7112886 -0.515975 1.332078 5.542681 0.06620879 3.634947 7.754483 8.778874 8.245306 5.337069 7.309383 10.02427 -128 7.632792 1.537971 -0.3088799 1.423449 2.308996 3.691481 3.059322 9.630476 7.955456 6.747288 5.154414 2.257773 8.905732 -128 -128 -128 8.639021 4.22776 -2.164838 -2.96784 1.351278 0.9758002 -0.6508629 -0.473727 -0.5913934 -1.476121 -4.326025 2.35377 1.349529 -0.2913746 -1.124851 0.7871146 -0.09962097 -0.4146142 2.352651 -0.3265675 3.596951 4.642286 2.618317 0.8692996 1.545318 2.037746 2.654778 3.436724 4.061875 2.585571 -128 -128 -128 -128 -128 -128 -128 -128 -128 -128 -128 -128
9.689451 2.933127 5.149757 8.274555 2.088828 1.173877 1.761808 3.328156 5.004234 6.370461 5.609657 3.817279 7.270544 3.315594 5.388201 -6.888714 -0.06505728 9.783061 9.709664 9.073522 7.928037 3.930158 1.331923 -1.167927 2.329621 7.646011 9.013592 8.802306 5.053694 0.8665456 6.234992 9.323672 -128 -128 -128 -128 7.971122 6.113362 0.5128127 0.6462646 -1.760736 -6.80931 -6.118289 -4.030132 -1.005237 -2.544528 1.211146 -0.3589418 -4.142827 -3.249173 -1.020445 1.804763 0.721159 -2.032824 2.217813 3.930412 0.2905234 -3.507609 -1.123991 -0.451847 -0.9401829 0.9263802 1.534465 3.247882 1.550561 -128 -128 -128 -128 -128 -128 -128 -128 -128 -128 -128 -128
6.765491 11.20562 10.62596 3.68899 -1.011748 2.955415 2.859868 5.817529 5.552552 1.5781 0.383286 1.038456 6.078134 2.746248 3.667593 -2.971557 6.90883 7.080035 10.83771 4.334997 2.881237 5.281193 4.033777 1.960197 2.088888 4.344204 8.028373 1.436564 4.287828 7.865313 8.92761 9.190027 8.761302 -128 -128 -128 -128 -128 8.245127 7.631313 3.995128 -0.8487934 -4.182132 -3.74973 2.163616 1.65335 -4.614247 -5.243189 -6.37952 -4.901907 -2.873321 -2.41943 -3.22186 2.145393 2.590894 1.153246 -2.777869 -4.15255 -4.921517 -3.420505 -1.765239 1.244294 2.003127 3.238673 0.4996477 -128 -128 -128 -128 -128 -128 -128 -128 -128 -128 -128 -128
1.978648 5.746222 10.70946 9.557469 5.38858 6.183882 7.325768 8.142159 5.168601 0.343564 5.510472 0.4392251 8.671438 4.217498 0.8860928 4.126507 6.550558 6.839915 11.40929 7.665928 -0.8471275 -2.480847 -5.035388 -4.019947 4.994664 4.654042 5.137339 4.95871 -2.327985 0.188285 2.198934 5.403406 7.722148 -128 -128 -128 -128 -128 -128 -128 -128 -128 6.735795 5.93184 4.839202 1.37421 -0.8656588 -3.26966 -2.27182 -6.302455 -8.328325 -4.839542 0.312806 -2.214992 -0.09988731 -0.7345895 -3.40275 -2.851479 -4.892539 -5.594141 -2.351933 -0.3948718 3.027009 -1.363252 -1.633221 -128 -128 -128 -128 -128 -128 -128 -128 -128 -128 -128 -128
10.43786 10.18747 7.835282 9.92408 10.51766 10.1287 8.379539 3.379521 6.062294 9.486364 8.399105 8.162381 6.899404 2.328313 1.432134 4.496554 4.791638 11.53794 12.26218 12.28462 10.20946 6.324616 4.848565 2.134045 -1.612245 2.167234 6.054543 6.846415 7.717071 6.482104 4.641745 4.823675 7.992942 -128 7.213184 2.719507 2.232893 6.612663 6.136151 6.550404 5.355417 6.039335 -128 6.279264 -128 -128 6.099249 0.8174374 -2.528676 -4.913276 -8.928333 -5.521703 -5.858117 -6.952034 -7.622161 -6.733107 -5.212022 -5.656843 -5.064111 -3.504026 -1.512004 1.172585 1.132011 -0.9948984 0.01189911 -128 -128 -128 -128 -128 -128 -128 -128 -128 -128 -128 -128
10.34029 11.59231 9.427214 9.205176 10.23106 10.51649 10.62155 7.664521 8.676775 10.86081 9.492859 6.562496 2.151448 6.433934 6.373264 6.785461 10.64149 11.83007 12.06584 10.5757 6.456528 8.407877 10.98926 10.85316 8.888285 9.276245 8.104147 -0.06141764 -3.968215 -0.7495153 5.702129 8.369539 8.428688 3.947143 -0.7394492 -2.306864 -0.5566698 3.947662 6.261347 5.309137 -4.271962 -6.170298 -2.868798 2.458801 5.201222 5.766294 5.703281 6.184544 6.794937 6.64135 3.93556 -0.4441677 -9.136442 -8.98476 -5.071239 -1.481348 -0.8711994 -1.225993 -2.717937 -3.711645 -3.826903 -5.384957 -5.554805 -4.796391 -3.559974 -128 -128 -128 -128 -128 -128 -128 -128 -128 -128 -128 -128
-128 11.4577 11.29846 11.04092 10.65977 9.428555 10.33526 10.78892 10.81736 9.426548 8.312019 10.43744 9.824009 8.679743 6.183229 10.48507 -128 -128 8.861194 5.087154 2.46053 -2.718142 3.102146 4.199483 1.514195 8.93313 8.812956 0.3524005 -2.262651 -8.857089 -5.254735 -0.1252246 5.258144 7.930931 5.298083 2.282094 -0.1694523 0.9299164 2.777217 4.368876 2.894018 -6.139587 -11.56601 -6.023598 2.486518 4.652812 -1.796327 -2.740222 3.893548 6.1666 -128 -128 6.343376 4.791087 -0.8138841 -8.235462 -13.74167 -10.80121 -9.085143 -5.394569 -4.234858 -4.109223 -0.6293525 -0.4084132 0.7631651 -128 -128 -128 -128 -128 -128 -128 -128 -128 -128 -128 -128
11.875 6.678283 7.779613 11.2245 10.60704 8.11833 8.381382 8.58995 9.924005 7.888561 2.85966 2.289349 7.260384 9.895184 9.793092 10.41621 11.08631 11.61292 9.082066 -5.130174 -14.73818 -13.51677 2.96544 5.827382 7.460788 -1.932767 2.400928 8.639061 5.819713 -3.850814 -6.445595 -10.87778 -9.264523 -1.410795 5.773597 -3.363472 -3.578124 -6.232217 -3.571136 3.178768 6.784654 2.330131 -8.095757 -5.222167 4.32896 3.575851 1.044525 -3.612701 -8.163948 -8.694702 -3.330243 2.72765 7.110551 -128 8.019337 6.056071 0.6236863 -10.22218 -7.944172 -12.67107 -6.393422 -11.48244 -9.655407 -11.0159 -14.63729 -128 -128 -128 -128 -128 -128 -128 -128 -128 -128 -128 -128
12.97353 11.41436 11.13811 8.102222 7.399262 10.05208 4.016741 3.299484 1.394655 3.276197 -4.48583 -1.70766 -0.5199658 -1.861636 4.314984 0.3247957 -0.6249498 5.554144 4.853499 -1.174436 -9.856007 -9.086904 1.046274 8.247804 -5.210593 -18.94068 -9.919434 1.628036 7.785381 7.519204 5.125533 4.064832 -5.564102 -6.636336 -0.6151248 -0.5357493 -2.752875 -8.199774 -1.001494 6.349304 7.076252 8.054089 2.541597 -3.263067 5.995161 2.102501 -7.984166 1.489839 -7.397423 -6.52601 -8.021488 -8.738214 0.3304749 8.173605 -1.321428 0.381202 2.379802 6.334205 1.637634 -0.7346466 -1.274626 -1.076256 -2.565975 -2.965601 -6.673309 -128 -128 -128 -128 -128 -128 -128 -128 -128 -128 -128 -128
10.36455 12.33515 12.27004 7.188192 7.258895 4.888285 6.287718 1.178155 5.656571 4.810441 7.184109 -0.9283453 0.9567805 -7.869903 -9.032512 -2.03758 -8.204761 -4.433172 4.792625 -5.247258 -11.08006 1.022986 9.328613 4.299419 -3.228326 -12.73881 -23.69709 -14.01954 -12.70922 -4.747083 6.018376 3.635354 2.396518 6.33086 3.27623 -8.200418 -12.6452 -13.63941 1.379953 1.414461 -6.538894 5.126098 5.183939 -6.030588 -4.159667 1.688699 -8.915343 -6.667261 -11.24485 -12.58134 -4.537381 5.52844 6.832802 9.259757 -3.374675 -10.50516 -1.381855 -5.276568 -9.923716 -5.20009 -1.523327 6.747652 7.196539 7.804811 7.515127 -128 -128 -128 -128 -128 -128 -128 -128 -128 -128 -128 -128
7.16087 4.399071 5.535669 9.356409 7.194945 5.42997 7.220303 3.926933 6.966116 10.41387 11.78872 10.53253 1.27011 -1.474424 -5.442675 -7.483509 -1.999169 -6.025744 -0.2331954 -4.757262 0.07134436 5.70823 6.427107 4.460983 1.936825 -2.725079 -11.86438 -11.98258 -17.34001 -7.642435 -5.14309 0.863088 4.689428 -3.8111 -4.471088 -10.50014 -19.32311 -22.98788 -12.80826 -11.44481 1.06433 4.938959 8.422918 -8.030845 -5.644298 -5.812505 -21.95032 -22.93149 -10.88687 -2.106815 9.400002 5.395076 -7.899185 6.709413 5.19295 -8.106787 -10.37901 -13.31587 -9.835693 -4.807414 2.587517 -6.963993 -10.32793 -3.671026 -0.2971001 -128 -128 -128 -128 -128 -128 -128 -128 -128 -128 -128 -128
11.40084 12.79003 13.52934 11.52415 12.06367 9.050422 9.553 5.175108 9.465143 12.24253 12.78805 12.28593 9.053543 6.940498 5.657032 5.423938 10.10068 7.117798 5.872993 0.1188212 -1.482453 5.678302 2.022722 1.186908 -1.699274 4.106427 4.062934 7.560506 6.733013 3.139232 2.353036 -7.145313 -10.41992 -5.671155 -8.51298 -21.07743 -25.83618 -23.51469 -21.30347 -23.58686 -23.848 -9.717011 -23.26751 -24.66108 -15.61127 -18.74758 -24.51953 -18.55536 -2.6321 8.281821 6.166419 -5.560194 -8.121695 0.6753111 3.989858 -9.867237 -8.520683 -12.77915 -16.54876 -11.24159 -12.37189 -12.10262 -9.788691 -10.44337 -7.714664 -128 -128 -128 -128 -128 -128 -128 -128 -128 -128 -128 -128
14.72327 13.42153 9.431251 13.82367 13.52437 11.39515 11.86578 11.08076 13.00896 13.00642 13.43457 10.53137 10.57292 9.926056 12.24814 12.74069 12.24173 10.31156 9.904387 7.503087 4.476645 5.211409 2.216974 2.531631 5.673527 10.13423 11.63709 7.833879 -2.652672 -3.190232 -1.091289 -2.236887 3.091814 1.964259 -0.9604712 -7.997872 -18.82165 -8.943613 1.618991 -22.87751 -27.47277 -24.13904 -24.20733 -23.16496 -34.34118 -30.05674 -10.12468 3.17516 -0.4309064 3.042531 -1.21573 -13.52505 -17.31033 -7.987283 -13.24007 -12.08451 -10.2189 -1.921489 -0.9857747 -9.681638 -8.55409 -15.2011 -15.44309 -9.26265 -12.29254 -128 -128 -128 -128 -128 -128 -128 -128 -128 -128 -128 -128
13.02263 13.81343 14.49501 14.07207 11.03187 9.950537 13.94495 13.89377 13.67809 13.39608 13.67972 12.41645 11.89495 13.25036 12.49283 12.82828 12.29466 8.981811 10.18842 7.125704 3.106389 4.714792 5.181318 4.73335 6.858394 5.735213 4.061809 4.247148 -1.169525 -7.686944 -0.1120164 4.797751 3.89148 -3.71655 -6.720127 -9.735274 -7.111427 6.235237 -5.860352 -21.37786 -8.782177 -0.3007192 1.30724 0.2428948 -1.185601 -10.51565 -23.68354 -14.14356 -19.01876 -8.772553 -6.186956 -20.95144 -26.11506 -34.98609 -25.36088 -11.25838 -14.77377 -12.16236 -7.570164 1.495497 2.495391 -1.585792 -3.870226 -6.797091 -14.09163 -10.9566 -128 -128 -128 -128 -128 -128 -128 -128 -128 -128 -128
13.94361 14.11173 -128 -128 13.5445 13.35262 13.9148 13.83416 13.70344 13.55765 13.70871 13.7809 13.75795 -128 -128 12.6763 10.22819 11.15269 11.23689 10.21691 8.8064 7.308579 4.195986 5.51598 6.260075 6.886045 4.664381 0.1239341 -0.5946488 -2.144855 5.297386 3.297158 -2.5999 -1.446253 -0.6545613 0.2505387 -6.909743 7.019511 -7.523225 -13.88535 -12.97393 -1.299524 0.9081184 6.311365 4.547568 -2.716144 -18.05283 -29.56167 -22.9436 -14.22522 -19.08064 -28.27456 -36.49088 -35.46141 -12.74593 -5.098551 0.8873141 -2.332113 -4.489286 2.026652 -10.50437 -14.2181 -2.530285 1.654945 -8.503705 -9.696877 -128 -128 -128 -128 -128 -128 -128 -128 -128 -128 -128
-128 -128 -128 -128 -128 -128 13.6259 13.60732 11.62429 9.81553 9.67306 10.82991 11.26067 11.5014 12.20176 -128 -128 11.56625 11.21852 11.18939 8.700769 4.27484 5.579759 9.311937 9.222297 9.925673 8.939068 9.330448 8.198058 7.128263 6.934076 -2.35016 0.08174677 -1.477605 4.527328 3.153051 -6.377822 1.680646 3.681569 -1.225986 2.475795 6.798649 5.989295 8.143574 -0.131712 -4.762806 -13.62553 -14.30965 -3.412579 -2.415712 -0.9894816 -5.982656 -9.343157 -16.83586 -19.21261 -8.598945 -8.117991 -5.372114 -0.426719 1.248838 0.8101748 -10.04335 -12.50598 -10.21556 -2.687989 0.007333189 -128 -128 -128 -128 -128 -128 -128 -128 -128 -128 -128
-128 -128 -128 -128 -128 -128 -128 12.79911 6.896754 8.304213 8.558083 10.43177 8.521251 2.521103 5.369167 8.524641 6.961022 10.00749 11.29983 11.18166 -128 10.88148 8.788457 7.409852 5.143955 4.361628 3.862365 6.228144 9.113559 11.31989 11.81798 9.868887 8.916782 10.76781 10.93558 8.547014 8.805495 9.340326 -128 8.522166 7.279775 7.604109 3.792086 5.007549 6.232395 5.232174 1.820202 -0.7730846 -0.1717323 3.689577 -5.741502 -10.93044 -23.10202 -24.95923 -28.27075 -25.03906 -10.14529 -10.63481 -17.47012 -13.54277 -7.48724 -0.02021164 3.953401 2.570296 -2.243328 -0.4437916 -128 -128 -128 -128 -128 -128 -128 4.552358 4.815628 5.398396 5.929519
