formato/VCI/bioclim_3.asc
ncols         186
nrows         781
xllcorner     -75.7
yllcorner     -56.55
cellsize      0.05
NODATA_value  -9999
[rows 612 to 645 of 781, columns 0 to 76 of 186]
-128 -128 -128 43.49951 43.92618 44.33591 44.65807 44.93645 45.03935 45.36666 45.94862 46.87081 47.05083 47.33566 47.45558 47.28356 47.15375 47.30758 47.17722 47.58106 47.04886 46.81757 46.30557 46.40995 46.32437 46.10349 45.92838 45.43821 44.96208 44.49496 44.24453 43.9306 44.2679 44.61285 44.36767 43.87855 42.46572 44.05001 44.00612 44.65203 45.60946 45.95673 44.51141 43.32607 42.77418 43.03078 43.33209 42.69868 42.38295 41.33351 42.38301 40.24954 40.84511 41.17951 39.85569 38.74187 38.70205 37.60885 37.52989 37.42006 39.35608 39.8383 39.54465 38.0763 37.73233 39.27076 40.66319 41.47441 -128 -128 -128 -128 -128 -128 -128 -128 -128
-128 -128 -128 43.61501 43.79335 44.65227 44.73195 45.5 45.90595 46.02702 46.44939 46.70903 47.21272 47.5896 47.65075 47.44936 47.26981 47.43594 47.59654 47.80616 47.22662 46.85373 46.42852 46.61615 46.4765 45.90977 45.66726 45.37739 44.84296 43.88091 44.0585 44.20864 44.48067 44.18291 44.3214 43.69162 43.43597 44.34263 44.29914 44.14793 45.32399 44.97611 43.22401 41.78952 41.44537 41.29506 40.39886 39.73625 40.33984 41.55376 40.6358 39.65636 38.94113 40.17507 40.01561 39.07687 39.83981 39.44705 37.7491 38.57592 39.47963 39.81365 40.0402 40.76521 40.77382 39.75251 38.57175 38.99131 -128 -128 -128 -128 -128 -128 -128 -128 -128
-128 -128 -128 43.71436 43.75251 44.55011 45.12826 45.88548 46.39777 46.83511 46.81408 46.92895 47.37197 47.63602 47.46234 47.31096 47.18588 47.47117 47.81879 47.92451 47.65274 47.02815 46.48956 46.45951 46.46128 46.28677 45.62951 44.75114 44.3498 44.22576 44.31166 44.02657 44.54348 44.32656 44.43984 44.12253 43.99287 43.9032 44.0453 43.32158 44.12372 42.93161 41.42225 40.80304 40.03873 39.77447 40.55185 38.45344 38.42825 39.04013 38.02028 39.81775 38.38719 39.08772 39.8027 39.25194 40.08108 39.27933 40.03517 38.8107 38.14309 39.95545 39.12348 40.49055 40.12567 40.68999 40.11462 38.16315 38.50705 -128 -128 -128 -128 -128 -128 -128 -128
-128 -128 -128 43.82856 43.87776 44.73547 45.45105 46.14852 46.89874 47.23197 47.11704 47.43631 47.54554 47.6622 47.5838 47.50066 47.20261 47.23582 47.6089 47.62945 47.63795 46.83147 46.3691 45.79086 46.15286 45.96096 45.43072 44.92055 44.07352 43.62289 44.26101 44.42483 44.30136 44.01603 43.98981 44.02131 42.90859 43.48886 43.51591 42.74132 42.49944 40.26848 41.79101 39.84487 38.08153 38.41248 39.32463 36.89463 38.07753 39.12029 36.77843 38.50552 38.89488 36.99417 38.62134 39.40671 39.55106 38.8752 39.94175 40.54267 38.36737 39.01036 38.41116 38.34772 37.86222 38.8032 39.16063 38.55248 39.61029 39.88386 -128 -128 -128 -128 -128 -128 -128
-128 -128 44.10014 43.93354 44.09579 44.73213 45.27929 46.03192 47.00459 47.31262 47.41492 47.30944 47.13696 47.56833 47.53713 47.18841 46.83904 46.86992 47.05642 47.07984 46.98602 46.80345 45.88552 45.34679 44.93985 45.38576 44.98294 45.08678 44.33539 43.96955 44.11643 44.32713 44.35332 44.33613 44.14508 43.32367 43.32445 43.36525 42.47375 42.23933 39.62268 40.62371 40.5345 38.81912 36.89189 38.49341 37.49574 36.47345 35.1545 36.33519 37.98462 38.1417 37.44838 36.09898 37.0528 38.85236 38.84409 38.95121 40.47168 40.71098 39.96701 40.05247 39.79685 39.23507 38.66254 39.65293 39.53335 40.59916 40.0465 39.98476 -128 -128 -128 -128 -128 -128 -128
-128 -128 44.19736 44.10997 44.38976 45.11537 45.67712 46.24257 46.90787 47.40374 47.44471 47.11864 47.16949 46.94074 46.85061 46.66011 46.25758 46.26324 46.5462 46.68129 46.57695 46.13591 45.37469 44.89422 44.38667 44.38563 44.63905 44.40142 44.27314 44.10422 44.28291 44.55926 44.31222 44.3074 44.14528 43.297 43.28698 42.13921 40.67646 40.14055 40.77737 40.88187 40.08984 36.77011 36.34788 37.82737 36.87106 35.73966 35.65945 38.08533 37.45024 36.9009 37.68213 38.22632 36.88687 37.89473 37.55553 39.68233 40.54807 40.91455 40.17054 40.44258 39.67731 39.12865 39.72787 39.95457 39.67191 40.56567 41.0026 40.70113 -128 -128 -128 -128 -128 -128 -128
-128 44.3763 44.24124 44.07023 44.21238 44.96334 45.46111 46.21795 46.59465 46.98018 47.13432 47.30498 47.05814 47.05788 46.76661 46.66431 46.45509 46.4053 46.35395 46.28959 45.84969 45.58033 44.91778 44.52772 44.1202 44.16378 44.51582 44.04026 43.58892 43.79351 43.8591 44.0704 44.69842 44.00405 43.37966 43.02062 42.22472 40.64791 39.69793 39.63776 38.70667 37.30272 34.99768 33.86024 35.51693 37.57578 37.01369 35.72978 35.29154 36.63493 36.57337 37.69926 36.88446 35.23843 36.78596 37.8405 37.09329 38.71943 39.4134 40.79355 40.52666 39.49295 38.64746 38.80869 39.90554 39.68456 39.45683 -128 -128 -128 -128 -128 -128 -128 -128 -128 -128
-128 44.41485 44.24639 44.13428 44.60948 45.17692 45.66603 46.19025 46.76325 47.13432 47.09666 47.31522 47.11278 47.07305 47.00423 46.61519 46.56709 46.45851 46.32058 46.18511 45.62603 45.40256 44.52976 -128 43.78194 43.60367 44.50096 44.46362 43.68508 43.22277 43.27449 43.216 43.17966 43.75909 43.78169 43.89731 42.93001 41.18208 40.11298 39.45848 38.19965 36.14605 33.82504 32.67204 35.26851 36.25824 35.83921 36.77382 36.07914 36.30746 37.23383 37.93356 36.89685 35.01114 37.67378 38.29129 39.32656 38.17316 37.41325 39.79379 38.60044 38.9258 37.67728 39.0167 38.93505 39.04035 39.23811 -128 -128 -128 -128 -128 -128 -128 -128 -128 -128
-128 44.42384 44.23698 44.1846 44.70053 45.17933 45.70058 46.24175 46.92102 47.18524 47.16851 47.23575 47.18207 47.30991 47.29727 46.70786 46.57745 46.57043 46.34188 46.0562 45.61175 45.06361 44.21715 43.81203 -128 43.49361 43.68842 43.64322 43.02647 43.30439 43.31846 43.44117 43.3618 43.27562 43.3537 43.52651 43.7196 41.7844 39.33165 37.51972 37.01062 35.20179 33.43515 32.58092 33.07509 33.06399 33.74696 35.27445 36.0839 37.53178 38.30502 37.76977 36.98756 37.40473 37.60436 37.86429 39.6628 37.93385 37.51871 39.24228 39.99107 40.25593 37.18427 39.01101 39.50059 38.95127 -128 -128 -128 -128 -128 -128 -128 -128 -128 -128 -128
-128 44.40279 44.21041 44.36327 44.58676 45.2314 45.72949 46.28734 46.90742 47.24514 47.28021 47.14354 47.17083 47.1055 47.34742 46.90981 46.67662 46.48545 46.38187 46.01533 45.37534 44.80434 44.27588 43.65144 43.53281 43.49857 43.61791 43.77786 43.90662 43.54309 43.5175 43.55754 44.01576 44.02619 43.75333 42.82713 42.73327 40.61107 37.28064 37.40924 36.02182 34.12775 33.05691 31.8591 31.4218 31.13943 31.25585 32.63537 33.98438 34.63558 36.54522 37.0029 36.39153 36.52863 37.92907 38.46973 40.42901 38.97029 38.12632 40.84369 40.08104 40.59298 37.43099 -128 -128 -128 -128 -128 -128 -128 -128 -128 -128 -128 -128 -128 -128
-128 44.38078 44.30937 44.33097 44.64844 45.11258 45.73994 46.40034 46.95427 47.35697 47.22155 47.23473 47.27563 47.28064 47.39935 47.14087 46.79552 46.54486 46.10718 45.6273 45.19944 44.58782 44.394 43.74865 43.4822 43.55261 43.75385 43.52854 43.61766 42.93489 42.70564 43.24101 43.64694 43.75052 44.0831 43.96044 42.99325 40.05072 38.59424 37.51435 35.55611 32.9067 31.71856 30.40496 29.50846 29.09197 28.76799 31.11015 30.03556 26.38782 32.08472 31.13694 36.47562 36.89695 36.48041 40.03592 40.79945 39.53812 38.44685 40.84865 40.4282 39.76534 38.78546 37.64905 -128 -128 -128 -128 -128 -128 -128 -128 -128 -128 -128 -128 -128
44.28556 44.39004 44.35625 44.3578 44.62833 45.222 45.8131 46.37851 47.02687 47.38301 47.45092 47.37669 47.26529 47.35061 47.38303 47.02311 46.58427 46.33327 46.17495 45.53331 44.75587 43.74035 43.34387 43.24798 42.92308 43.16058 -128 42.54181 42.34365 42.34467 42.50407 42.3721 42.59065 43.9241 43.75606 43.14726 42.79129 40.73378 38.11781 36.77877 35.22591 33.18799 32.2525 31.32473 30.69053 30.93012 31.41745 33.37539 32.95664 28.50059 32.30547 29.57078 32.76548 35.89315 37.41526 40.71112 41.39926 40.29685 39.82618 41.66091 42.14235 41.71602 40.09692 38.94913 -128 -128 -128 -128 -128 -128 -128 -128 -128 -128 -128 -128 -128
-128 44.40032 44.33349 44.44137 44.66693 45.39472 45.64547 46.44502 47.13686 47.50436 47.38862 47.23876 47.24165 47.30344 47.29789 46.86084 46.7188 46.27821 45.87775 45.23421 44.33551 43.49546 43.00492 42.7535 42.59214 -128 42.94403 42.23507 41.61881 41.67519 41.7181 41.76575 41.91946 42.45029 42.84213 43.45351 43.32856 41.54641 38.81427 37.25432 35.0717 33.52551 32.72615 32.23463 32.22388 33.07327 32.25055 33.66478 35.48008 33.69677 31.86119 37.31507 38.31056 38.15625 37.30413 39.01107 41.30719 40.73453 40.90771 42.20212 42.54253 42.39778 41.49757 40.2686 -128 -128 -128 -128 -128 -128 -128 -128 -128 -128 -128 -128 -128
-128 44.51455 44.53239 44.48054 44.6657 45.36596 45.93778 46.69184 47.3414 47.34825 47.33639 47.11841 47.07743 47.3927 47.22773 46.78619 46.31239 45.86679 45.51663 44.82388 43.93868 43.16994 42.63675 42.45451 42.12834 42.26486 42.60201 42.24738 41.63337 41.39728 41.71109 41.85931 42.34921 42.7214 43.2254 43.3209 42.9327 41.21485 38.88298 37.00814 35.04542 33.19981 32.42954 32.50141 32.73827 33.33515 31.58738 32.48829 35.10396 36.51994 37.27963 37.90939 38.24855 38.80969 39.85052 39.8722 41.2515 40.73595 41.37644 42.61569 43.1934 42.9787 42.16302 40.91301 -128 -128 -128 -128 -128 -128 -128 -128 -128 -128 -128 -128 -128
44.57864 44.73496 44.75874 44.86602 45.19644 45.52617 45.93074 46.57222 47.32784 47.22462 47.22393 47.0987 47.1032 47.37063 46.83067 46.57116 46.31749 45.57811 45.05951 44.3462 43.4113 42.42631 42.04898 41.83778 41.67227 42.00771 42.48572 42.13955 41.83723 41.59418 41.37072 41.70712 42.20939 42.39716 42.42346 42.61581 42.18862 40.55288 38.66859 36.90038 35.15284 33.22052 32.85743 32.43795 31.15954 30.20858 29.63597 31.59299 34.14757 36.41194 37.60162 37.77655 38.00928 38.34999 39.50406 40.47237 41.74519 42.18029 42.10021 42.04827 42.60657 42.7373 42.21665 42.79911 -128 -128 -128 -128 -128 -128 -128 -128 -128 -128 -128 -128 -128
44.76797 44.97799 44.99385 45.22036 45.33434 45.65212 45.99594 46.53299 47.12003 47.23939 47.02129 47.08484 46.93944 47.32578 47.02903 46.47434 46.02145 45.29396 44.4451 43.71175 42.85404 41.91199 41.64739 41.25663 41.14733 41.58775 42.08278 41.95327 41.86759 41.36861 41.54317 41.55799 41.66401 42.0222 42.10477 41.69713 41.60358 40.32538 38.64971 37.00748 35.2774 33.55656 32.74439 32.10318 31.52556 30.89388 30.0566 31.49329 32.89767 33.57432 36.0153 37.04405 36.98502 38.7835 40.83366 41.68361 42.82538 43.52883 43.08836 42.81661 42.9099 42.77935 -128 -128 -128 -128 -128 -128 -128 -128 -128 -128 -128 -128 -128 -128 -128
44.96955 45.24845 45.29449 45.49127 45.58596 45.81455 46.07769 46.52327 46.84523 46.88575 46.96106 47.00621 46.9458 47.02411 46.97293 46.17155 45.49871 44.75984 44.19217 43.17873 42.33081 41.29934 41.26771 40.95961 40.98921 41.37065 41.71616 41.49511 41.39859 41.39644 41.4414 41.44672 41.85942 42.3766 42.45742 41.79329 41.72199 40.06843 39.01894 37.65681 36.16406 34.41447 33.14188 32.26596 31.36274 30.90541 29.65272 31.03582 32.9105 33.85823 33.95946 34.90969 38.58404 40.274 40.25991 41.44653 42.48147 41.98522 41.96718 42.37678 -128 -128 -128 -128 -128 -128 -128 -128 -128 -128 -128 -128 -128 -128 -128 -128 -128
45.15567 45.39846 45.65667 45.8739 45.90272 45.91068 46.15656 46.45472 46.80438 46.7641 46.79939 47.06267 47.08931 46.99508 46.72058 46.01724 45.29047 44.54056 43.54796 42.44683 41.75603 40.84778 40.73709 40.66737 40.69915 41.03984 41.81054 41.56216 41.45481 41.52568 42.16804 41.93883 41.70859 42.09758 41.81992 41.34013 41.22845 40.37761 39.1034 37.58446 35.5141 34.66176 33.68509 32.95835 33.44553 29.98836 28.63029 31.14746 34.49181 35.72143 34.40451 36.2523 38.40287 38.85691 40.30381 -128 41.21994 41.48758 41.68008 -128 -128 -128 -128 -128 -128 -128 -128 -128 -128 -128 -128 -128 -128 -128 -128 -128 -128
45.19536 45.52119 45.5217 45.74369 45.93555 46.16008 46.03832 46.23624 46.63942 46.35478 46.8479 46.9681 46.62972 46.71074 46.29512 45.50827 44.79259 43.80828 42.98596 42.09132 41.33302 40.42331 40.44249 40.19116 40.45726 41.04515 41.68983 41.62167 41.42953 41.34219 41.92675 42.08068 41.90583 41.10202 41.84547 41.72347 41.86704 40.53785 38.8281 36.0841 32.57997 33.76312 34.71145 36.50814 35.38119 30.83668 30.3617 32.49048 34.12937 34.58241 35.6121 36.80165 37.41412 39.26918 40.31138 -128 -128 -128 -128 -128 -128 -128 -128 -128 -128 -128 -128 -128 -128 -128 -128 -128 -128 -128 -128 -128 -128
45.10661 45.2623 45.46939 45.48433 45.71074 45.555 45.56042 45.771 45.99122 46.60701 46.59514 46.20778 46.17605 45.79529 45.56857 44.7623 44.18667 43.65222 42.3369 41.60766 40.81583 40.04469 39.98698 40.27242 40.2244 40.78344 41.57656 41.40443 41.47334 41.50505 41.52235 42.18399 42.31713 42.3921 41.8723 42.1494 42.15361 41.07909 39.40866 36.251 35.48023 34.92716 33.94226 33.70007 33.82557 31.8581 30.73029 32.3338 33.89228 34.56828 35.62822 36.6901 37.95607 38.6105 -128 -128 -128 -128 -128 -128 -128 -128 -128 -128 -128 -128 -128 -128 -128 -128 -128 -128 -128 -128 -128 -128 -128
45.01519 45.20598 45.26939 45.2365 45.2603 45.21408 45.33246 45.58931 45.80434 46.04694 46.08935 46.09654 45.9897 45.84318 44.9474 44.23851 43.43412 43.09597 41.85806 40.92881 40.29639 39.89342 39.69596 39.6272 39.9098 40.54585 41.50771 41.25996 41.44426 41.38983 41.543 42.37737 42.66185 42.8448 42.59701 42.47607 42.21156 40.89855 39.3993 37.70364 36.78681 34.25797 32.29609 31.45315 32.23571 31.29673 30.01519 31.61264 32.91547 34.13631 35.20875 36.97792 37.7599 -128 -128 -128 -128 -128 -128 -128 -128 -128 -128 -128 -128 -128 -128 -128 -128 -128 -128 -128 -128 -128 -128 -128 -128
44.99629 45.10775 44.98733 44.76907 44.92788 44.95763 44.90009 45.22243 45.34195 45.63312 45.35451 45.8393 45.73733 45.64246 44.68331 43.88001 43.35773 42.58334 41.66744 40.78899 40.23992 39.51719 39.62079 39.70709 40.19133 40.66369 41.5233 41.29058 41.63164 41.67365 41.6467 42.08387 42.78397 42.87872 42.82706 42.2386 42.02781 40.72966 39.42644 38.28122 36.22582 33.75441 31.57827 30.17815 30.47719 31.64689 30.4912 31.64977 33.02021 34.30327 35.58526 36.55091 -128 -128 -128 -128 -128 -128 -128 -128 -128 -128 -128 -128 -128 -128 -128 -128 -128 -128 -128 -128 -128 -128 -128 -128 -128
44.8783 44.90636 44.79887 44.7562 44.62351 44.77332 44.73005 44.70452 44.62535 44.83919 44.83245 45.17258 45.13583 45.60823 44.89439 43.69494 42.93593 42.26493 41.36563 40.75955 40.11227 39.66837 39.6353 39.53268 39.86908 40.45947 41.3853 41.26525 41.7152 41.9702 42.06583 42.14274 42.60886 42.68865 42.69298 42.14364 41.80837 40.54205 39.19324 37.48618 35.57482 33.2678 31.9291 31.28849 31.11479 31.20676 30.45407 31.71465 33.02658 34.37127 35.89431 36.86242 -128 -128 -128 -128 -128 -128 -128 -128 -128 -128 -128 -128 -128 -128 -128 -128 -128 -128 -128 -128 -128 -128 -128 -128 -128
-128 -128 -128 -128 44.61404 44.43898 44.52688 44.44277 44.09378 44.43328 44.68275 45.02332 44.99326 44.57572 44.41377 43.85303 42.90026 41.87991 41.28104 40.52001 40.05392 39.66828 39.51925 39.51917 39.64661 40.35834 41.37207 41.16615 41.31324 41.62359 41.73908 42.07656 42.85218 43.10251 42.83662 42.41528 41.73877 40.21177 39.09634 37.46502 35.27463 32.83914 31.89807 33.71113 33.964 32.6236 31.76024 32.37376 33.05384 34.38149 35.87413 36.73676 37.65551 38.73506 -128 -128 -128 -128 -128 -128 -128 -128 -128 -128 -128 -128 -128 -128 -128 -128 -128 -128 -128 -128 -128 -128 -128
45.00336 44.93903 44.77981 44.62946 44.47436 44.57548 44.11151 44.10143 44.11066 44.08151 44.45702 44.45852 44.45413 44.20848 43.64553 43.26472 42.84472 41.87332 41.11668 40.22274 40.09385 39.51913 39.7151 39.35312 39.46379 40.28112 41.16727 40.91959 41.36348 41.50208 41.50265 42.06491 42.50289 42.86478 42.9668 42.67321 41.78558 40.05505 37.87896 37.26884 35.1963 32.69991 31.66892 31.91713 32.5882 33.19099 31.13481 31.44835 32.51023 33.64221 35.42929 36.37124 37.15788 -128 -128 -128 -128 -128 -128 -128 -128 -128 -128 -128 -128 -128 -128 -128 -128 -128 -128 -128 -128 -128 -128 -128 -128
45.12605 -128 44.87411 44.74203 44.68528 44.88894 43.83952 43.80074 43.90115 44.01776 44.51254 44.87119 43.92088 43.96897 43.61159 43.01473 42.55127 41.72872 41.11941 40.47667 40.05632 39.57602 39.50808 39.32346 39.45091 40.07498 40.57607 40.75662 41.02372 41.30568 41.4011 42.297 42.34352 42.28597 42.42166 42.24962 41.84689 40.47334 38.32179 37.47171 35.38144 32.7376 31.3428 32.26162 32.15281 31.44353 26.8165 29.0935 31.49482 32.67209 34.55923 35.25463 -128 -128 -128 -128 -128 -128 -128 -128 -128 -128 -128 -128 -128 -128 -128 -128 -128 -128 -128 -128 -128 -128 -128 -128 -128
-128 -128 44.96099 44.79671 44.93098 45.01556 44.17641 44.35759 43.48795 44.03918 43.93943 43.63286 44.4183 44.42574 43.57199 43.46321 42.63592 41.4253 40.68007 40.53164 40.00611 39.41644 39.40763 39.36683 39.4532 40.07411 40.60282 40.80993 40.96742 41.1056 41.16704 42.18172 42.22661 42.11433 41.93718 41.57196 41.47399 40.62662 38.97872 37.30972 35.95913 33.46122 32.06224 32.58205 32.9377 28.35032 24.47571 28.67794 30.9789 32.23017 33.65831 -128 -128 -128 -128 -128 -128 -128 -128 -128 -128 -128 -128 -128 -128 -128 -128 -128 -128 -128 -128 -128 -128 -128 -128 -128 -128
-128 -128 45.05829 44.88343 45.16962 45.00129 44.74477 44.25624 43.69476 44.05234 43.3563 43.69942 43.32541 44.09423 43.94138 43.1478 42.30603 41.42732 40.91949 40.01974 39.41707 39.14808 39.08428 38.82932 39.074 39.78638 40.27154 40.75801 41.14815 40.92555 41.09634 42.28939 42.19017 42.25067 42.44303 42.20403 41.53308 40.58203 39.22367 37.74335 36.52197 34.06847 32.66745 32.9232 32.09219 27.99982 24.98091 29.48734 30.79748 32.36797 -128 -128 -128 -128 -128 -128 -128 -128 -128 -128 -128 -128 -128 -128 -128 -128 -128 -128 -128 -128 -128 -128 -128 -128 -128 -128 -128
-128 -128 -128 -128 44.79307 44.6396 44.75408 44.16282 44.00351 43.88326 43.56524 43.31817 43.39449 43.72053 43.65945 43.01392 42.64657 41.20769 40.41967 39.99494 39.22493 38.72622 38.68299 38.96273 39.34719 40.06443 40.32111 40.4605 40.96421 41.23357 41.12891 42.1383 42.14497 42.29742 42.54816 42.58823 42.11983 40.35581 38.77858 37.23979 36.44675 35.36802 34.77133 33.10094 31.01041 29.5119 27.36355 29.51003 31.72208 32.52875 -128 -128 -128 -128 -128 -128 -128 -128 -128 -128 -128 -128 -128 -128 -128 -128 -128 -128 -128 -128 -128 -128 -128 -128 -128 -128 -128
-128 -128 45.26314 45.1298 45.0299 44.89593 44.96846 44.31005 43.98785 43.70695 43.18015 42.74442 42.96242 43.75697 43.92978 43.61345 42.6407 41.33984 40.66338 40.02908 39.21987 38.58146 38.55295 38.60737 39.04514 40.03054 40.05576 40.31771 40.64005 41.41395 41.57376 42.07629 41.78587 41.47106 42.59771 42.16781 42.64381 40.83739 39.37854 37.6866 36.46254 33.90129 33.80842 32.39977 30.96257 29.98517 29.29297 30.72993 32.3846 -128 -128 -128 -128 -128 -128 -128 -128 -128 -128 -128 -128 -128 -128 -128 -128 -128 -128 -128 -128 -128 -128 -128 -128 -128 -128 -128 -128
-128 45.50087 45.35254 45.23023 45.02674 44.99512 44.87898 44.62954 44.35694 43.94259 43.54569 43.23311 43.62245 43.62603 44.01866 43.46478 42.36009 41.37688 40.95101 40.19749 39.71198 38.91542 38.91571 39.09263 39.40845 39.87046 40.07078 40.80557 40.84385 40.96425 41.37289 41.48503 41.68748 41.90766 41.94632 41.66336 42.3136 40.78638 38.96145 36.65675 36.10188 33.57722 32.74934 33.46289 32.93977 31.37675 30.0707 30.99618 -128 -128 -128 -128 -128 -128 -128 -128 -128 -128 -128 -128 -128 -128 -128 -128 -128 -128 -128 -128 -128 -128 -128 -128 -128 -128 -128 -128 -128
-128 45.58494 45.4081 44.98505 44.90714 44.84 44.71434 44.16315 44.26986 44.25452 44.07857 43.85393 43.3756 43.75556 43.77696 43.75873 42.04985 41.43485 40.59399 39.98505 39.19831 38.95574 39.09813 39.3952 39.29738 39.57918 40.38648 40.48448 40.11511 40.24949 40.76022 40.92241 40.98363 42.07803 41.11715 40.60848 41.17031 40.08852 38.62783 35.94231 34.45679 32.04432 33.86202 34.11232 33.18723 31.30877 30.2393 30.88657 -128 -128 -128 -128 -128 -128 -128 -128 -128 -128 -128 -128 -128 -128 -128 -128 -128 -128 -128 -128 -128 -128 -128 -128 -128 -128 -128 -128 -128
-128 45.6857 45.5719 45.33578 45.24446 44.76261 44.94491 44.44424 44.27485 44.39177 43.78625 43.45048 43.65529 44.09161 44.04194 43.6403 42.43715 41.70724 41.01803 40.48548 39.74052 39.40936 39.2956 39.55572 39.57322 39.27003 40.41398 40.5526 40.10571 40.66432 41.0027 41.12183 40.9408 41.54578 41.26708 40.51351 39.86452 38.97105 37.49576 36.00401 32.04538 32.04523 33.22159 33.28318 33.10575 32.45221 31.06971 -128 -128 -128 -128 -128 -128 -128 -128 -128 -128 -128 -128 -128 -128 -128 -128 -128 -128 -128 -128 -128 -128 -128 -128 -128 -128 -128 -128 -128 -128
-128 45.75196 45.30685 45.15257 45.36874 45.20396 45.18435 44.60159 44.40674 44.49618 44.59055 44.07111 43.86894 43.93443 44.14315 43.63928 42.75136 41.67587 41.5183 40.44436 39.94267 39.64849 39.4419 39.69662 39.77997 40.04 41.00372 40.64843 40.60283 40.59804 40.55991 41.06533 40.82982 41.2208 40.93133 40.33525 39.42503 38.28641 37.08146 35.21112 30.93547 32.50521 32.82652 32.80861 32.97915 32.60151 -128 -128 -128 -128 -128 -128 -128 -128 -128 -128 -128 -128 -128 -128 -128 -128 -128 -128 -128 -128 -128 -128 -128 -128 -128 -128 -128 -128 -128 -128 -128
