formato/VCI/bioclim_6.asc
ncols         186
nrows         781
xllcorner     -75.7
yllcorner     -56.55
cellsize      0.05
NODATA_value  -9999
[rows 646 to 679 of 781, columns 0 to 76 of 186]
-128 1.924168 1.916504 1.950657 -128 1.81141 1.676155 0.6574107 0.2592716 -0.242709 0.3098214 0.07168747 0.1714898 0.8790826 0.888375 1.009142 0.8269199 0.4619372 -2.052386 -1.76458 -1.60031 -1.552915 -4.45054 -3.900798 -3.190267 -3.149499 0.0425078 -0.9787426 -2.753137 -3.824743 -3.665088 -3.447185 -2.743614 -3.001191 -3.613769 -2.744643 -4.316623 -0.7227383 -3.188744 -5.749868 -1.739681 -6.772643 -8.808711 -9.263729 -10.12861 -128 -128 -128 -128 -128 -128 -128 -128 -128 -128 -128 -128 -128 -128 -128 -128 -128 -128 -128 -128 -128 -128 -128 -128 -128 -128 -128 -128 -128 -128 -128 -128
-128 1.94556 -128 -128 -128 1.834291 1.755971 1.550107 0.9622962 1.322145 0.9349081 1.228515 0.9471176 0.8787201 0.958172 0.9240045 -0.412069 -0.9646514 -0.5607249 -1.928982 -2.180681 -0.9631321 -3.029091 -3.465295 -1.957173 -1.218087 -0.1143495 -0.637457 -2.538443 -2.462211 -1.043389 -3.702935 -1.753796 -3.750099 -1.773333 -3.3156 -0.3838333 -4.072312 -7.746734 -9.786072 -5.216158 -6.900111 -9.39056 -10.57127 -11.38918 -128 -128 -128 -128 -128 -128 -128 -128 -128 -128 -128 -128 -128 -128 -128 -128 -128 -128 -128 -128 -128 -128 -128 -128 -128 -128 -128 -128 -128 -128 -128 -128
-128 -128 -128 -128 -128 -128 -128 -128 -128 -128 1.521039 1.407496 1.300305 1.109542 0.994308 0.866873 -0.7153226 -1.346112 -1.979308 -1.567305 -1.071249 -1.070343 -1.295444 -2.207789 -2.807695 -0.2532007 -128 -0.8995985 -0.09219714 -0.02029032 0.2801165 -0.4472473 -2.936677 -2.368625 0.5641523 -0.6707993 -1.303217 -1.091964 -5.794976 -7.748913 -8.091526 -7.807569 -9.67392 -11.05263 -128 -128 -128 -128 -128 -128 -128 -128 -128 -128 -128 -128 -128 -128 -128 -128 -128 -128 -128 -128 -128 -128 -128 -128 -128 -128 -128 -128 -128 -128 -128 -128 -128
-128 -128 -128 -128 -128 -128 1.932527 1.834693 1.770567 -128 -128 -128 -128 1.168597 -128 0.8387201 0.5857631 -0.768342 -2.392485 -3.388547 -2.150177 -1.732959 -2.446018 -1.179506 -0.6182438 -128 -0.1805789 -2.934546 -1.33939 -1.994724 -0.9675125 0.2144086 -0.241414 -0.0818638 -1.40047 -2.853953 -4.113746 -4.859331 -6.380836 -6.43115 -7.640479 -8.849916 -9.605177 -13.04556 -14.49256 -10.46837 -128 -128 -128 -128 -128 -128 -128 -128 -128 -128 -128 -128 -128 -128 -128 -128 -128 -128 -128 -128 -128 -128 -128 -128 -128 -128 -128 -128 -128 -128 -128
-128 -128 -128 -128 -128 2.035095 1.261268 0.186958 1.216734 0.9840305 0.303701 0.9498318 1.19974 0.8250555 0.9560371 -128 0.5221558 0.09791017 -0.7582674 -1.270982 -0.7218973 -2.113822 -0.6217551 0.2622975 -0.4091093 -1.592223 -0.260009 -1.393652 -3.028432 -3.199887 -3.503488 -2.548444 -1.398063 0.4109373 1.122355 0.02901971 0.6066954 -3.835555 -6.969993 -7.117957 -6.686231 -6.460256 -8.37774 -11.32873 -12.88792 -11.84573 -128 -128 -128 -128 -128 -128 -128 -128 -128 -128 -128 -128 -128 -128 -128 -128 -128 -128 -128 -128 -128 -128 -128 -128 -128 -128 -128 -128 -128 -128 -128
-128 -128 -128 2.104214 -128 2.112683 1.196974 0.08061048 0.3275564 -0.09215748 -0.9635224 0.2819892 0.9427038 0.8557354 0.4973396 0.5777489 0.4080853 0.3443254 0.2751977 -0.2606937 -0.2203434 0.1536308 -0.04984409 -0.6394693 -1.189076 -2.173606 -1.110456 -0.2584677 -0.7179355 -1.603604 -3.555208 -3.343871 -3.9058 -0.584138 -0.2992993 -3.029061 -3.249905 -3.780834 -5.379691 -5.957813 -6.045916 -7.789817 -8.533686 -11.12985 -12.92468 -128 -128 -128 -128 -128 -128 -128 -128 -128 -128 -128 -128 -128 -128 -128 -128 -128 -128 -128 -128 -128 -128 -128 -128 -128 -128 -128 -128 -128 -128 -128 -128
-128 -128 -128 -128 2.167357 2.172749 2.175049 1.05948 -0.4102133 -0.6761776 -1.153606 0.2449688 0.7587495 0.4974748 -0.06365071 -0.02317898 0.06728408 -0.1084842 -0.02433403 -0.2429379 -0.05637183 -0.9290288 -2.914528 -1.497248 -1.399207 -2.415506 -3.132771 -1.520421 -0.7045161 -0.08654659 -0.6747419 -3.361242 -3.213118 -3.821297 -1.722959 -2.133738 -5.568677 -6.991374 -5.904653 -6.950314 -8.60684 -8.045413 -9.846899 -10.58599 -128 -128 -128 -128 -128 -128 -128 -128 -128 -128 -128 -128 -128 -128 -128 -128 -128 -128 -128 -128 -128 -128 -128 -128 -128 -128 -128 -128 -128 -128 -128 -128 -128
-128 -128 -128 -128 2.188689 2.167763 0.5866771 0.1226101 1.083158 1.678977 1.022627 0.9687895 0.5688397 0.5444815 0.1127385 -0.6274853 -0.1380281 -0.07236212 -0.1439074 -0.06996185 -1.412601 -3.420048 -3.013359 -3.572506 -4.047671 -3.08902 -3.668423 -1.953809 -1.110514 0.07321326 -1.725697 -3.437045 -1.508185 -1.920314 -2.520502 -1.620068 -5.47693 -9.00264 -6.481745 -7.947763 -7.156835 -6.042136 -8.474785 -11.38502 -10.23461 -10.49063 -128 -128 -128 -128 -128 -128 -128 -128 -128 -128 -128 -128 -128 -128 -128 -128 -128 -128 -128 -128 -128 -128 -128 -128 -128 -128 -128 -128 -128 -128 -128
-128 -128 -128 -128 2.209554 1.38128 0.4322615 0.8126119 1.001861 0.8369095 1.331868 -0.1578269 -0.3617395 0.2319355 0.01097468 0.220777 -0.3359938 -0.201266 -128 -0.4699983 -0.9868124 -0.8948249 -2.495147 -2.33103 -3.835876 -3.493998 -1.983835 -0.7181374 -2.326797 -2.887138 0.0008870968 -0.5183029 -0.1385394 0.3658244 -1.349582 -1.565133 -6.345938 -8.417369 -5.635649 -5.133619 -5.084407 -7.128356 -9.432048 -9.967401 -10.8286 -9.972388 -128 -128 -128 -128 -128 -128 -128 -128 -128 -128 -128 -128 -128 -128 -128 -128 -128 -128 -128 -128 -128 -128 -128 -128 -128 -128 -128 -128 -128 -128 -128
-128 -128 -128 2.187824 2.151183 1.034315 0.07900451 -1.259214 -0.2108984 -0.5702081 0.3584131 -0.01804717 -0.668786 -0.1485935 -0.1528876 -0.3611394 -0.7146947 -0.01506764 -0.1565383 -0.5219667 -0.6477957 -0.3942924 -0.7072633 -1.699124 -2.895038 -3.337034 -3.131883 -2.436342 -0.5571183 -2.832782 -1.111909 -1.953006 -3.921476 -1.764704 0.09927598 -0.3307419 -1.058314 -4.064123 -4.386683 -4.157615 -4.732598 -7.54778 -9.899675 -10.96904 -9.162811 -6.154037 -3.134005 -128 -128 -128 -128 -128 -128 -128 -128 -128 -128 -128 -128 -128 -128 -128 -128 -128 -128 -128 -128 -128 -128 -128 -128 -128 -128 -128 -128 -128 -128
-128 -128 -128 2.23144 2.005775 -0.6625443 0.1113198 0.6953451 1.342083 0.8079154 -0.1288848 -0.1346393 0.3952723 0.7026101 -0.2179396 -0.7666025 0.1098092 -128 -0.07201179 -0.3574298 -0.6616805 -0.4504665 -0.2689369 -1.000198 -3.1558 -3.484747 -3.369405 -1.18034 -0.5282186 -2.362542 -3.095907 -2.621211 -3.0033 -3.066214 -2.935878 -2.995767 -2.524755 -2.987824 -4.472407 -4.862454 -4.966141 -5.862124 -8.181073 -9.287184 -8.672189 -6.163796 -6.608019 -128 -128 -128 -128 -128 -128 -128 -128 -128 -128 -128 -128 -128 -128 -128 -128 -128 -128 -128 -128 -128 -128 -128 -128 -128 -128 -128 -128 -128 -128
-128 -128 -128 2.275113 2.21082 0.9555029 1.498954 1.677709 1.365912 0.2027367 0.5634929 1.390987 0.4338293 0.4172633 0.7902254 0.5947658 -128 -128 0.01988554 -1.099018 -3.21602 -2.017829 -1.674251 -0.4941727 -0.7427974 -1.725297 -1.361582 -0.554104 -2.847959 -3.330182 -2.47317 -2.855598 -0.5355466 -0.7832957 -0.9221882 -1.272192 -3.146885 -6.253146 -7.197182 -4.834715 -1.468226 -0.4900036 -0.0276362 -3.457232 -8.06024 -0.8099534 0.9558853 -128 -128 -128 -128 -128 -128 -128 -128 -128 -128 -128 -128 -128 -128 -128 -128 -128 -128 -128 -128 -128 -128 -128 -128 -128 -128 -128 -128 -128 -128
-128 -128 -128 2.301497 2.081054 1.853842 2.166913 1.83696 0.9688883 0.4081374 0.6209626 0.5171835 0.8774592 0.8171332 0.920026 -128 -128 0.2476101 -0.233257 -0.4956989 -1.97184 -2.451601 -1.381217 -1.709549 -0.3693288 -0.3830358 -0.09839247 -0.1072903 -0.7899767 -0.7279266 0.2506183 -0.5292706 -2.024231 -3.083682 -1.701249 -1.792332 -3.358532 -5.9155 -6.270237 -1.651658 -2.073023 0.7127867 2.131917 -1.18869 -6.135159 -8.732548 -2.785239 -128 -128 -128 -128 -128 -128 -128 -128 -128 -128 -128 -128 -128 -128 -128 -128 -128 -128 -128 -128 -128 -128 -128 -128 -128 -128 -128 -128 -128 -128
-128 -128 -128 2.328056 2.307718 1.675541 0.8527489 1.555442 1.771238 1.883722 1.332452 1.551249 1.111134 1.181412 -128 -128 -128 -128 -0.008012487 -0.6445352 -0.9691016 -1.811856 -2.374136 -3.077315 -1.435295 -1.330024 -2.214965 0.05281004 -0.4890735 -0.6387132 -0.3734839 0.1662599 -0.527328 -0.3707975 -2.152629 -2.245152 -4.232104 -5.913408 -3.21752 1.095213 0.01713082 1.338039 0.007234767 -3.1945 -8.679055 -9.294518 -9.402931 -5.866733 -128 -128 -128 -128 -128 -128 -128 -128 -128 -128 -128 -128 -128 -128 -128 -128 -128 -128 -128 -128 -128 -128 -128 -128 -128 -128 -128 -128 -128
-128 -128 -128 -128 2.300826 1.498309 0.3957336 0.3086455 0.350581 0.1813961 0.07412764 0.03201526 1.377629 -128 -128 -128 0.5855775 0.402624 0.1483004 -0.04097468 -0.5854232 -1.173614 -0.6469147 -0.8344103 -0.838727 -1.039298 -1.190234 -0.2722957 -0.847371 -3.136282 -1.480744 -0.5475681 -2.648566 -0.4945412 -0.2792993 -1.866833 -1.860512 -1.562202 -0.9237724 0.1461971 -3.308779 -5.096483 -6.07577 -7.872938 -8.032745 -7.60215 -10.83827 -10.03762 -128 -128 -128 -128 -128 -128 -128 -128 -128 -128 -128 -128 -128 -128 -128 -128 -128 -128 -128 -128 -128 -128 -128 -128 -128 -128 -128 -128 -128
-128 -128 -128 -128 -128 2.34542 1.969707 1.323682 1.622787 0.7557197 1.498099 1.850968 -128 -128 1.404083 -128 0.7178183 0.4635068 -128 0.001420395 -0.2764325 -1.043732 -0.3693375 -1.378916 -1.920284 -2.487922 -2.686502 -1.513691 0.1194875 -0.9912599 -1.331389 -1.546353 -2.403127 -4.195699 -1.54695 -3.128353 -0.8146738 -3.170057 1.083955 1.35583 0.1823082 -3.65553 -3.072461 -4.046484 -5.368422 -5.228538 -6.70115 -10.33203 -11.00237 -7.735643 -128 -128 -128 -128 -128 -128 -128 -128 -128 -128 -128 -128 -128 -128 -128 -128 -128 -128 -128 -128 -128 -128 -128 -128 -128 -128 -128
-128 -128 -128 -128 2.32123 0.9845699 0.8783281 0.846417 1.465586 1.884209 2.008583 -128 1.781705 1.705076 1.4826 1.145956 0.8375546 0.5439265 0.08810961 -0.0004699965 -0.2235137 -0.2954908 -0.5146827 -1.691887 -3.213663 -2.673692 -2.373628 -2.252326 -0.5523208 -0.5531487 -2.881721 -2.493624 -2.705278 -3.61407 -3.056249 -3.655525 -3.878694 -2.666484 1.071826 1.463045 1.206346 0.3913082 1.618278 -0.8562527 -1.339258 -4.406875 -7.652504 -9.15218 -10.57722 -9.81341 -10.23067 -8.219704 -128 -128 -128 -128 -128 -5.709636 -4.637468 -5.798615 -5.080817 -128 -6.415999 -7.094927 -6.826531 -7.879681 -6.850869 -7.086568 -128 -128 -128 -128 -128 -128 -128 -128 -128
-128 -128 -128 2.402451 1.807817 1.428141 1.528819 0.50765 1.207279 2.155964 -128 -128 1.831126 1.239514 1.164291 1.279566 0.5631582 0.4191762 -0.2377922 0.11577 -0.04626257 -0.2102258 -0.2539247 -1.367253 -2.836264 -2.970075 -2.168143 -1.626762 -1.293679 -0.8938835 -1.151233 -3.200557 -2.197466 -1.284385 -1.688366 -3.245409 -4.27022 -0.4596308 -0.5550735 -1.297656 -2.986348 -3.513206 0.1440591 2.788197 1.763357 2.324382 2.074014 -3.411094 -9.084799 -11.48815 -13.21724 -6.191329 -128 -128 -128 -3.684062 -8.091714 -6.750373 -4.9742 -7.872414 -7.174549 -7.206714 -7.380388 -6.460194 -5.775401 -7.888349 -6.449069 -7.955413 -9.617156 -128 -128 -128 -128 -128 -128 -128 -128
-128 -128 -128 -128 2.432728 1.596904 0.7601353 0.4711082 1.522759 2.161793 -128 1.997881 1.270864 0.9922737 1.196211 1.049884 0.7713944 -0.04567464 -1.311103 -0.02477454 -0.02235865 -0.819693 -0.2107115 -0.4845251 -2.041436 -2.659735 -2.553205 -3.648227 -2.234081 -1.724181 -0.1972276 -1.101122 -0.6092706 -3.083975 -2.69337 -4.150801 -4.654963 -1.030287 -1.964258 -2.72828 -3.412328 -6.063762 -5.075206 -0.1348817 -4.301188 -7.07196 -6.453734 -7.256164 -8.923734 -9.968205 -9.528086 -128 -128 -128 -6.231828 -7.965413 -6.978602 -5.71505 -4.831429 -5.364341 -6.875942 -8.796488 -7.093982 -7.268449 -7.100149 -5.218149 -6.91491 -9.620293 -128 -128 -128 -128 -128 -128 -128 -128 -128
-128 -128 -128 -128 -128 1.973765 0.8955429 1.423141 1.180538 2.173682 -128 2.015707 1.917595 0.8445491 1.055923 0.5758827 -0.7027402 -0.9124072 -1.314606 -0.2404388 0.2358307 -0.6294138 -1.713056 -1.375968 -0.7018297 -0.5669785 -2.760264 -1.523285 -1.723172 -1.554226 -1.217108 -0.1667491 -3.041193 -3.642296 -2.854424 -2.105007 -1.789962 -0.2049767 -0.1881846 -3.651882 -3.964379 -5.193092 -6.985201 -7.441569 -8.61939 -9.630935 -9.912312 -7.332229 -6.266944 -4.042213 -1.745781 -0.9765 -6.477709 -6.878085 -6.310583 -7.203475 -7.349721 -6.561511 -6.51243 -4.616112 -7.10533 -8.214842 -7.761013 -6.519412 -7.822976 -5.145617 -8.028812 -9.374511 -10.85886 -128 -128 -128 -128 -128 -128 -128 -128
-128 -128 -128 -128 -128 -128 -128 2.266495 2.20435 -128 -128 -128 -128 1.974577 1.615208 1.261356 0.5207006 -0.7078078 -1.239024 -0.3558828 -0.5906885 -0.1106105 -1.264951 -1.967626 -1.514239 -1.121618 -0.4981434 -1.46807 -0.3445 -0.5521021 -0.9150717 -1.831824 -0.3840287 -0.5419122 -2.132305 -1.468772 -0.04153226 -2.015635 -0.3516165 0.08295878 -2.432326 -4.645539 -7.086183 -10.46149 -10.75285 -10.25143 -6.285262 -3.04055 -4.766282 -4.907449 -5.588457 -0.06482137 -2.081857 -3.123609 -2.789768 -2.387471 -3.371521 -4.537518 -4.403309 -3.16971 -2.564901 -3.156304 -3.597853 -4.225938 -5.731081 -4.925817 -5.960633 -7.497269 -5.664478 -128 -128 -128 -128 -128 -128 -128 -128
-128 -128 -128 -128 -128 -128 -128 -128 -128 -128 -128 -128 -128 2.079875 -128 1.40671 0.2178443 -0.2784721 -1.456828 -0.4086421 -0.3889247 -0.6362088 -1.898325 -2.664676 -2.342787 -2.53701 -0.696328 -0.4994659 -0.3682419 -0.3085824 -0.6900322 -1.090436 -1.226358 -0.4483548 -0.3139086 -0.4852455 -0.7996631 0.2861595 -0.2826362 -1.178898 -3.07565 -5.460982 -7.923925 -9.185314 -8.121699 -7.454884 -4.050385 -2.285316 -2.871159 -3.372714 -4.559515 -3.079454 0.06169534 -0.1811756 -3.359747 -3.923044 -0.5344225 -2.073767 -2.380003 -1.980125 -4.907999 -6.571967 -6.004982 -5.099893 -5.21888 -4.833769 -3.302187 -2.779118 -2.903593 -3.059172 -128 -128 -128 -128 -128 -128 -128
-128 -128 -128 -128 -128 -128 -128 -128 -128 -128 -128 -128 -128 2.018866 1.960739 0.2709955 -0.9848994 -1.641986 -0.7145196 -1.66125 -0.1257874 -0.1105151 -1.87227 -3.160399 -2.783387 -1.331415 -0.5211541 -1.701292 -0.4576953 -1.429086 -2.692026 -2.58483 -2.151155 -1.89918 -2.317265 -0.6107205 -0.7868226 0.6313083 0.6172204 -0.2461703 -0.2165 -0.7574158 -2.821642 -3.907269 -4.799748 -6.287202 -6.023517 -3.790168 -0.3469946 -1.523104 -5.951963 -4.76843 -4.896743 -6.65692 -7.333854 -6.515928 -3.647269 -0.7464672 -1.571302 -1.649306 -2.126341 -3.04029 -3.4118 -3.542424 -3.578377 -3.333817 -1.894157 -1.668215 -2.195719 -2.37295 -128 -128 -128 -128 -128 -128 -128
-128 -128 -128 -128 -128 -128 -128 -128 -128 -128 -128 -128 1.868259 1.229468 1.366826 0.4179865 0.4487045 0.2848751 -0.5525841 -1.774091 -1.864572 -1.326408 -2.786252 -2.484632 -2.085128 -2.367598 -1.444369 -0.7736452 -1.08853 -0.5480502 -2.213203 -1.709077 -0.645681 -2.1967 -1.104341 -2.058141 -2.275612 -1.963765 0.3763961 -0.1812832 -1.114034 -3.025306 -8.067332 -8.833979 -8.120322 -6.750093 -3.231608 -1.683921 0.7682312 0.9289982 -4.167012 -7.835326 -6.575463 -9.303335 -10.87426 -5.127376 -0.9358099 -0.6713233 -0.983897 -1.407176 -0.8919181 -1.351394 -1.494346 -1.330467 -1.163826 -1.013685 -1.101238 -1.42205 -1.827643 -128 -128 -128 -128 -128 -128 -128 -128
-128 -128 -128 -128 -128 -128 -128 -128 -128 -128 -128 -128 1.783583 1.643892 1.508757 0.9459192 -0.2807371 -0.3801093 -0.4761758 0.2876552 -0.02667014 -0.9155203 -2.074398 -1.174474 -1.009771 -1.085541 -1.152367 -0.8855134 -3.857619 -0.4736837 -1.90256 -0.5444767 -2.776634 -2.517752 -0.8615752 -2.627249 -2.345267 -0.859367 -0.801266 -1.752131 -0.5882186 -3.740827 -8.345586 -8.776241 -7.219518 -6.95303 -3.102948 1.0794 -0.242435 1.076177 1.246832 -5.593975 -4.57467 -1.878888 -1.578276 -0.1607353 -0.5799046 -1.139374 -0.9813163 -0.5991294 -0.449504 -0.8213944 -1.18646 -1.155234 -1.181443 -1.159941 -1.2206 -1.485106 -1.793644 -128 -128 -128 -128 -128 -128 -128 -128
-128 -128 -128 -128 -128 -128 -128 -128 -128 -128 -128 -128 -128 -128 1.441417 0.9854908 0.8770222 0.7126465 0.5151092 -0.6267829 -1.413862 -0.6396185 -0.624726 -2.294438 -0.6629795 -0.3876201 -0.5365054 -0.1337062 -3.361106 -1.369983 0.2234552 -1.262796 -2.083573 -2.713663 -0.7500919 -3.211447 -1.971679 -1.090276 0.4321021 -0.3914749 -1.612255 -1.041306 -4.526922 -7.796266 -6.783235 -4.454998 -3.624599 -2.016505 1.017443 0.4415842 0.6481004 0.5374835 0.5956816 0.3605099 -0.1623361 -0.7606695 -0.9880211 -1.186517 -1.463449 -2.786705 -4.555573 -4.540564 -2.25667 -1.63757 -2.352237 -2.681381 -2.818019 -128 -128 -128 -128 -128 -128 -128 -128 -128 -128
-128 -128 -128 -128 -128 -128 -128 -128 -128 -128 -128 1.433658 1.341774 1.267728 -0.8515939 -0.6077593 -0.6799306 0.09955775 0.6674957 0.4378495 0.0900555 -0.9848353 -0.9488953 -2.246099 -1.516112 -1.038307 -0.9397867 -128 -0.3910914 -1.251757 0.2958602 -0.1041487 -1.812031 -1.783267 0.1369427 -1.709438 -3.054261 -2.616247 -0.4496631 0.9259032 0.6837168 -0.8439301 -4.835886 -7.75535 -5.611601 -4.308191 -2.746037 -2.114457 -2.33995 -4.519698 -3.601691 -0.8182414 -0.007044745 -0.5189855 -0.973224 -2.75544 -3.741249 -4.248569 -5.934674 -7.908772 -6.307974 -4.494674 -1.572196 -1.752967 -3.839242 -6.5112 -6.428613 -128 -128 -128 -128 -128 -128 -128 -128 -128 -128
-128 -128 -128 -128 -128 -128 -128 -128 -128 -128 -128 1.364081 1.140616 0.9384668 -0.9758602 -0.8500555 -0.2810822 0.1045231 -0.2315175 -0.05365071 -1.023247 0.2810527 0.1982223 0.02351075 -0.2386344 -0.5531183 -0.3951179 -128 -0.2202567 -1.998708 0.109009 0.2459803 -0.5037929 -0.6577187 0.2411505 -1.664133 -2.253721 -1.726412 -0.2691595 0.9201218 -1.253127 -0.9571577 -4.907241 -8.473405 -7.593354 -6.137643 -3.066771 -1.540113 -2.692726 -4.283224 -5.58697 -3.914521 -0.8161134 0.1032015 0.1635605 -1.060057 -3.841433 -5.072801 -4.433971 -1.571689 -0.5434079 -0.7599826 -1.071835 -1.403914 -2.065699 -3.41377 -5.722411 -6.012369 -128 -128 -128 -128 -128 -128 -128 -128 -128
-128 -128 -128 -128 -128 -128 -128 -128 -128 -128 -128 1.261084 1.016068 0.7379778 -0.260855 -0.5169407 -0.21735 -0.6157423 -0.9706243 -1.306623 -1.214029 -1.155094 -0.1008082 0.1029171 -0.03466007 -0.1312115 0.2757939 0.5214725 0.6194866 -0.1710319 0.7605538 -128 0.4076951 -0.01703405 -0.02382617 -0.8072581 -1.557009 0.2533943 -0.2683083 -2.345361 -0.4051989 -2.564281 -4.57437 -6.716485 -8.987234 -5.351004 -4.315248 -2.37645 -0.02377778 -0.6969528 -3.919852 -3.520784 0.1680992 0.2785588 0.03314776 -0.6158758 0.3956573 0.3488294 -0.07604579 -0.02994277 -0.5243982 -1.735645 -2.690399 -1.796859 -1.968585 -1.835222 -2.127105 -3.916351 -3.511873 -128 -128 -128 -128 -128 -128 -128 -128
-128 -128 -128 -128 -128 -128 -128 -128 -128 -128 1.501472 0.1322511 0.8253434 -0.5319026 -0.449093 -0.7651092 -0.1486282 -0.5430888 -1.774781 -1.988205 -0.97312 -0.8404596 -0.1909816 -0.1049098 0.205172 0.4190412 0.4742939 -128 0.8362018 0.8221002 0.9023188 0.918701 -1.108177 -1.320014 -1.582034 0.1363262 -0.4856308 -1.551056 -0.9427384 -0.4961918 0.1600251 -1.181452 -2.287284 -2.791147 -6.608278 -4.815626 -3.622941 -1.372626 0.8587222 0.4433692 0.5421559 0.09228495 0.06517205 -1.008842 -2.800676 -3.431674 -0.9228616 0.2580454 -1.240784 -1.224867 -0.5161551 -0.8945664 -1.170406 -1.844863 -4.421242 -3.806719 -2.455033 -3.139591 -3.572692 -128 -128 -128 -128 -128 -128 -128 -128
-128 -128 -128 -128 -128 -128 -128 -128 -128 1.891764 -0.4086993 -0.3359816 -0.1035709 0.04756504 0.2727107 -0.7929292 -0.7222234 -0.7779205 -1.863006 -0.829582 0.2584079 -1.593587 -0.5953208 0.5477229 0.4158307 0.6813337 0.6264568 0.7633697 0.907872 -0.4511967 -0.7535726 0.6834131 0.004294138 -1.250468 -0.1494642 -0.1854014 -0.208905 -0.1408011 -1.542163 -0.7529964 -2.128803 -0.8853101 -0.4155107 -1.220357 -5.369386 -7.718758 -3.843985 -1.37924 0.2915125 -0.70282 -0.9637617 -0.7180071 -0.4342796 -3.305017 -4.515619 -4.389278 -1.961276 -0.1084547 0.05540062 -0.3743097 -1.999485 -2.851398 -1.535437 -2.921042 -2.535291 -2.464154 -4.961424 -5.156783 -128 -128 -128 -128 -128 -128 -128 -128 -128
-128 -128 -128 -128 -128 -128 -128 -128 -128 2.198089 0.8812175 0.01215921 -0.3398977 0.4959157 0.7953295 0.3665643 0.01460631 -0.9714048 -0.7183333 -0.09932015 0.2324506 0.3531131 -0.4637773 0.6223014 0.8526292 0.8318279 0.6951665 0.8279466 1.008013 0.8234114 0.8725355 0.9391138 0.8794589 0.2333125 0.7246111 0.4051703 0.124914 -0.1041469 -0.5237114 -0.3523244 -1.859971 -3.381421 -3.813096 -3.548132 -8.37678 -5.479395 -3.923914 -1.874967 -0.4360285 -2.33371 -6.344416 -4.681462 -0.9029606 -6.637177 -6.138564 -6.321592 -7.052772 -3.562381 0.2162799 -2.611622 -5.019828 -4.426014 -2.084646 -3.506441 -4.080201 -2.896748 -3.973604 -4.741448 -128 -128 -128 -128 -128 -128 -128 -128 -128
-128 -128 -128 -128 -128 -128 -128 -128 -128 1.866453 -0.3287253 0.9426101 1.011556 1.036545 0.01778876 -0.7345526 -0.3007579 -0.03420395 0.6683819 0.2897919 1.22166 1.473361 1.36749 1.25282 1.146963 1.088111 1.046209 1.120531 1.232218 1.219306 1.013845 0.965574 1.174447 -128 1.062062 0.3463064 -1.609156 -2.226611 -0.5185663 -0.03210574 -1.065532 -2.735683 -1.761438 -2.244877 -7.632331 -5.522345 -2.160345 -2.833807 -0.771733 -4.706309 -5.208528 -2.50363 -1.37129 -5.156053 -6.763345 -4.520963 -5.095363 -5.201729 -1.199353 -2.990023 -5.918812 -5.948235 -4.525537 -2.765879 -2.56843 -4.746263 -4.681151 -4.943531 -128 -128 -128 -128 -128 -128 -128 -128 -128
-128 -128 -128 -128 -128 -128 -128 -128 -128 2.170427 0.2130246 1.916514 1.894539 1.412614 0.3984686 0.6132588 0.9968158 1.336549 1.841197 1.871429 1.79081 1.722501 1.623869 1.531628 1.455768 1.383337 -128 1.379214 -128 -128 1.44376 1.413238 1.358954 -128 0.9915197 0.3918817 -0.8381667 -1.829792 -2.470711 -0.7889659 -0.09389427 -0.88631 -1.238323 -1.292647 -4.72811 -5.67824 -1.866448 -0.365718 0.2890359 0.2536308 -0.1455287 -0.6254157 -0.765767 -2.035024 -3.942197 -5.7826 -2.677551 -7.248604 -4.895562 -1.790545 -5.046073 -7.126446 -6.487126 -3.927858 -3.579168 -3.371531 -3.961913 -4.40339 -128 -128 -128 -128 -128 -128 -128 -128 -128
