formato/VCI/bioclim_4.asc
ncols         186
nrows         781
xllcorner     -75.7
yllcorner     -56.55
cellsize      0.05
NODATA_value  -9999
[rows 544 to 577 of 781, columns 0 to 76 of 186]
-128 -128 -128 -128 -128 -128 -128 -128 -128 -128 -128 -128 -128 -128 -128 -128 -128 -128 -128 -128 -128 -128 257.5962 257.4699 270.7194 259.7112 255.3547 275.47 272.7548 272.5306 271.6808 271.7291 283.679 272.515 263.5199 269.8394 280.4266 276.3462 277.0662 294.4813 294.4086 294.3021 286.937 287.1579 289.3916 302.1219 334.038 322.3762 331.7764 347.3991 309.1384 333.5299 371.6191 366.7329 361.3119 377.4581 346.4239 330.6755 -128 335.9582 345.3988 395.7986 369.5898 407.9495 387.3451 430.8119 404.9847 401.662 402.7425 372.0659 360.9339 362.7722 391.2411 403.8727 402.3836 412.1293 442.0075
-128 -128 -128 -128 -128 -128 -128 -128 -128 -128 263.3669 263.5804 261.3767 -128 -128 -128 -128 -128 -128 -128 -128 -128 -128 258.2271 281.6889 285.9813 256.317 265.3168 276.8324 273.9225 266.089 258.9699 259.7308 264.3601 275.1345 268.8278 286.4851 283.0463 275.6346 298.9428 316.6826 316.149 290.9869 289.6987 -128 294.5697 321.5329 315.8268 300.9468 327.7038 304.5157 321.3007 335.3408 355.4464 347.9283 329.1975 315.475 318.8613 357.6512 376.6202 334.1075 351.5701 388.8893 417.662 420.8133 425.5172 434.1285 424.981 433.9924 371.3801 403.7704 411.4093 434.7834 432.2206 430.7139 441.1062 436.4655
-128 -128 -128 -128 -128 -128 -128 -128 -128 262.1498 268.957 272.7432 263.3227 261.5383 -128 -128 -128 -128 -128 -128 -128 -128 -128 -128 261.622 281.3865 288.9062 262.0178 253.4116 252.32 257.8017 265.6711 288.4683 290.094 287.7499 274.3321 301.4239 300.4183 277.3994 286.9997 312.3592 311.6541 291.6516 -128 -128 297.3465 314.4391 329.2994 338.4512 323.6457 323.1553 326.774 370.315 355.443 311.4023 308.7722 327.2762 382.2147 427.8829 385.171 342.2375 384.8125 418.6431 418.6337 403.3855 401.7685 420.1894 401.8048 425.0673 366.2903 424.8106 442.2971 433.9032 412.4118 -128 418.6555 426.7704
-128 -128 -128 -128 -128 -128 -128 -128 -128 -128 260.9944 271.1002 267.8681 261.7105 -128 -128 -128 -128 -128 -128 -128 -128 -128 -128 259.6842 258.3303 256.3084 255.5319 257.318 257.1892 280.2162 280.5601 259.4372 265.6926 265.1695 267.9239 279.3549 295.4165 286.7462 282.1265 286.727 293.3497 -128 -128 -128 -128 303.508 313.8758 354.7791 353.1618 357.0278 354.4254 335.9808 307.4754 308.232 334.9732 396.4678 415.678 391.1559 391.6024 359.8304 374.5251 384.337 370.968 394.1477 425.8202 419.0076 385.2882 434.7145 404.5178 405.5193 428.2122 446.2231 439.165 417.8263 -128 -128
-128 -128 -128 -128 -128 -128 -128 -128 -128 -128 261.9531 264.5703 263.9876 262.4351 -128 -128 -128 -128 -128 -128 263.967 265.7809 -128 -128 260.6794 280.9274 276.4596 260.7163 262.2397 270.1784 294.7214 308.4641 282.5166 297.2233 303.3977 277.6814 277.7833 307.7164 307.4313 280.6248 288.4155 295.3817 -128 298.3687 299.8707 301.0956 -128 297.9568 296.8918 311.7196 305.121 289.1812 299.7675 361.8385 317.2429 357.516 399.2607 398.5708 424.5554 386.7509 420.0803 390.9546 382.302 350.4819 341.1228 352.8204 418.145 372.6316 425.1839 415.1606 380.6318 413.6814 442.6788 445.6052 456.7631 446.5747 417.5843
-128 -128 -128 -128 -128 -128 -128 -128 -128 -128 -128 -128 -128 -128 -128 -128 -128 -128 -128 -128 -128 265.3272 264.0228 -128 -128 260.1959 262.28 269.2753 287.0074 309.1977 294.4742 294.4571 285.9274 272.0916 281.0056 269.039 262.5252 268.5668 274.5699 281.377 292.0716 297.4503 298.6649 299.8698 301.5455 302.3769 313.1568 334.7931 338.2853 321.5902 309.8248 298.8102 369.4212 360.4498 304.9356 354.1532 383.1334 395.9107 425.1231 405.1305 388.6257 421.2205 405.8636 395.3864 349.2697 366.9541 371.9456 363.1273 367.506 361.6758 359.8718 367.087 395.9566 427.6 435.1077 413.0433 417.1464
-128 -128 -128 -128 -128 -128 -128 -128 -128 -128 -128 -128 -128 -128 -128 -128 -128 -128 -128 -128 -128 -128 -128 -128 262.7413 262.8091 264.2435 278.4632 279.9812 270.7037 263.2761 271.4707 266.8981 268.8534 275.2346 280.5122 298.68 282.6567 274.7201 279.9272 294.6744 299.9949 300.8124 302.8484 304.1586 304.9962 323.8258 359.3603 351.0377 342.1484 310.2877 326.9297 363.8021 339.8415 341.2807 358.7531 373.9495 408.2318 407.7485 416.0897 386.7338 380.1581 372.0497 352.5616 349.9433 410.3426 416.179 413.8218 431.1236 424.73 371.6275 388.2745 422.2528 436.5901 407.5121 397.4527 405.2013
-128 -128 -128 -128 -128 -128 -128 -128 -128 -128 -128 -128 -128 -128 -128 -128 -128 -128 -128 -128 -128 -128 -128 -128 -128 265.7755 271.9032 269.4644 263.619 275.874 286.3716 290.6685 296.6871 301.1849 295.0058 292.8273 291.4072 285.2577 289.0893 285.1235 292.7754 -128 303.7197 304.984 305.1289 310.0676 309.4178 332.6965 314.6241 359.2718 364.4972 355.9069 341.9989 354.3238 387.0269 338.9068 360.5535 382.9854 394.686 408.0405 417.7644 412.9311 410.563 355.9414 411.1776 401.9594 386.888 411.9618 407.1869 417.4861 389.8307 397.0039 414.8625 462.6307 461.1852 452.0417 426.6587
-128 -128 -128 -128 -128 -128 -128 -128 -128 -128 -128 -128 -128 -128 -128 -128 -128 -128 -128 -128 -128 -128 -128 -128 -128 269.4308 284.8368 268.5788 289.4178 282.1779 300.1197 284.3975 290.3895 277.4269 297.4627 300.5034 301.5812 306.2791 312.1893 304.4379 296.6309 306.6911 306.7499 306.8554 306.2859 323.4565 346.6769 297.3664 337.6532 354.3233 397.3452 384.5807 345.869 320.4684 322.8629 327.2766 354.6333 363.0983 399.2832 397.3581 392.2806 361.0401 357.6002 407.3536 396.1695 407.3008 423.7283 403.8845 400.4122 397.406 398.2376 386.7783 428.0671 446.3987 460.7842 457.7627 432.5892
-128 -128 -128 -128 -128 -128 -128 -128 -128 -128 -128 -128 -128 -128 -128 -128 -128 -128 -128 -128 -128 -128 267.5827 281.4496 265.4993 263.9746 273.7266 270.3463 267.6957 267.7254 281.3808 270.7505 267.2938 294.8044 299.1761 299.4628 301.9267 294.9863 307.5289 298.6532 298.941 308.1028 308.316 308.7275 307.8022 308.1808 312.2826 299.8913 300.6649 325.6399 348.6581 404.5565 365.382 349.8904 335.1965 350.1611 375.9039 394.4449 392.6763 405.3423 407.8767 363.3954 393.9172 427.5428 428.0311 425.9485 394.6979 420.0323 449.8894 439.7519 381.8561 384.3858 416.9927 411.3907 405.1152 402.1062 401.2781
-128 -128 -128 -128 -128 -128 -128 -128 -128 -128 -128 -128 -128 -128 -128 -128 -128 -128 -128 -128 268.0123 269.0453 268.6485 275.1085 261.9082 262.8552 298.9592 284.065 272.1819 276.9398 267.7982 272.2856 289.1967 285.0421 294.688 300.2835 284.6695 286.6971 291.5551 291.3093 296.0853 309.2497 309.9023 311.4393 327.3899 317.7704 369.0303 350.9496 302.2308 303.8682 342.532 368.5254 378.6752 359.5293 356.4015 383.4032 371.5958 370.7472 403.2862 408.9573 410.6653 367.1598 440.2675 419.2706 437.1823 428.301 427.5503 407.9869 397.5786 388.021 431.7802 450.8612 443.6373 434.538 424.9185 427.3109 429.9503
-128 -128 -128 -128 -128 -128 -128 -128 -128 -128 -128 -128 -128 -128 -128 -128 -128 -128 -128 -128 269.8788 270.3994 268.9778 265.6178 264.8834 264.971 280.1994 296.4307 271.9626 285.394 272.2076 284.7079 321.0186 308.8218 297.3048 296.1702 298.9256 303.7511 290.5845 292.8082 299.5924 309.5833 313.5464 341.4544 313.3052 312.0255 337.6585 346.1759 303.0485 295.6431 303.0826 328.2625 365.2522 356.3647 408.122 410.5639 403.0564 391.764 366.8152 395.715 387.143 405.0071 447.5801 412.0807 437.0045 441.2574 417.219 400.5307 402.1602 390.0719 415.1903 404.7588 435.0939 471.7679 470.0702 450.2917 436.445
-128 -128 -128 -128 -128 -128 -128 -128 -128 -128 -128 -128 -128 -128 -128 -128 -128 -128 -128 -128 -128 273.3522 270.4428 272.8276 308.1448 307.2829 289.6467 281.8608 271.3047 294.0426 274.8217 275.9917 287.406 294.1234 305.2974 308.0529 295.0832 319.1787 292.6524 295.1101 303.3675 -128 321.2049 331.4644 320.8404 314.3188 319.8701 310.6605 323.6464 345.5075 356.9683 305.4593 330.326 346.1961 379.8929 398.0352 418.2391 410.6729 436.6464 375.7167 375.8352 377.5327 434.6842 413.7649 414.1902 369.7731 391.3148 433.1785 463.0226 438.7198 468.8288 437.869 393.9248 412.6269 448.3977 445.3624 418.3408
-128 -128 -128 -128 -128 -128 -128 -128 -128 -128 -128 -128 -128 -128 -128 -128 -128 -128 -128 -128 -128 -128 -128 -128 271.0962 278.7229 288.9179 296.394 278.1569 273.1811 291.172 277.5689 282.1347 301.0191 294.1386 296.4923 288.0492 294.0157 291.0214 297.6754 -128 -128 313.6298 317.969 314.6908 -128 320.4187 324.8371 369.3365 391.1993 388.2297 329.1121 320.2799 349.9834 408.2836 430.7582 395.5596 381.7305 393.1172 383.9085 352.4267 359.5136 365.2809 396.0231 360.281 402.5785 431.8711 441.349 459.0842 460.9078 453.9573 455.0663 416.174 391.8863 395.9658 403.4182 415.6979
-128 -128 -128 -128 -128 -128 -128 -128 -128 -128 -128 -128 -128 -128 -128 -128 -128 -128 -128 -128 -128 -128 -128 270.0234 274.0287 267.4799 266.1527 276.6402 273.2912 273.2449 276.154 279.9648 278.731 287.1533 293.8097 301.5712 295.4402 293.8653 291.7259 294.6103 305.5669 312.3589 310.8631 308.8123 315.0944 345.0647 332.7244 367.0591 363.6328 383.3073 387.3741 364.0338 344.7299 335.236 328.168 336.5112 330.2294 332.5052 346.8161 352.8038 390.5855 396.2858 378.5528 381.0442 356.3682 361.9394 409.4411 442.7942 448.1553 413.3943 441.1448 448.2129 418.9019 407.7754 427.7967 454.0245 455.9312
-128 -128 -128 -128 -128 -128 -128 -128 -128 -128 -128 -128 -128 -128 -128 -128 -128 -128 -128 -128 -128 276.7122 -128 280.4566 301.334 276.999 283.2713 285.1787 273.3896 276.0023 279.8539 283.2144 290.7701 317.1045 308.483 297.581 290.539 303.6214 290.6715 297.5475 317.252 322.1712 319.2182 306.1464 337.7087 363.3547 341.6768 377.2495 390.4202 404.3615 376.5997 348.0786 382.7135 368.6443 347.6419 350.0654 341.1093 353.0012 389.2637 374.2916 390.2221 369.2036 394.4349 416.4971 400.6719 377.7179 399.0837 397.0277 395.4182 402.9557 428.2473 426.3961 408.4325 411.6684 420.3881 442.0089 432.3926
-128 -128 -128 -128 -128 -128 -128 -128 -128 -128 -128 -128 -128 -128 -128 -128 -128 276.7345 -128 -128 277.1683 -128 -128 280.7448 281.8686 301.1518 301.8476 293.1141 297.7275 283.0927 279.6939 288.7187 302.3116 301.2027 296.3624 298.0105 298.1506 310.603 291.0696 321.007 343.0696 324.5544 316.5212 305.9006 355.87 358.8737 361.0459 377.71 401.5947 389.9996 340.0167 359.8029 387.3928 383.2583 358.4486 403.3327 380.4932 408.5039 413.5642 365.0502 356.584 388.3225 380.447 413.5567 437.0809 414.3015 404.4641 440.3308 450.9338 445.3481 423.8715 392.5866 401.015 437.3389 428.5192 407.1497 404.5266
-128 -128 -128 -128 -128 -128 -128 -128 -128 -128 -128 -128 -128 -128 -128 -128 277.1622 277.9626 277.9795 277.9079 277.5156 -128 275.4674 283.0326 281.0637 298.7418 305.9673 296.4324 294.8286 291.5352 283.3575 293.5943 297.5424 320.2708 324.0771 305.1959 297.8595 292.1962 293.8824 309.675 331.5778 322.787 312.7233 306.4328 371.6475 375.0435 363.3303 359.2216 358.288 333.2874 365.4091 393.2047 382.4091 418.6012 361.7663 420.1776 434.0376 436.1522 372.7243 401.5652 407.4842 390.8558 392.4422 373.2059 377.8401 415.3318 434.9649 446.9174 443.2662 432.4402 421.9968 411.9063 397.8953 406.2812 408.9861 421.3047 428.8429
-128 -128 -128 -128 -128 -128 -128 -128 -128 -128 -128 -128 -128 -128 -128 276.166 277.6252 287.6658 280.7155 277.5374 277.3872 300.3368 300.2406 284.438 280.3825 285.5532 296.1215 311.766 314.1497 308.624 291.3023 293.8903 302.0107 341.9235 337.0692 328.944 309.0374 292.6119 297.1095 322.7928 315.0164 313.0957 301.0239 311.4924 358.6311 377.6369 335.5367 315.4536 321.4254 355.1855 375.8616 372.5871 382.0155 382.0988 362.9882 433.0867 401.0176 358.9637 399.7012 438.8007 429.1678 386.7744 379.3477 355.2579 357.1864 408.563 421.3575 431.673 455.4012 444.7776 414.0578 404.729 439.7655 479.8484 466.0027 433.1694 420.0959
-128 -128 -128 -128 -128 -128 -128 -128 -128 -128 -128 -128 -128 -128 -128 274.129 275.4014 282.6779 295.8008 277.3681 292.0962 318.9938 300.8656 278.982 285.1865 288.4128 294.0851 287.649 308.5511 295.9282 289.6899 293.3127 301.2613 329.3972 348.2491 341.9953 302.8074 296.1626 301.2547 323.2975 348.651 337.8741 302.1837 320.4938 361.1028 351.6847 304.7632 315.3736 329.6405 321.575 329.5316 364.9889 375.065 368.3425 376.6999 373.0009 343.6863 356.3447 395.8189 401.7674 407.512 382.0598 381.2176 396.912 369.4563 378.0825 386.735 378.7364 391.3919 389.4009 384.4222 394.2444 403.2673 422.1211 413.4176 416.1784 421.0062
-128 -128 -128 -128 -128 -128 -128 -128 -128 -128 -128 -128 -128 -128 -128 -128 273.905 273.9465 274.6919 275.0249 290.4001 307.9945 294.231 280.939 285.4525 301.8133 300.3654 290.4084 291.7237 292.1602 286.7554 291.4972 295.6708 301.73 308.2466 303.1329 301.9645 302.1037 306.1912 306.3372 319.4116 356.0141 307.1263 339.1429 338.5245 311.4089 336.0517 357.4144 384.9337 359.9605 354.8477 418.699 384.4491 343.1942 346.8792 381.6834 383.4234 402.6326 426.9303 440.4294 434.9377 421.709 354.0203 389.4641 428.504 426.5688 411.2885 391.8804 375.9263 386.2137 378.8734 384.0709 390.0403 402.6233 411.0516 417.4098 418.0402
-128 -128 -128 -128 -128 -128 -128 -128 -128 -128 -128 -128 -128 -128 269.7969 -128 271.3244 271.0255 270.7247 270.2141 270.6733 272.6746 276.0639 303.3263 294.6117 293.6667 289.9913 284.291 309.2772 298.7044 308.2704 292.3005 294.8428 305.3954 323.2481 304.0249 305.4738 309.3171 303.7643 313.3214 306.2816 315.6291 308.9159 310.117 311.3277 323.0616 352.8885 368.7004 399.3948 404.7136 385.8572 410.3952 343.1111 344.4523 397.2269 412.368 409.3227 415.1938 402.8743 422.917 417.9372 363.5172 368.4018 375.9962 358.515 363.9205 372.8958 382.0992 374.4803 375.5998 374.0942 381.8629 394.935 395.7229 407.1703 405.2038 417.2565
-128 -128 -128 -128 -128 -128 -128 -128 -128 -128 -128 -128 -128 -128 267.4303 -128 -128 267.3852 279.7238 289.3515 271.1632 272.6008 273.7808 281.5804 275.9624 281.9625 314.3037 292.1635 287.0189 302.7248 306.3781 299.6922 298.0855 303.613 331.9212 307.1305 310.361 309.7714 305.5303 321.6879 323.1863 321.5388 316.65 329.3486 358.4604 362.9208 369.7655 392.5712 424.5729 420.9591 358.8182 333.0865 334.215 339.7603 356.4014 369.3311 363.3129 368.5024 408.7714 365.3463 360.1731 374.8693 372.4962 391.1583 378.8125 370.9551 403.481 437.5296 421.1674 426.5925 439.5703 422.5501 395.0528 420.4557 401.1389 402.8363 407.4324
-128 -128 -128 -128 -128 -128 -128 -128 -128 -128 -128 -128 275.1483 285.3883 271.5776 274.9634 270.3824 271.0789 287.1931 304.4494 273.2514 303.1028 291.2405 297.2827 273.7365 298.7294 308.7634 331.5987 307.7152 334.8922 325.0558 309.7763 301.3975 298.3129 330.0462 303.4536 318.5134 315.5348 312.9502 319.513 329.2401 321.5135 327.0515 334.301 323.6348 323.0068 327.617 341.892 337.165 333.3529 348.1159 395.0269 377.1348 398.4562 424.7017 418.8003 369.1225 353.0205 342.0178 341.0296 363.6988 394.6929 422.2428 400.187 422.9354 431.3394 401.9995 392.0542 412.4018 457.9369 454.4127 447.4738 394.8711 424.2284 426.4193 416.3752 423.8042
-128 -128 -128 -128 -128 -128 -128 -128 -128 -128 -128 -128 278.3965 301.5303 295.6929 292.966 286.2087 291.7679 300.2797 294.8758 289.7664 310.6934 319.9142 312.645 284.6382 280.9952 309.2094 328.9972 335.0737 336.5664 338.0439 315.1427 317.6872 307.0383 301.3551 303.5192 324.2234 315.0688 306.5497 312.5648 319.36 317.6832 337.304 366.8093 373.339 372.7421 334.9254 327.3197 336.8938 359.6279 384.539 389.877 381.7894 434.7962 424.9069 437.794 402.6137 392.5329 416.5056 402.3818 416.3843 392.0215 423.4545 399.861 392.0038 389.267 394.233 382.2842 398.5628 390.9317 396.6752 401.1037 443.8456 438.3204 431.2924 450.7627 430.8334
-128 -128 -128 -128 -128 -128 -128 -128 -128 -128 -128 -128 271.666 284.1047 281.714 298.2092 306.7509 308.5162 307.4692 284.8911 286.8375 333.9011 348.6475 346.7511 317.225 282.5556 306.8351 322.8188 344.5345 356.2584 348.2799 350.1718 331.9501 306.435 299.3528 300.087 319.1254 312.7798 325.294 351.3074 327.3325 320.4768 354.9198 357.0465 373.4801 375.2483 323.865 370.0069 369.6828 332.007 314.7106 317.2648 348.9856 377.083 413.1398 396.0152 357.489 342.9337 375.1086 424.0173 387.9538 421.8441 401.0439 458.1323 439.6503 430.9604 427.0185 441.1525 425.1786 428.288 460.475 441.1378 459.5992 438.6389 422.9399 437.1022 444.0401
-128 -128 -128 -128 -128 -128 -128 -128 -128 -128 -128 -128 272.1059 274.3566 280.4544 296.4726 286.4843 288.1601 294.7798 265.1282 280.4706 296.6666 306.2885 322.8444 302.8505 281.4809 324.0011 338.4601 319.9737 326.6883 321.2132 321.0152 311.9785 304.8109 300.4167 298.2909 339.1277 332.4918 303.0461 317.899 325.2104 320.8715 361.4895 372.5163 389.0215 343.6372 304.1721 312.3121 306.8162 314.7062 358.8203 325.5147 319.1599 370.6903 405.1565 408.7364 398.6965 402.4872 374.3826 353.7249 370.9633 347.2745 393.8655 413.249 446.2545 443.5467 457.8212 471.2592 471.0121 465.2928 505.3295 481.9899 461.9653 451.7429 432.5079 450.9277 462.7403
-128 -128 -128 -128 -128 -128 -128 -128 -128 -128 -128 -128 272.6625 287.2978 312.7096 314.0212 309.6874 269.9363 262.7388 281.2584 292.5197 309.046 281.9187 300.1166 339.6971 319.6579 330.7389 346.3903 358.3908 354.2186 349.2667 358.6594 333.5297 316.725 315.7443 303.1698 347.7156 345.0898 328.3763 346.9479 325.519 317.204 364.8901 398.7693 363.6111 311.5976 349.7313 368.4362 327.7444 333.9026 362.2735 381.1261 339.3862 339.5176 379.2608 404.8203 371.4063 369.0351 378.1576 402.9649 403.4495 362.6613 356.7803 398.0867 400.4892 439.3471 482.447 460.7995 479.0241 459.5172 447.7151 456.8831 465.7907 456.4236 463.2786 441.0853 451.6615
-128 -128 -128 -128 -128 -128 -128 -128 -128 -128 -128 -128 -128 272.4573 277.667 276.4989 272.8656 264.1136 274.5836 314.826 307.4932 313.203 293.7144 290.7401 317.7093 315.6885 326.7625 311.7316 327.9234 338.7716 324.6205 327.7915 305.7294 318.2216 300.9225 304.6183 304.361 325.0902 316.4883 325.8671 317.8775 313.7235 360.6082 357.8862 310.1071 348.9746 384.4276 403.5676 357.8464 368.082 398.7866 422.7802 421.5668 351.1711 333.215 337.339 355.8078 389.0937 420.4282 398.2018 409.1776 397.2945 357.301 371.3109 360.2188 358.0449 372.5365 398.0461 377.375 377.0362 379.2214 382.3493 389.5625 416.1976 470.5337 455.122 447.5264
-128 -128 -128 -128 -128 -128 -128 -128 -128 -128 -128 -128 -128 268.3907 266.6859 264.2681 268.6935 283.1625 267.6606 279.6706 284.8743 286.927 291.9979 291.778 285.2954 288.7881 346.6927 350.535 347.5703 363.5092 351.3453 353.1198 315.7788 307.5478 303.6841 356.8321 353.8688 303.5446 327.5231 337.5185 297.9143 337.7296 372.4963 314.1439 349.7566 354.8737 349.2502 355.7856 385.5754 409.4251 423.7231 378.2655 410.7816 394.4848 388.4794 360.4659 339.5515 333.6152 387.0513 367.1497 374.4485 389.8244 436.4534 406.1565 405.9749 381.4933 350.6274 363.4259 383.6035 391.8382 390.5428 396.1733 376.9524 393.2742 419.3693 479.554 493.4743
-128 -128 -128 -128 -128 -128 -128 -128 -128 -128 -128 -128 266.5729 281.8017 275.3563 266.2348 298.058 296.2048 298.9338 283.3839 310.5828 313.0666 309.9287 309.7122 309.4873 309.1297 303.3148 325.7813 347.534 333.2823 331.0973 329.8251 321.2876 308.7959 310.1487 331.3434 333.2557 352.209 329.608 301.0508 297.2507 329.6565 315.1953 317.5811 369.292 384.9709 386.1003 393.7311 394.2665 360.9559 345.7318 387.9223 415.4442 423.3405 414.7534 431.9357 405.5892 357.3312 366.8383 421.3678 425.1774 420.8238 440.5319 394.2716 419.7549 423.9353 374.3385 358.2831 388.4261 387.562 392.1385 401.1231 388.4043 381.4865 393.4806 440.4985 464.8435
-128 -128 -128 -128 -128 -128 -128 -128 -128 -128 -128 260.8019 264.4901 283.0425 290.8543 281.7931 272.6824 295.5781 308.5785 297.3165 303.8979 311.1802 315.6752 319.4291 292.2299 326.5261 341.9515 323.8584 355.395 367.7053 372.6488 373.235 326.0757 311.153 314.6797 309.5625 349.0027 353.7467 355.6757 304.4961 299.281 347.5301 300.0848 331.4543 325.7613 340.7353 361.5759 387.9308 325.8951 331.3329 359.5908 380.9075 391.4085 383.222 410.6129 393.5413 417.2977 354.6366 392.8473 405.432 432.2461 438.0408 450.9684 446.3905 413.0965 420.6252 394.7964 427.721 432.5806 450.3066 463.5547 443.0849 406.2816 418.0185 386.784 404.918 461.9331
-128 -128 -128 -128 -128 -128 -128 -128 -128 -128 251.9171 254.4534 260.6368 279.4431 277.8206 281.5657 285.683 288.4408 299.4781 295.2181 285.3705 306.4333 315.3901 307.3203 323.0662 293.9289 319.1373 338.719 361.9524 368.5567 353.3795 339.7592 313.9935 309.693 340.7715 328.1418 315.2799 318.5908 313.1609 290.8459 292.0674 294.8259 329.0499 365.5931 342.0684 314.2471 327.5188 338.8641 323.5403 401.7185 384.0673 366.2037 381.1485 409.5128 382.4938 379.0516 364.9668 343.7819 334.9761 376.2484 425.6068 444.2717 443.8918 447.0074 428.5695 448.1161 438.1522 461.5326 466.3568 464.2272 433.7729 436.6651 440.0732 445.5133 422.0775 408.3632 416.9277
-128 -128 -128 -128 -128 -128 -128 253.0257 249.2065 248.1443 247.0773 253.5927 261.3504 258.1577 254.2344 251.299 256.9091 277.8734 289.4058 284.3501 263.3689 263.7887 315.7543 314.7912 302.5581 290.9296 305.2751 356.7943 351.3361 335.4967 329.5447 330.4688 315.0164 333.9659 324.8263 344.6205 335.1454 325.0087 298.8382 285.1508 301.1916 339.4662 396.2324 402.1222 341.2599 348.2206 340.0442 338.9115 318.6566 351.366 323.4735 345.4357 374.2271 383.4143 406.9514 407.4765 389.0774 400.8897 366.0765 323.1757 346.9484 413.9398 397.9329 415.8673 417.6867 403.821 418.6813 450.6753 457.9533 473.0996 481.563 478.3052 483.4007 482.6503 463.1464 457.9516 458.6116
