formato/VCI/bioclim_1.asc
ncols         186
nrows         781
xllcorner     -75.7
yllcorner     -56.55
cellsize      0.05
NODATA_value  -9999
[rows 578 to 611 of 781, columns 0 to 76 of 186]
-128 -128 -128 -128 -128 -128 9.203978 9.208492 8.573145 8.930851 8.608672 7.746901 7.349936 8.145005 8.56173 7.928622 8.235042 7.065661 7.667802 6.960695 7.165315 7.816267 8.530108 6.758279 6.260058 8.676508 9.035846 8.501858 8.385077 8.276993 7.671886 7.910846 9.092672 8.500936 7.782849 8.612001 8.723706 9.103059 9.19663 8.727693 6.426702 3.79773 3.568565 5.801552 5.216568 4.330442 4.194793 5.681053 7.538974 6.927344 5.054341 6.903131 7.255624 4.843552 2.720015 2.634587 3.66843 6.590678 5.563918 7.213625 8.389759 4.956177 3.392502 2.408631 3.721754 4.803873 3.301184 5.254613 3.174823 3.868964 1.447691 1.560459 2.79072 6.081177 9.836797 10.29688 10.46963
-128 -128 -128 -128 -128 -128 9.23344 8.928113 8.56443 8.732334 7.88051 8.339725 8.355657 8.898029 8.311655 9.354715 8.2781 7.657799 8.241576 8.311293 7.112103 7.534475 8.294946 9.199336 8.935081 9.011454 8.97147 8.673049 8.405629 8.606485 8.846284 8.78762 8.837286 9.133997 8.91882 9.140664 9.308472 -128 9.241346 7.57862 3.874686 4.884367 5.923176 3.95623 3.770742 2.718494 5.0896 6.317808 4.084517 6.450719 7.217252 5.416403 5.980773 4.253969 3.898075 5.084083 5.391989 4.844773 5.255636 8.251595 8.143549 3.509392 3.364414 3.040817 1.557818 3.490138 4.093317 4.640605 5.644962 7.143162 6.922246 6.410515 8.945868 10.65117 10.92028 10.90809 10.61594
-128 -128 -128 9.07815 8.899057 8.651469 8.976151 8.343301 8.372316 8.639034 8.395397 8.484032 8.688637 9.205371 9.593572 9.452409 8.562391 8.587914 8.383702 9.02765 8.752161 8.544047 8.367501 9.043145 9.003751 8.562608 8.203128 8.832744 8.075879 7.583499 8.347972 8.978796 8.710468 9.16785 9.08323 9.45685 9.399016 9.341587 8.150725 5.89887 7.456138 6.393245 3.858902 4.025012 2.804761 0.6894901 4.671383 4.763779 3.296356 5.822314 8.087341 5.426786 5.023741 6.795636 5.245813 4.754699 2.743006 3.586817 4.745453 7.965985 8.087369 5.346308 2.852297 4.224679 2.533982 2.386104 5.246833 7.257401 8.370117 9.835969 10.47031 10.78878 10.85116 10.78263 10.54013 10.00568 10.28071
-128 8.962582 8.823059 8.858391 8.644337 7.552981 7.560347 7.842834 8.190494 8.388603 8.585208 7.982376 8.622893 9.376493 9.35238 8.840991 8.142941 8.213659 8.104645 7.873092 8.525608 8.994965 8.643101 7.914763 8.384881 9.018959 8.341305 8.139957 8.689484 8.054645 8.630811 9.061723 8.877629 9.113557 9.410109 9.431346 9.326958 9.143136 6.233117 4.943174 5.966628 5.81733 4.362582 4.407742 0.3770725 -1.757923 -3.115522 -2.712055 0.1729418 4.406475 6.770149 3.510741 1.612241 3.815288 2.157271 4.623097 5.706165 2.924304 3.33665 6.788454 8.867192 8.302135 6.843524 5.390302 3.689835 5.707462 9.49814 9.194925 8.623228 9.594005 9.550467 8.682481 7.742132 7.147009 7.096896 8.052663 7.533829
-128 8.903686 7.726201 7.401609 7.544386 7.636155 8.012777 8.479468 8.408143 8.045742 8.944651 8.952595 9.211207 9.179025 8.87296 8.205278 7.92159 7.812243 7.293599 7.554328 7.70419 8.848662 8.498876 8.081327 8.128366 8.849644 8.877563 7.741924 8.428802 8.736557 8.963309 9.079161 9.237978 9.510979 9.651803 9.455423 9.239408 7.344624 5.561316 4.196027 2.884779 2.482579 3.429552 2.21099 0.5564409 -1.941098 -4.42636 -6.266036 -2.223474 1.396126 6.174943 4.027069 2.374344 2.951829 4.702817 2.445599 5.642493 6.465238 7.012049 6.552682 8.129337 8.727457 8.952906 8.681 8.365206 8.994596 8.912104 3.972099 6.570523 4.620144 4.806727 2.882671 2.765866 1.765685 2.294669 3.361482 2.219464
-128 8.281897 6.163839 7.154853 8.104438 8.66846 8.952789 8.942544 8.97964 9.014653 9.034997 9.119784 -128 9.082995 8.522648 8.403787 7.230498 7.832036 7.544238 7.68169 8.505316 8.787864 8.669559 8.699691 8.409878 8.59136 8.915399 8.968505 8.864918 8.8764 8.970116 9.111666 9.325174 9.631014 9.675048 9.496591 9.095961 6.242285 4.993227 4.954779 3.905753 3.382187 2.388414 1.645012 1.335139 1.221764 -1.605713 -2.906622 2.936067 4.922649 6.244858 5.196158 3.17102 2.806139 3.205363 6.312342 3.200992 3.704347 2.857264 2.880908 6.087265 8.687603 8.937645 8.91299 8.874278 8.519265 6.613525 2.222099 3.890575 4.329185 1.616736 0.2249105 1.823212 1.100671 0.9261777 1.082734 1.255139
8.749453 7.748408 6.286631 7.826335 7.861374 8.382121 8.734842 8.925644 8.948126 8.860837 8.55577 8.920883 -128 8.997663 8.82706 8.421999 8.030065 7.54361 8.053459 8.253362 7.717319 8.633983 8.725037 8.801866 8.827856 8.168717 8.060205 8.495796 8.875061 8.90603 9.0138 9.196178 9.400587 9.573675 9.575747 9.316993 6.591255 5.843234 5.458369 4.424314 3.568683 3.223492 2.663365 2.235097 2.04989 2.085998 1.416332 0.160114 2.887256 5.744449 6.567174 8.234668 7.213855 7.361804 7.707327 8.508762 7.782314 7.936398 7.379462 7.51535 8.739593 8.902256 8.808596 8.58049 8.086761 5.691009 2.859725 1.985917 2.961788 4.001589 3.251825 1.164373 2.868964 3.323917 2.700916 3.564386 2.851555
-128 7.741959 7.262203 8.15938 6.785443 6.924797 8.557159 8.684725 -128 8.961349 8.837538 8.864827 -128 -128 8.870501 8.780034 8.569359 8.271939 8.39343 7.842645 8.11319 8.520782 8.600421 8.192019 8.371687 9.136645 9.043344 9.003304 8.92411 8.94771 9.063976 9.175677 9.32156 9.497519 9.430919 7.671102 7.207577 7.096072 5.717395 4.490275 2.465747 2.284421 2.472229 2.220755 1.822381 1.363166 0.7376654 -0.3824084 2.611084 6.529938 5.830145 5.534466 3.262105 1.937319 6.032321 6.28463 6.962323 8.420162 9.129799 9.06861 9.033388 8.717023 7.864841 7.063076 7.252095 4.903407 3.766278 1.21417 2.16646 2.327125 1.33036 2.302192 2.820184 2.964821 2.801707 5.377262 5.548924
-128 8.442106 7.612054 6.189933 6.23877 7.283203 6.921244 8.037642 8.872741 -128 -128 -128 -128 -128 -128 -128 -128 8.706366 8.681071 8.658534 8.43745 8.493239 8.816092 8.711992 9.03404 9.044075 9.013075 8.968827 8.919479 8.912233 8.967915 9.012772 9.151686 9.339931 9.006511 7.645586 5.823483 5.548925 4.893128 4.218002 3.019688 2.300263 2.016811 1.851194 1.240761 0.291881 0.1358508 -0.1944539 -0.4343159 1.532711 2.990543 2.675393 1.320772 2.187356 4.787127 4.407723 6.396134 8.101664 8.943336 8.46785 8.454611 6.927012 5.946064 5.040478 5.929501 5.697725 4.798409 3.294003 0.6717425 1.947356 3.099295 3.164756 2.407587 3.794238 4.649421 4.990027 6.136475
-128 -128 8.427311 6.349048 6.55462 6.54672 7.682117 7.99398 8.391388 -128 -128 -128 -128 -128 -128 -128 -128 -128 -128 -128 -128 8.556342 8.68159 8.414079 8.459447 8.562976 8.839398 8.848328 -128 -128 8.961142 8.931726 9.031546 8.832153 8.038861 7.537249 6.116467 5.467085 5.000827 3.536368 2.974701 2.631965 2.075246 1.692669 1.339818 1.107299 0.4130759 0.3861611 -0.1931931 3.065069 6.45636 2.929172 1.731033 2.105613 2.126198 2.457351 7.791914 8.076957 8.339724 6.675878 6.63707 4.737641 4.704821 3.815213 5.045027 3.707571 3.830112 3.468963 0.6783896 1.139297 2.958456 1.887091 3.099384 3.205357 2.522729 1.68928 -128
-128 -128 -128 8.604051 7.06778 7.224682 6.968734 7.999117 8.839418 -128 -128 -128 -128 -128 -128 -128 -128 -128 -128 -128 -128 8.712115 8.735545 -128 8.794706 8.778797 -128 -128 -128 -128 -128 9.018611 9.040465 7.544599 7.165403 6.863707 6.845251 6.895051 6.196538 3.947771 2.484608 1.859881 1.326434 1.22135 0.8621571 0.08364803 -1.397995 1.488314 2.219541 4.580816 6.227353 7.160128 3.547695 2.287997 0.9099233 2.955833 8.015566 8.54014 7.479919 5.399729 4.691157 3.208578 4.521818 3.607528 4.17544 3.850556 3.350628 2.698519 1.590037 0.4220146 2.673958 1.483794 1.672028 0.7085178 0.6836826 -128 -128
-128 -128 -128 -128 8.687933 8.673331 8.77866 -128 -128 -128 -128 -128 -128 -128 -128 -128 -128 -128 -128 -128 -128 -128 -128 -128 -128 -128 -128 -128 -128 -128 -128 8.988181 9.088819 9.063161 8.75103 8.207539 7.972703 7.384887 6.219789 5.035933 1.845289 -0.7700617 -0.5145603 0.56789 0.4551257 -0.5972039 -0.9211625 3.303636 5.043021 6.848769 6.589562 7.535081 6.687985 6.533934 5.196421 4.880498 8.58853 8.308114 5.547877 2.982517 2.930701 3.501298 3.559411 3.430798 4.449949 3.264571 2.562482 4.101326 2.263263 0.4145159 3.039173 0.8020418 0.8067948 -0.1869357 -0.8145363 -1.144781 1.053133
-128 -128 -128 -128 -128 -128 -128 -128 -128 -128 -128 -128 -128 -128 -128 -128 -128 -128 -128 -128 -128 -128 -128 -128 -128 8.539655 8.181611 7.998115 8.220595 8.604407 8.652637 8.086917 8.350653 8.254448 8.389684 8.596806 6.242185 6.426368 5.158591 4.409843 3.250808 0.4512241 -1.459894 0.1050162 0.1137828 -0.01470669 0.978969 4.197608 5.726725 6.216248 4.693091 5.572677 3.954269 4.095424 6.119861 5.169415 5.182531 7.643065 6.648112 3.927654 2.256704 2.494951 2.322045 2.938534 4.450916 5.550458 6.269985 6.281951 6.019017 4.377324 5.006071 0.2619129 2.163932 0.3757395 0.6396038 -0.8201248 -0.3369254
-128 -128 -128 -128 -128 -128 -128 -128 -128 -128 -128 -128 -128 -128 -128 -128 -128 -128 -128 -128 -128 -128 -128 -128 8.500689 7.019912 6.201688 6.827286 8.084071 8.424838 8.327742 7.261683 6.631984 7.133815 8.131321 5.799512 6.641935 6.191621 5.092764 3.215865 3.20733 1.184409 -1.699788 0.03389555 0.315427 0.1285809 1.636772 4.790272 6.26559 6.187611 4.656527 3.840932 2.235774 2.190997 2.96578 2.833825 4.666537 5.737908 7.467174 4.66223 3.313017 5.300808 6.653913 6.628847 7.198098 7.293561 6.450469 5.512653 5.623562 5.320461 6.070879 5.379578 4.971063 2.509649 -0.3824108 0.02103825 -128
-128 -128 -128 -128 -128 -128 -128 -128 -128 -128 -128 -128 -128 -128 -128 -128 -128 -128 -128 -128 -128 -128 -128 -128 8.460046 8.285793 8.261211 8.341294 -128 8.374053 8.376408 8.146038 7.536459 8.336974 6.947935 4.644913 4.401599 4.218175 4.511148 4.22491 2.432153 -0.009227868 -2.143799 -0.9377902 0.7048318 1.276767 2.023386 3.722976 5.866845 3.706678 6.186764 6.854639 6.251187 6.089539 6.969696 7.430596 7.774885 7.556475 8.486288 7.981546 7.673458 8.358552 6.646324 6.797762 6.406997 6.013343 5.31902 4.994553 4.531804 3.172995 3.253716 2.397208 5.929974 5.745998 1.51046 2.05045 4.830481
-128 -128 -128 -128 -128 -128 -128 -128 -128 -128 -128 -128 -128 -128 -128 -128 -128 -128 -128 -128 -128 -128 -128 -128 -128 8.386971 8.340229 -128 8.275762 8.314156 8.370022 8.411282 7.984684 7.585273 7.621473 6.108747 6.378729 5.577881 4.78866 2.733172 1.752227 0.7384046 -0.2054156 -1.664668 -3.83002 1.200102 4.438787 5.371298 6.679858 4.525613 4.759946 5.936764 5.572369 4.489606 3.858157 4.208062 6.444509 7.078297 6.225138 5.781734 6.677876 7.881036 3.097641 3.584486 4.813317 6.218885 6.004103 7.033767 7.891783 8.65023 8.302378 8.255366 6.246209 4.201944 6.413906 6.757416 6.811811
-128 -128 -128 -128 -128 -128 -128 -128 -128 -128 -128 -128 -128 -128 -128 -128 -128 -128 -128 -128 -128 -128 -128 -128 -128 -128 -128 8.245179 7.418505 7.573919 7.341358 6.844326 6.341212 6.787769 6.073899 7.513736 6.333227 4.173249 3.4867 2.085648 1.9141 1.02753 0.3848059 -0.420042 -4.015956 -0.7213246 4.292175 4.962648 7.464926 7.054996 3.558701 3.414791 3.302352 2.386474 3.796916 4.346793 6.139544 6.643564 4.918812 4.474555 7.201259 8.291651 7.140312 6.605017 8.289408 8.441349 7.833871 8.38286 8.536936 7.911488 7.11983 7.627766 9.009945 7.060017 7.042413 6.853041 6.370904
-128 -128 -128 -128 -128 -128 -128 -128 -128 -128 -128 -128 -128 -128 -128 -128 -128 -128 -128 -128 -128 -128 -128 -128 -128 -128 8.254024 7.800521 6.514218 6.008548 6.70781 6.55083 7.716656 5.907445 5.009403 6.171091 4.969866 5.266809 3.602129 2.830346 2.748236 2.029623 1.781866 0.699748 -1.496496 -2.442472 1.586827 4.323525 6.433409 7.545999 7.967604 2.520794 4.070196 4.186455 5.691328 7.546471 8.737806 8.830864 8.792027 8.701811 8.736156 7.07851 8.308035 7.454088 7.76744 5.187045 4.664905 4.088833 3.02379 3.298267 4.91539 7.351767 8.782938 9.189111 9.433761 -128 -128
-128 -128 -128 -128 -128 -128 -128 -128 -128 -128 -128 -128 -128 -128 -128 -128 -128 -128 -128 -128 -128 -128 -128 -128 -128 8.355314 8.171334 6.924699 5.149662 6.182558 7.235741 6.475836 7.009405 6.453343 5.726484 5.840273 6.320168 5.083139 4.379825 3.806305 3.576121 2.296284 2.297505 1.947797 1.069834 -3.110535 1.069077 2.022705 2.957855 4.429559 5.799668 7.262003 7.345122 8.791086 9.261479 8.346947 8.712809 7.284866 7.718198 8.344219 8.212205 7.518731 7.246601 5.049246 2.668281 2.112916 2.301539 2.035983 1.923554 3.289726 5.485576 2.727292 3.395156 6.810613 -128 -128 -128
-128 -128 -128 -128 -128 -128 -128 -128 -128 -128 -128 -128 -128 -128 -128 -128 -128 -128 -128 -128 -128 -128 -128 -128 8.458982 8.23735 7.679934 6.095425 6.09935 7.065425 6.682989 6.097273 5.603065 6.113085 3.87316 4.282168 4.522384 4.293587 4.069445 3.982953 4.543563 3.812842 3.329272 2.376376 0.9362149 -0.4156925 3.60165 4.352102 4.693651 4.614331 5.283995 6.764068 4.708461 2.974699 3.931178 6.59161 8.304201 6.43572 7.303938 7.90935 6.755852 6.989331 4.31251 1.500703 2.234571 2.316746 4.779022 4.781181 4.840489 5.963605 3.056578 1.597948 -128 -128 -128 -128 -128
-128 -128 -128 -128 -128 -128 -128 -128 -128 -128 -128 -128 -128 -128 -128 -128 -128 -128 -128 -128 -128 -128 -128 -128 8.485685 8.357478 7.208417 7.099183 7.098609 6.634621 5.125748 5.458706 5.694286 5.770939 5.317847 4.723727 3.937753 4.258862 5.524809 5.859803 5.178226 3.757067 3.286417 1.634057 -0.4754888 2.870497 4.546064 3.42277 4.22051 4.234796 2.646502 3.71917 2.00272 1.941172 3.811051 8.049445 7.199429 6.608219 7.789554 5.878287 3.442065 5.033114 6.327051 3.227829 3.219038 6.521597 6.429861 5.836514 5.676548 4.967632 2.217997 -128 -128 -128 -128 -128 -128
-128 -128 -128 -128 -128 -128 -128 -128 -128 -128 -128 -128 -128 -128 -128 -128 -128 -128 -128 -128 -128 -128 8.468697 8.547832 8.562478 8.439028 7.047493 6.674075 5.83092 5.726811 6.767345 6.606772 5.547144 4.206871 5.314043 6.504984 5.029809 3.618484 5.03652 7.348575 5.964365 5.008806 4.764271 3.8196 2.102673 3.638007 6.038682 6.880342 6.713194 2.863766 2.42162 2.499806 2.893883 1.81817 6.132711 8.575202 5.663284 6.203775 5.741467 2.491862 2.739459 3.514491 6.547766 6.880316 6.485608 4.850243 5.637762 4.995916 5.8957 -128 -128 -128 -128 -128 -128 -128 -128
-128 -128 -128 -128 -128 -128 -128 -128 -128 -128 -128 -128 -128 -128 -128 -128 -128 -128 -128 -128 -128 8.42065 8.503626 8.543962 8.453081 8.108432 8.275208 7.91936 6.497413 5.511498 5.980475 5.195374 5.199429 6.959068 5.35145 4.705972 4.524741 3.886893 4.459649 7.341145 8.310816 7.850122 6.510953 3.872164 3.204275 1.576409 3.491791 2.419715 4.750554 7.040295 6.138578 5.792205 6.691351 5.807374 4.445062 3.817992 8.086202 4.921558 4.4637 5.555295 2.397043 1.617807 4.269671 5.630294 2.249399 1.23592 2.064056 2.070945 3.749362 -128 -128 -128 -128 -128 -128 -128 -128
-128 -128 -128 -128 -128 -128 -128 -128 -128 -128 -128 -128 -128 -128 -128 -128 -128 -128 -128 8.319311 -128 8.463006 8.164948 7.612967 7.930772 6.787075 7.542543 8.289298 7.538624 7.165512 7.596508 7.263994 7.376879 5.316417 5.668221 5.863601 5.328299 4.297719 4.994895 6.040988 8.15439 6.070992 5.30675 5.581173 4.604746 3.027227 4.611764 5.266747 6.02028 4.990211 4.577356 6.007212 8.301314 3.536387 3.487645 4.366854 7.679728 3.880667 0.7460423 3.924331 4.634638 1.541558 2.131937 5.621188 3.562291 1.274724 -0.3168014 -3.980782 -128 -128 -128 -128 -128 -128 -128 -128 -128
-128 -128 -128 -128 -128 -128 -128 -128 -128 -128 8.281294 8.315316 -128 -128 -128 -128 -128 -128 -128 8.370579 8.43863 8.22418 8.288777 8.1939 7.184035 6.833101 7.737245 8.036932 8.461664 8.225354 7.721321 7.298138 7.753088 7.223143 5.508889 5.613222 4.078091 3.885612 4.124034 4.75048 7.893573 6.77244 5.381839 5.834834 6.201327 4.918861 2.477281 2.767473 3.537966 3.372042 2.905121 4.923229 7.938487 7.690236 7.310049 6.019397 5.450297 8.025316 4.45894 2.63428 2.498317 3.723671 0.2990105 3.836186 5.488081 1.79838 -2.818337 -1.00067 -128 -128 -128 -128 -128 -128 -128 -128 -128
-128 -128 -128 -128 -128 -128 -128 8.197521 -128 8.195021 8.247425 8.295171 8.32166 8.339305 8.377687 8.406228 8.400138 -128 -128 -128 8.256401 7.161922 7.678457 7.703792 7.773366 7.717215 7.118798 7.100932 8.131698 7.161676 6.441656 6.217558 6.084137 4.637254 4.85707 3.881711 3.554306 3.931579 3.681125 7.340289 6.246113 4.103391 3.240841 3.802744 3.679553 4.115409 4.4132 5.079875 4.685706 4.076013 6.433909 8.508557 8.975946 8.301408 6.483991 3.190417 3.18366 7.707599 5.071251 2.545862 0.9423913 3.208563 2.345172 4.532698 4.226095 1.647791 1.506313 -128 -128 -128 -128 -128 -128 -128 -128 -128 -128
-128 -128 -128 -128 -128 -128 8.158199 8.020201 7.963445 7.97044 8.095683 8.070002 7.985779 8.126547 7.866605 8.201381 8.441603 8.44788 -128 -128 8.336732 7.673253 7.436643 7.254276 7.855975 7.644302 7.10264 7.171795 8.184113 7.936729 7.408304 6.649191 6.559619 5.830323 5.251599 4.032406 4.877258 5.693726 4.645815 7.169216 6.114307 3.723182 2.634774 4.230309 4.433645 3.630297 3.520644 5.016798 8.214174 7.967133 8.638334 6.148805 6.389586 6.559486 3.089955 2.784282 3.324239 5.591958 6.629677 2.837458 2.647374 3.539993 2.118456 2.851681 1.393408 0.5653081 -128 -128 -128 -128 -128 -128 -128 -128 -128 -128 -128
-128 -128 -128 -128 -128 -128 8.140621 8.012892 7.905141 7.85016 7.592236 7.926013 8.173802 8.378793 8.440563 8.405172 8.422885 8.472557 8.478246 -128 8.523303 8.525517 8.554119 8.522598 8.128513 8.365258 8.639382 8.251312 8.006218 8.172237 7.79752 7.155549 6.656612 7.55915 5.670262 4.05868 4.018269 5.574722 6.189141 7.405789 7.75459 6.576976 6.053667 6.971383 4.971374 7.043238 7.119329 7.151182 6.570471 3.812493 5.54725 4.480832 3.663693 4.033857 4.571759 3.124506 2.337978 2.298836 5.113529 6.095795 4.737309 0.927075 0.9822994 2.278131 1.879659 -128 -128 -128 -128 -128 -128 -128 -128 -128 -128 -128 -128
-128 -128 -128 -128 -128 -128 -128 -128 -128 8.121149 8.138124 8.141787 8.233534 8.443729 8.509856 8.510761 8.450178 8.197086 8.384669 8.428654 7.786294 8.033946 7.656066 8.213742 8.059523 7.371844 7.61344 6.59265 7.321614 6.864646 6.400082 6.676546 7.496213 7.761942 7.432831 7.351872 7.505157 7.642516 8.082755 8.178385 7.944627 7.764447 8.280252 8.14768 7.056545 7.256139 4.586844 4.343343 3.813218 2.660119 3.12174 4.536454 3.779296 3.001593 4.256895 4.229889 3.192133 1.349639 2.813397 5.375594 3.066246 0.433273 2.438245 3.738885 3.362948 -128 -128 -128 -128 -128 -128 -128 -128 -128 -128 -128 -128
-128 -128 -128 -128 -128 -128 -128 -128 8.100739 8.141763 8.210238 8.234649 8.267248 8.371623 8.393635 8.383 8.15017 8.042916 8.376801 8.443611 8.192952 7.889108 8.077353 8.245393 7.955407 6.825252 6.453536 6.332757 5.159446 6.302956 6.260912 6.54406 7.216916 7.499039 6.086205 6.33083 7.115677 7.036589 7.150503 7.822387 7.747218 8.173114 7.537933 7.620413 8.106252 4.956483 3.202068 5.666856 3.501441 2.629432 2.46982 3.782309 3.929877 2.916481 3.502275 5.189808 3.027357 2.331547 2.160281 4.187973 3.612873 3.450065 3.930375 3.7717 2.00315 -128 -128 -128 -128 -128 -128 -128 -128 -128 -128 -128 -128
-128 -128 -128 -128 -128 -128 -128 -128 8.110664 8.141009 8.098818 8.083476 8.157372 8.019696 8.216791 7.941473 8.050876 8.047152 8.316197 8.28849 8.357374 8.258131 7.076605 8.095941 8.095501 8.083676 7.780046 7.620992 5.527183 5.676533 5.512676 5.867118 7.40127 7.337866 5.837044 7.540802 7.52984 6.648844 7.701472 7.761089 7.253129 7.89397 7.207699 6.130389 7.906654 7.620483 5.843331 7.545656 6.231778 5.270034 2.868936 4.926364 2.995187 2.601276 4.458366 5.74675 4.530433 3.473576 0.8583706 2.179307 3.724946 2.974455 5.171634 3.125559 -128 -128 -128 -128 -128 -128 -128 -128 -128 -128 -128 -128 -128
-128 -128 -128 -128 -128 -128 8.200711 8.178203 8.143642 8.139485 8.135759 8.113547 8.067271 8.355494 8.338518 8.11041 7.874691 7.504984 7.850435 7.839397 8.379189 8.371531 7.701127 7.213254 6.145006 7.063818 7.806259 7.681547 7.793184 7.846987 7.922003 7.839024 7.674535 8.100477 8.245479 -128 8.39187 8.402751 -128 8.285502 7.365407 7.885693 6.501055 6.802691 7.318512 7.343014 7.53768 6.734896 5.991395 7.68461 7.987341 7.209764 4.077338 3.939601 5.416545 5.368564 2.182403 1.914165 0.9066609 1.680487 2.949214 4.719051 5.346339 4.634031 2.715274 2.137515 -128 -128 -128 -128 -128 -128 -128 -128 -128 -128 -128
-128 -128 -128 -128 8.196219 8.207689 8.142433 7.727132 8.140899 8.218694 8.027387 8.175569 8.236711 8.056738 8.107712 7.594566 7.242492 7.473279 8.052794 8.284852 8.319919 8.273098 6.327599 6.184587 5.861113 6.453931 7.109653 7.54746 7.778855 5.548823 5.869094 6.090102 5.840883 7.216301 7.772443 7.942843 8.209095 8.286369 8.380334 8.334438 -128 8.28191 8.390843 5.8553 4.622568 5.059989 4.032376 4.735874 6.185216 6.528675 4.426461 7.880829 5.662143 7.177589 6.413794 5.700901 2.467501 3.730013 2.500496 0.4521585 3.031897 5.005681 4.013639 4.10628 5.050756 1.582908 -128 -128 -128 -128 -128 -128 -128 -128 -128 -128 -128
-128 -128 -128 8.010395 7.644011 7.496682 7.59818 7.548874 8.026321 8.265749 8.024657 8.081727 8.249579 8.0606 7.868225 7.861747 7.42669 7.207079 7.59118 7.917456 8.243302 -128 7.410608 6.485507 7.433199 5.992639 5.347874 6.052262 7.156423 6.589332 4.952065 6.101461 5.628587 5.64233 4.634645 3.696763 6.70705 7.941761 7.01187 7.816429 7.981152 8.008903 7.674062 7.945282 5.225717 3.601287 4.459476 5.451439 5.693542 6.518751 3.78793 6.731915 3.014442 4.088484 5.551792 7.152039 3.434626 5.002932 3.769658 3.023618 5.6254 4.430519 3.544027 4.394782 5.43153 2.107239 2.068713 -128 -128 -128 -128 -128 -128 -128 -128 -128 -128
