formato/VCI/bioclimatica_2.asc
ncols         186
nrows         781
xllcorner     -75.7
yllcorner     -56.55
cellsize      0.05
NODATA_value  -9999
[rows 0 to 35 of 781, columns 83 to 165 of 186]
nan nan nan nan nan nan nan nan nan nan nan nan nan nan nan nan nan nan nan nan nan nan nan nan nan nan nan nan nan nan nan nan nan nan nan nan nan nan nan nan 20.0784 20.96738 nan nan nan nan nan nan nan nan nan nan nan nan nan nan nan nan nan nan nan nan nan nan nan nan nan nan nan nan nan nan nan nan nan nan nan nan nan nan nan nan nan
nan nan nan nan nan nan nan nan nan nan nan nan nan nan nan nan nan nan nan nan nan nan nan nan nan nan nan nan nan nan nan nan nan nan nan nan nan nan nan 18.00287 19.32716 20.26527 nan nan nan nan nan nan nan nan nan nan nan nan nan nan nan nan nan nan nan nan nan nan nan nan nan nan nan nan nan nan nan nan nan nan nan nan nan nan nan nan nan
nan nan nan nan nan nan nan nan nan nan nan nan nan nan nan nan nan nan nan nan nan nan nan nan nan nan nan nan nan nan nan nan nan nan nan 12.90998 nan 15.98221 17.07277 17.92809 18.83622 19.77014 20.28156 nan nan nan nan nan nan nan nan nan nan nan nan nan nan nan nan nan nan nan nan nan nan nan nan nan nan nan nan nan nan nan nan nan nan nan nan nan nan nan nan
nan nan nan nan nan nan nan nan nan nan nan nan nan nan nan nan nan nan nan nan nan nan nan nan nan nan nan nan nan nan nan nan nan nan 11.08661 12.61528 14.46093 15.78264 16.62664 17.34434 18.04808 18.83694 19.88929 20.2927 nan nan nan nan nan nan nan nan nan nan nan nan nan nan nan nan nan nan nan nan nan nan nan nan nan nan nan nan nan nan nan nan nan nan nan nan nan nan nan
nan nan nan nan nan nan nan nan nan nan nan nan nan nan nan nan nan nan nan nan nan nan nan nan nan nan nan nan nan nan nan nan nan nan 11.31931 12.15709 14.71717 15.49913 15.34543 16.48116 16.96682 17.02962 18.25431 19.41565 19.6343 nan nan nan nan nan nan nan nan nan nan nan nan nan nan nan nan nan nan nan nan nan nan nan nan nan nan nan nan nan nan nan nan nan nan nan nan nan nan
nan nan nan nan nan nan nan nan nan nan nan nan nan nan nan nan nan nan nan nan nan nan nan nan nan nan nan nan nan nan nan nan nan nan 11.62977 13.52969 14.69547 14.91503 14.9832 15.81978 15.82798 15.98568 17.38112 18.14235 18.88216 nan nan nan nan nan nan nan nan nan nan nan nan nan nan nan nan nan nan nan nan nan nan nan nan nan nan nan nan nan nan nan nan nan nan nan nan nan nan
nan nan nan nan nan nan nan nan nan nan nan nan nan nan nan nan nan nan nan nan nan nan nan nan nan nan nan nan nan nan nan nan nan nan 11.51333 13.21103 14.88269 15.16089 15.14354 15.64439 15.67659 15.65397 16.19331 17.0923 18.17164 nan nan nan nan nan nan nan nan nan nan nan nan nan nan nan nan nan nan nan nan nan nan nan nan nan nan nan nan nan nan nan nan nan nan nan nan nan nan
nan nan nan nan nan nan nan nan nan nan nan nan nan nan nan nan nan nan nan nan nan nan nan nan nan nan nan nan nan nan nan nan nan nan 10.99254 12.07825 13.96034 15.39917 15.58842 15.21225 14.70712 15.10075 15.25946 16.18976 17.57332 18.15372 nan nan nan nan nan nan nan nan nan nan nan nan nan nan nan nan nan nan nan nan nan nan nan nan nan nan nan nan nan nan nan nan nan nan nan nan nan
nan nan nan nan nan nan nan nan nan nan nan nan nan nan nan nan nan nan nan nan nan nan nan nan nan nan nan nan nan nan nan nan nan nan nan 11.12406 12.31443 14.06314 15.37543 15.63509 15.13832 15.49318 15.79925 16.09337 17.01843 17.50709 nan nan nan nan nan nan nan nan nan nan nan nan nan nan nan nan nan nan nan nan nan nan nan nan nan nan nan nan nan nan nan nan nan nan nan nan nan
nan nan nan nan nan nan nan nan nan nan nan nan nan nan nan nan nan nan nan nan nan nan nan nan nan nan nan nan nan nan nan nan nan nan nan 11.16721 12.5013 13.52992 14.82549 15.12646 15.21946 15.36675 15.80532 15.42915 16.22635 16.98419 17.17696 17.46437 17.17424 nan nan nan nan nan nan nan nan nan nan nan nan nan nan nan nan nan nan nan nan nan nan nan nan nan nan nan nan nan nan nan nan nan nan
nan nan nan nan nan nan nan nan nan nan nan nan nan nan nan nan nan nan nan nan nan nan nan nan nan nan nan nan nan nan nan nan nan nan nan 11.7895 13.15941 13.56002 14.38013 14.26565 14.35336 14.61573 14.84358 15.13705 16.12848 17.45773 17.73327 17.4085 16.48267 16.02725 nan nan nan nan nan nan nan nan nan nan nan nan nan nan nan nan nan nan nan nan nan nan nan nan nan nan nan nan nan nan nan nan nan
nan nan nan nan nan nan nan nan nan nan nan nan nan nan nan nan nan nan nan nan nan nan nan nan nan nan nan nan nan nan nan nan nan nan 11.02326 11.98964 13.34132 14.10583 13.66851 13.22546 12.86119 13.21665 13.61705 15.01187 16.37103 17.61961 18.01334 17.63906 16.97812 16.70864 nan nan nan nan nan nan nan nan nan nan nan nan nan nan nan nan nan nan nan nan nan nan nan nan nan nan nan nan nan nan nan nan nan
nan nan nan nan nan nan nan nan nan nan nan nan nan nan nan nan nan nan nan nan nan nan nan nan nan nan nan nan nan nan nan nan nan nan 10.63144 11.77818 12.60195 13.16758 13.04197 12.59356 11.97301 13.11657 14.19105 14.53213 16.22778 17.56285 17.77988 17.28461 15.88727 17.26682 nan nan nan nan nan nan nan nan nan nan nan nan nan nan nan nan nan nan nan nan nan nan nan nan nan nan nan nan nan nan nan nan nan
nan nan nan nan nan nan nan nan nan nan nan nan nan nan nan nan nan nan nan nan nan nan nan nan nan nan nan nan nan nan nan nan 11.44283 10.6697 10.85704 11.39889 12.42243 12.80479 12.96836 12.39374 12.83416 13.54991 15.03076 15.79877 16.42912 17.25724 17.62101 16.81448 16.33326 nan nan nan nan nan nan nan nan nan nan nan nan nan nan nan nan nan nan nan nan nan nan nan nan nan nan nan nan nan nan nan nan nan nan
nan nan nan nan nan nan nan nan nan nan nan nan nan nan nan nan nan nan nan nan nan nan nan nan nan nan nan nan nan nan nan 13.25666 11.94345 11.13572 11.02765 11.44683 12.31791 12.48552 13.09761 12.2167 11.82181 12.32558 14.6382 16.37936 17.34991 17.39298 16.6807 16.54827 17.32427 17.04366 nan nan nan nan nan nan nan nan nan nan nan nan nan nan nan nan nan nan nan nan nan nan nan nan nan nan nan nan nan nan nan nan nan
nan nan nan nan nan nan nan nan nan nan nan nan nan nan nan nan nan nan nan nan nan nan nan nan nan nan nan nan 11.83309 13.02167 13.9202 13.70945 12.77373 11.51822 11.00268 12.39832 13.24787 12.50051 11.90219 11.82095 10.88863 11.69506 14.11117 16.00776 17.23726 16.97981 16.61139 17.11819 15.83058 17.63398 nan nan nan nan nan nan nan nan nan nan nan nan nan nan nan nan nan nan nan nan nan nan nan nan nan nan nan nan nan nan nan nan nan
nan nan nan nan nan nan nan nan nan nan nan nan nan nan nan nan nan nan nan nan nan nan nan 5.666451 6.439413 7.220293 8.482894 10.16197 11.75319 13.06584 14.16332 14.16611 13.12017 12.92733 13.40169 13.39993 11.75501 11.30946 12.24642 12.06779 11.21283 12.80455 14.84622 16.25321 17.285 17.06328 17.34637 17.6085 17.72055 17.54661 17.45788 nan nan nan nan nan nan nan nan nan nan nan nan nan nan nan nan nan nan nan nan nan nan nan nan nan nan nan nan nan nan nan nan
nan nan nan nan nan nan nan nan nan nan nan nan nan nan nan nan nan nan nan nan nan nan nan 5.38979 6.150732 7.127152 8.436106 10.11236 11.86633 13.19679 14.3051 14.61272 14.50722 14.16103 12.94992 nan 11.8997 13.65056 14.08215 13.16951 11.92935 11.82009 15.17876 16.8225 17.76407 18.11751 18.21935 17.74344 16.95682 16.56638 16.46686 nan nan nan nan nan nan nan nan nan nan nan nan nan nan nan nan nan nan nan nan nan nan nan nan nan nan nan nan nan nan nan nan
nan nan nan nan nan nan nan nan nan nan nan nan nan nan nan nan nan nan nan nan nan nan nan nan 5.905555 6.944304 8.370234 10.01025 11.47716 13.09842 14.38982 14.69616 14.38335 13.74784 13.11784 11.93497 12.18434 13.45134 14.30905 13.21308 12.23983 11.30918 13.86126 16.50655 17.80009 18.64148 19.06834 17.99048 16.22258 15.66132 16.5387 nan nan nan nan nan nan nan nan nan nan nan nan nan nan nan nan nan nan nan nan nan nan nan nan nan nan nan nan nan nan nan nan
nan nan nan nan nan nan nan nan nan nan nan nan nan nan nan nan nan nan nan nan nan nan nan nan 5.538941 6.597777 8.274609 10.19002 11.97399 13.39392 14.17527 14.27202 13.97663 13.86666 12.85081 11.44025 12.30149 13.52741 12.40933 13.0762 12.45615 11.34984 12.08838 15.4715 17.45336 18.58691 18.9558 18.90325 17.70733 16.97153 16.92352 nan nan nan nan nan nan nan nan nan nan nan nan nan nan nan nan nan nan nan nan nan nan nan nan nan nan nan nan nan nan nan nan
nan nan nan nan nan nan nan nan nan nan nan nan nan nan nan nan nan nan nan nan nan nan nan nan 5.527604 6.68835 8.199914 9.945836 12.01562 13.72919 14.9645 15.05803 14.33678 13.93713 12.97787 12.97715 13.89142 11.36426 12.99983 13.57836 12.80707 11.79432 11.59475 14.10751 16.06122 17.91404 18.75136 18.76421 18.74469 18.51511 18.02875 nan nan nan nan nan nan nan nan nan nan nan nan nan nan nan nan nan nan nan nan nan nan nan nan nan nan nan nan nan nan nan nan
nan nan nan nan nan nan nan nan nan nan nan nan nan nan nan nan nan nan nan nan nan nan nan nan 5.795628 7.163615 8.769283 10.43059 11.9652 13.71363 15.43464 16.05733 15.6086 15.02156 14.52225 14.6237 11.2111 12.27816 13.80158 14.10977 13.18064 12.40004 11.68942 12.46707 14.67801 16.53493 17.94939 18.82809 19.01591 18.85671 18.52165 nan nan nan nan nan nan nan nan nan nan nan nan nan nan nan nan nan nan nan nan nan nan nan nan nan nan nan nan nan nan nan nan
nan nan nan nan nan nan nan nan nan nan nan nan nan nan nan nan nan nan nan nan nan nan nan nan 5.952091 7.587762 9.22276 10.91071 12.65572 14.16349 15.31764 15.56246 15.13575 14.66882 14.00505 12.84384 11.53363 12.06738 13.6801 14.25475 13.82076 12.92663 12.32178 12.64999 13.63863 15.95879 17.80141 18.69873 18.99994 18.78263 17.87229 nan nan nan nan nan nan nan nan nan nan nan nan nan nan nan nan nan nan nan nan nan nan nan nan nan nan nan nan nan nan nan nan
nan nan nan nan nan nan nan nan nan nan nan nan nan nan nan nan nan nan nan nan nan nan nan nan 6.122395 7.902001 9.431913 11.0431 12.61102 14.20711 15.56464 15.96523 15.54287 15.09507 14.82296 14.05895 12.79773 12.40207 12.9685 13.19943 13.04448 12.60995 12.9791 12.92919 13.89556 14.7811 17.10105 18.24238 18.85837 18.87813 18.7312 18.17339 nan nan nan nan nan nan nan nan nan nan nan nan nan nan nan nan nan nan nan nan nan nan nan nan nan nan nan nan nan nan nan
nan nan nan nan nan nan nan nan nan nan nan nan nan nan nan nan nan nan nan nan nan nan nan nan 6.30836 7.972412 9.588369 11.20149 12.71725 14.10826 15.36312 15.99659 15.84821 15.29755 14.79701 14.30145 13.66134 13.00846 12.54478 12.79615 12.27637 11.73894 12.76575 14.15425 15.40428 15.71604 16.26962 17.59616 18.34786 17.54819 16.82334 15.61959 nan nan nan nan nan nan nan nan nan nan nan nan nan nan nan nan nan nan nan nan nan nan nan nan nan nan nan nan nan nan nan
nan nan nan nan nan nan nan nan nan nan nan nan nan nan nan nan nan nan nan nan nan nan nan 5.313688 6.327628 7.698668 9.291549 11.1005 12.75731 14.19532 15.40166 15.8608 15.76257 15.47412 15.09586 14.56992 14.03517 13.49778 12.92742 12.74403 12.72937 12.66692 13.48012 14.59733 15.28195 15.19974 15.17757 16.84802 17.2644 16.40324 16.23418 16.51384 17.26491 nan nan nan nan nan nan nan nan nan nan nan nan nan nan nan nan nan nan nan nan nan nan nan nan nan nan nan nan nan nan
nan nan nan nan nan nan nan nan nan nan nan nan nan nan nan nan nan nan nan nan nan nan nan 5.260423 6.48591 7.94329 9.35155 10.88476 12.46732 13.81718 15.21299 15.59399 15.6262 15.61315 15.35142 14.96503 14.14416 13.6567 13.0934 12.88739 13.05186 13.13522 12.94702 13.71227 14.77232 15.29903 15.46573 15.62033 15.88628 16.34697 16.51667 17.04679 17.01529 nan nan nan nan nan nan nan nan nan nan nan nan nan nan nan nan nan nan nan nan nan nan nan nan nan nan nan nan nan nan
nan nan nan nan nan nan nan nan nan nan nan nan nan nan nan nan nan nan nan nan nan nan nan nan 6.510474 7.927949 9.709772 11.07756 12.36907 13.80954 15.3468 16.18698 16.0466 15.5355 15.0039 14.70139 14.27126 13.96603 13.46895 13.18351 13.16335 13.09172 12.76311 12.88335 13.32572 15.47007 15.50913 14.50085 15.67676 16.07206 15.98758 16.05107 15.01137 nan nan nan nan nan nan nan nan nan nan nan nan nan nan nan nan nan nan nan nan nan nan nan nan nan nan nan nan nan nan
nan nan nan nan nan nan nan nan nan nan nan nan nan nan nan nan nan nan nan nan nan nan nan nan 6.454861 7.828046 10.02697 11.02197 12.50582 13.95799 15.36731 16.00302 15.59246 14.98572 16.12563 15.62421 14.33192 14.14895 14.70715 14.06596 13.70997 13.08618 13.2305 13.36938 14.10113 15.39169 15.00533 13.1504 13.73906 15.54764 15.16832 15.87697 15.75607 nan nan nan nan nan nan nan nan nan nan nan nan nan nan nan nan nan nan nan nan nan nan nan nan nan nan nan nan nan nan
nan nan nan nan nan nan nan nan nan nan nan nan nan nan nan nan nan nan nan nan nan nan nan nan 6.605538 7.678028 9.765803 11.31171 12.44139 13.72811 15.10119 16.12615 16.02506 16.88085 15.80695 15.40199 16.31001 15.75831 14.05584 13.46566 12.58759 12.221 12.1136 13.37339 14.211 14.14282 14.26624 13.54879 13.16436 14.05253 13.88725 15.00254 15.98058 nan nan nan nan nan nan nan nan nan nan nan nan nan nan nan nan nan nan nan nan nan nan nan nan nan nan nan nan nan nan
nan nan nan nan nan nan nan nan nan nan nan nan nan nan nan nan nan nan nan nan nan nan nan nan 5.987136 6.739695 9.045755 11.01275 12.0424 12.94336 14.44953 16.97168 17.903 17.48335 17.11729 16.04923 14.58519 13.89303 13.59985 13.33858 12.87986 12.00347 12.08082 13.40027 15.0339 14.69294 14.24123 13.76629 13.00556 12.12303 12.42842 14.7835 16.36198 16.272 nan nan nan nan nan nan nan nan nan nan nan nan nan nan nan nan nan nan nan nan nan nan nan nan nan nan nan nan nan
nan nan nan nan nan nan nan nan nan nan nan nan nan nan nan nan nan nan nan nan nan nan nan nan 4.803163 5.60129 7.474467 9.284159 11.08956 13.28315 15.27822 15.71609 15.95896 16.43668 16.30768 16.18352 15.63104 15.0795 14.31171 13.65113 12.69674 11.96268 11.55479 12.93519 14.22974 14.87974 14.27137 13.75808 13.34086 13.21205 12.07389 14.1091 16.34319 17.25373 16.95957 16.54734 nan nan nan nan nan nan nan nan nan nan nan nan nan nan nan nan nan nan nan nan nan nan nan nan nan nan nan
nan nan nan nan nan nan nan nan nan nan nan nan nan nan nan nan nan nan nan nan nan nan nan nan nan 4.12817 5.323326 8.542372 10.92917 11.60619 13.56605 15.42123 16.4188 16.96936 17.51604 17.50146 16.63301 15.4893 15.03228 14.03618 13.07618 12.59357 12.55071 13.45382 12.12742 13.9648 14.58171 14.37098 14.00819 13.78881 13.15176 14.26505 16.03384 16.28945 15.01426 16.29983 16.18651 nan nan nan nan nan nan nan nan nan nan nan nan nan nan nan nan nan nan nan nan nan nan nan nan nan nan
nan nan nan nan nan nan nan nan nan nan nan nan nan nan nan nan nan nan nan nan nan nan nan nan nan 2.964079 4.332096 6.648135 8.515368 10.92098 13.3337 15.61115 16.9369 17.85346 17.93843 17.57954 16.78399 16.08031 15.43794 14.18496 13.07458 12.97818 13.89458 13.32596 12.97646 14.36634 14.82352 14.56909 13.72448 13.82891 13.65179 13.77982 15.42157 14.99041 15.017 17.18398 16.96893 16.87333 nan nan nan nan nan nan nan nan nan nan nan nan nan nan nan nan nan nan nan nan nan nan nan nan nan
nan nan nan nan nan nan nan nan nan nan nan nan nan nan nan nan nan nan nan nan nan nan nan nan nan 1.794583 2.665157 4.930146 8.160583 10.19314 12.55731 14.62058 15.41502 16.82438 17.52942 17.87927 17.4435 16.42447 15.58201 14.41119 13.02282 13.74005 13.56151 13.3963 13.35721 13.05175 14.40754 14.3783 13.07861 13.87549 14.59409 14.84227 15.42864 16.33525 16.79279 17.88399 18.78988 18.97478 19.74621 nan nan nan nan nan nan nan nan nan nan nan nan nan nan nan nan nan nan nan nan nan nan nan nan
nan nan nan nan nan nan nan nan nan nan nan nan nan nan nan nan nan nan nan nan nan nan nan nan nan 1.130176 2.124378 5.170643 7.974308 10.36489 12.55823 14.17979 15.5591 17.32489 18.67103 19.26131 18.3776 17.13245 16.57199 14.91594 14.2022 13.535 13.72331 14.14053 12.63542 12.65953 14.53126 14.01831 13.19651 13.83332 14.31778 14.25767 15.26536 16.15715 16.34262 17.57153 18.67495 19.51099 20.10307 20.92504 21.3024 nan nan nan nan nan nan nan nan nan nan nan nan nan nan nan nan nan nan nan nan nan nan
