formato/VCI/bioclim_12.asc
ncols         186
nrows         781
xllcorner     -75.7
yllcorner     -56.55
cellsize      0.05
NODATA_value  -9999
[rows 714 to 747 of 781, columns 77 to 153 of 186]
80.05497 -128 72.84763 44.99253 64.50002 56.53191 51.36921 53.87997 39.12076 41.5108 48.75726 54.73885 58.42501 49.73156 45.32655 46.2101 62.71643 73.41492 79.05801 -128 -128 -128 -128 -128 -128 -128 -128 82.43958 79.79233 79.74323 79.38936 77.36182 72.97292 66.23045 59.23249 51.02005 45.79279 43.65351 52.00909 47.15289 41.06911 40.16864 41.75179 45.00766 50.40034 55.91303 60.28321 63.83427 65.90971 67.60403 69.73363 71.43984 73.12022 73.37494 72.85392 72.494 72.06284 73.14164 75.00069 77.29465 78.57793 79.35816 80.15137 81.21848 82.20579 -128 -128 -128 -128 -128 -128 -128 -128 -128 -128 -128 -128
66.6289 78.39993 53.82007 21.8746 47.09765 45.37285 31.53507 40.79848 49.14388 41.51247 36.7616 40.88475 41.24171 41.68021 49.72783 54.54594 62.76076 72.56277 78.03887 -128 -128 -128 -128 -128 -128 -128 -128 82.34122 80.53016 78.77859 77.27703 74.03884 67.25048 58.45596 47.50999 38.24259 36.34834 40.72134 48.97364 45.80227 41.72979 39.14442 47.74777 55.26395 60.69472 64.77204 67.25208 68.9138 69.53836 70.46365 71.72147 72.56646 72.74857 72.76111 72.25492 72.64703 73.9937 74.45052 74.63969 75.01977 75.66366 77.04927 78.46055 79.73711 81.25657 -128 -128 -128 -128 -128 -128 -128 -128 -128 -128 -128 -128
67.95657 78.65873 52.98283 22.0478 29.57255 46.97831 44.22236 30.31819 38.37721 37.16476 35.88793 28.43734 39.45963 51.57545 54.48156 53.16552 67.17165 73.65206 77.56997 -128 -128 -128 -128 -128 -128 -128 -128 83.7953 80.74806 77.51064 77.82467 72.01826 59.60135 46.22807 41.50853 44.48427 45.9627 45.96533 54.93249 53.5495 55.96886 63.83701 68.21162 70.388 71.87462 73.24838 74.06714 74.19775 73.6651 73.38885 73.1399 72.82267 72.19796 72.09412 72.67214 72.20132 70.44389 70.66674 70.41943 71.19422 72.8867 74.73468 75.91454 76.83204 75.13582 -128 -128 -128 -128 -128 -128 -128 -128 -128 -128 -128 -128
72.15455 80.81409 59.80222 44.85095 32.24635 38.25657 33.65624 38.13926 32.80474 40.89972 43.48024 45.09289 44.54649 60.69756 66.25564 59.25291 60.68901 77.466 -128 -128 -128 -128 -128 -128 -128 -128 -128 85.02086 81.7209 79.97212 81.32684 69.17522 53.82644 41.72519 45.07778 48.91788 56.86591 66.41666 75.77194 79.91331 81.79226 81.94124 81.73569 81.21664 80.42836 79.90575 79.21371 78.30257 77.15124 75.7345 74.45747 73.1291 72.10757 71.83964 69.91198 67.5403 67.05034 67.75761 68.04229 67.31338 66.13222 63.40447 63.24137 61.34219 62.48692 -128 -128 -128 -128 -128 -128 -128 -128 -128 -128 -128 -128
60.9538 79.40002 75.74433 60.71732 48.97585 30.61681 27.27442 42.32837 39.48847 38.45319 50.42611 55.05296 54.93159 56.3123 61.08259 66.52374 72.32176 76.49003 -128 -128 -128 -128 -128 -128 -128 -128 -128 -128 -128 -128 86.94466 68.17155 44.34959 53.723 71.28905 85.11647 90.53773 91.10612 -128 -128 -128 -128 -128 -128 -128 -128 -128 -128 -128 -128 78.59584 75.17719 73.12914 72.659 70.3873 65.96558 62.72776 58.86151 54.29433 51.70058 50.32891 52.86665 58.82764 59.57794 60.57986 -128 -128 -128 -128 -128 -128 -128 -128 -128 -128 -128 -128
76.76861 77.66147 69.69051 55.29108 59.01693 40.29649 22.26718 31.13529 47.83068 45.40599 51.57771 52.24001 56.56709 61.17488 48.08387 47.51003 58.82608 73.26895 -128 -128 -128 -128 -128 -128 -128 -128 -128 -128 -128 -128 -128 87.95729 82.09269 89.92421 93.89361 94.34738 -128 -128 -128 -128 -128 -128 -128 -128 -128 -128 -128 -128 -128 -128 80.51538 75.97438 73.15804 69.9021 64.77844 59.59429 52.30067 48.33852 44.9208 47.38375 47.34777 52.77144 58.76563 61.57861 65.1563 -128 -128 -128 -128 -128 -128 -128 -128 -128 -128 -128 -128
65.74062 68.0751 43.51141 46.79611 44.42899 41.25092 46.70538 32.08204 38.74476 49.36173 49.5277 43.54174 43.88322 62.94485 56.97741 36.18521 43.41521 62.16024 77.44865 -128 -128 -128 -128 -128 -128 -128 -128 -128 -128 -128 -128 -128 -128 -128 -128 -128 -128 -128 -128 -128 -128 -128 -128 -128 -128 -128 -128 -128 83.83844 80.37705 74.42479 68.42859 61.13551 56.08649 52.0218 48.6364 50.01052 51.46218 50.60736 53.41341 49.52315 53.80759 56.97572 61.67285 63.13471 -128 -128 -128 -128 -128 -128 -128 -128 -128 -128 -128 -128
33.86082 43.47274 52.63102 33.96036 42.34544 35.83473 31.34187 39.42443 37.10533 45.221 53.32597 37.03561 42.94064 53.37774 69.06818 65.63031 49.2974 55.44957 76.5315 -128 -128 -128 -128 -128 -128 -128 82.86435 83.11191 -128 -128 -128 -128 -128 -128 -128 -128 -128 -128 -128 -128 -128 -128 -128 -128 -128 84.89928 82.88342 78.14165 72.19704 67.08538 60.81666 55.7991 50.51846 47.29277 46.26285 48.70028 48.24749 46.71115 50.01246 54.67679 56.53649 54.15487 58.8559 57.75613 60.41284 -128 -128 -128 -128 -128 -128 -128 -128 -128 -128 -128 -128
34.51829 39.67856 35.95986 41.62436 28.79348 41.61277 19.09506 31.58512 35.30792 43.52736 33.24293 47.22903 51.61457 58.83678 55.56026 56.88973 70.60733 70.58797 76.867 -128 -128 -128 -128 -128 -128 80.49889 73.7125 79.76338 -128 -128 -128 -128 -128 -128 -128 -128 -128 -128 -128 -128 -128 -128 84.71088 83.62208 79.54248 74.03203 68.58972 64.49095 61.15545 54.53263 50.23035 47.09585 43.93375 43.06963 45.09011 45.60236 44.46373 47.28251 53.23354 49.05619 50.05492 54.06396 57.5726 60.33004 60.33811 -128 -128 -128 -128 -128 -128 -128 -128 -128 -128 -128 -128
41.39466 30.60389 37.54007 23.77069 45.99615 44.96437 35.23279 29.26707 38.83686 34.42077 44.35249 37.77849 47.17279 55.22334 48.18372 58.08292 64.32109 76.64945 77.69608 -128 -128 -128 78.20708 78.66259 74.8141 64.22739 69.56506 79.2244 -128 -128 -128 -128 -128 -128 -128 -128 -128 -128 85.14931 83.26443 81.50014 79.59534 75.89759 71.44207 68.08312 64.5388 62.25186 58.36613 53.00261 49.00937 46.01213 43.69779 40.46683 38.9547 40.89344 44.85237 45.57575 48.70843 49.82999 51.76091 53.66826 58.4608 60.38236 63.18244 65.17197 -128 -128 -128 -128 -128 -128 -128 -128 -128 -128 -128 -128
57.30585 46.82098 58.09564 56.18345 53.97192 56.47313 36.58175 34.62712 38.41394 54.79287 45.47718 55.68974 45.48168 46.89958 50.81808 34.50154 42.4118 69.14528 -128 -128 -128 -128 76.77043 67.54732 51.44227 58.98632 62.95359 74.13785 -128 -128 -128 -128 -128 -128 83.00282 81.41077 81.43548 81.99662 80.34994 76.75165 72.00341 68.82442 67.20061 64.14594 62.39612 61.11324 56.37919 50.28434 49.80372 47.86055 47.77505 45.61858 43.71404 45.00465 45.67353 48.50326 52.17188 53.17867 53.86761 60.69838 62.8244 63.51394 63.45323 65.37458 67.16999 -128 -128 -128 -128 -128 -128 -128 -128 -128 -128 -128 -128
81.75624 79.87954 75.54324 71.17204 42.81296 32.18042 28.5302 40.8706 53.4719 61.97302 44.29678 46.62278 52.96259 53.18567 47.14119 54.26721 51.33008 74.24334 -128 -128 -128 -128 76.01341 72.00175 65.98166 59.86471 58.57181 66.81606 79.22317 -128 -128 -128 -128 82.26579 64.61291 53.14191 60.53455 66.76598 69.22918 69.57864 68.09146 65.6789 60.93895 56.6997 54.64827 53.94197 53.62495 53.12587 52.67058 52.83474 51.82003 50.56721 51.61926 51.97161 53.31241 54.8955 57.11118 58.04975 60.19865 61.45569 63.95854 65.26102 65.98458 66.45933 66.96922 -128 -128 -128 -128 -128 -128 -128 -128 -128 -128 -128 -128
-128 -128 -128 75.98672 77.45443 73.47357 55.7986 48.30424 62.78868 34.84212 40.54567 45.91515 46.00552 47.83149 68.29243 73.66959 78.0964 -128 -128 75.94994 71.9565 71.32742 75.57439 77.10303 76.81569 69.05266 64.7243 71.18195 78.72408 79.76875 -128 -128 -128 81.80534 67.07819 57.5605 51.46309 46.80265 51.26777 53.79771 57.24592 55.39877 57.03717 57.38228 55.96292 54.27725 56.11723 56.46734 56.24562 55.2257 55.04867 54.74597 54.85691 55.81615 56.43176 56.81393 56.92381 57.51066 60.14727 61.45559 63.9263 65.71945 66.13596 67.59248 69.09894 -128 -128 -128 -128 -128 -128 -128 -128 -128 -128 -128 -128
77.43562 76.62581 76.68361 -128 -128 -128 -128 -128 75.22906 61.83323 40.3616 46.51028 64.2372 73.27345 75.37695 -128 -128 -128 76.71738 66.80708 51.16615 42.61429 61.52883 71.58223 75.76264 71.62541 67.36325 74.08338 77.18807 -128 -128 -128 -128 84.15864 73.73916 63.64851 38.28789 40.356 40.73595 48.40659 46.01498 50.9616 60.13139 54.90331 56.53376 58.29568 58.32929 57.77148 57.68097 56.39809 53.58135 52.45638 53.77365 55.39178 58.36897 59.08923 57.6539 59.60054 60.73817 63.7658 66.3037 68.86084 68.69163 66.49963 66.94141 -128 -128 -128 -128 -128 -128 -128 -128 -128 -128 -128 -128
72.60155 68.6961 52.6837 72.96461 75.8579 75.91056 75.85992 75.61378 77.50164 -128 -128 -128 -128 -128 -128 -128 -128 -128 77.02933 63.8275 36.81367 41.54091 49.32971 73.59538 73.59879 67.45586 52.07727 56.17114 62.70947 78.73946 -128 -128 -128 -128 79.66393 69.2639 66.0545 54.64229 44.58893 39.26959 34.43512 54.19574 46.08145 51.49866 41.54659 56.29679 59.61006 60.65137 63.06519 59.99548 48.69847 51.9154 57.14899 58.53163 59.52632 60.39272 61.70952 64.35306 66.98616 68.06812 68.16109 71.50216 72.92451 71.5928 70.42266 -128 -128 -128 -128 -128 -128 -128 -128 -128 -128 -128 -128
65.23201 36.74274 47.63495 73.92824 65.86286 51.28791 62.96473 59.1436 73.73294 72.85886 75.71391 78.39989 -128 -128 -128 -128 -128 -128 -128 57.79125 46.83287 46.14941 37.72484 60.56967 76.56783 72.91696 47.59317 44.86034 53.46841 68.85086 80.96265 -128 -128 -128 81.22169 80.30521 76.36855 69.78816 66.26958 61.63734 52.64547 61.30083 40.75644 40.86208 34.74201 52.22342 54.5249 55.18372 65.05023 64.10907 61.03707 61.68919 61.03331 60.23606 61.4296 62.71007 65.6956 67.45348 66.86605 69.43366 69.49317 71.61677 70.1721 66.92551 68.77318 -128 -128 -128 -128 -128 -128 -128 -128 -128 -128 -128 -128
41.58651 52.31192 50.93329 73.12009 54.70248 27.67779 23.52552 34.74233 52.00381 74.11861 51.14621 68.48354 77.69438 -128 78.14066 78.95364 -128 -128 -128 68.84094 35.10938 32.68902 42.13828 42.10035 58.542 72.74017 75.57203 58.35146 53.07713 59.02845 77.9743 -128 -128 -128 -128 79.77388 67.64665 55.07787 54.3581 60.40578 57.06005 61.26495 55.90123 52.04071 56.31569 51.89687 55.92569 61.47873 56.3969 47.35455 49.39802 60.70017 61.28078 62.80824 57.71083 64.45438 69.67204 70.2777 69.80948 68.58098 69.01723 70.21384 67.27331 68.12195 70.21707 -128 -128 -128 -128 -128 -128 -128 -128 -128 -128 -128 -128
48.17494 42.99686 62.06825 59.75917 71.39927 52.89985 42.02352 42.66628 49.19081 64.4437 43.98013 57.26909 72.09534 75.87506 73.80025 62.97379 69.78074 79.4554 -128 71.41314 49.9295 43.55391 49.5681 52.13688 56.42085 53.69344 78.05488 71.67569 67.436 61.39671 50.55069 74.92253 -128 -128 -128 76.7607 60.62873 37.54431 35.01525 51.21182 50.46645 44.97647 46.1076 45.65026 42.67213 32.7831 57.46793 54.25133 48.3402 45.22743 52.97261 50.55898 50.14147 60.86588 50.9945 64.6528 67.77032 60.60773 54.86258 58.21804 61.03647 64.13763 67.51522 70.24238 65.47209 -128 -128 -128 -128 -128 -128 -128 -128 -128 -128 -128 -128
75.57389 51.20625 59.9389 72.2911 49.79728 46.78212 49.42854 55.44637 61.56271 66.23944 63.61483 56.99234 69.91712 55.10985 62.89621 17.56134 41.86086 77.91083 77.69249 75.64772 71.7578 57.65901 48.18877 38.5911 50.95121 70.5059 75.58625 74.92998 61.50553 45.76154 65.57058 77.02283 -128 -128 -128 -128 74.89 68.3224 47.91726 48.98255 40.70474 22.62795 25.43883 33.29099 44.66446 39.24025 53.14126 47.56123 33.61914 36.9755 46.1832 57.20384 54.00571 44.10347 59.96637 65.94875 51.88688 38.28487 47.63945 50.19786 49.13467 56.82824 60.08045 66.81633 61.38711 -128 -128 -128 -128 -128 -128 -128 -128 -128 -128 -128 -128
64.27299 80.70233 80.13089 54.85638 38.1408 53.28463 53.0518 64.08302 62.80204 47.94558 43.73131 46.16043 65.13705 52.52106 55.98096 30.82212 66.84536 66.98657 80.97289 57.5935 52.48659 61.77535 57.34864 49.96737 50.38489 58.97827 72.88223 48.48363 58.66513 71.6489 75.58466 76.48164 75.55554 -128 -128 -128 -128 -128 75.93047 74.38012 61.68243 44.3419 32.35523 33.9277 56.02547 54.55832 31.77001 29.7601 25.86543 31.17151 39.64581 42.06945 39.70966 59.74221 61.86234 55.82242 41.21646 35.97546 32.97107 38.528 45.49059 57.55555 60.7611 65.65396 56.2858 -128 -128 -128 -128 -128 -128 -128 -128 -128 -128 -128 -128
46.84726 60.81733 79.38843 75.4445 61.29547 64.68665 68.96001 71.80495 60.51072 42.7067 61.9559 43.12654 73.96365 57.31197 44.85105 56.25096 64.20788 64.96091 82.4893 68.81806 38.41846 32.88997 23.557 27.2479 60.53998 59.98895 62.40727 62.15742 35.01889 44.04684 51.08171 62.73519 71.59827 -128 -128 -128 -128 -128 -128 -128 -128 -128 72.52306 69.68737 65.77866 53.19095 45.17918 36.48325 40.58521 25.99288 19.53647 32.98769 52.40732 43.78164 51.96005 49.48005 38.891 40.70223 32.65903 29.64292 42.2056 50.10798 63.13873 47.81128 47.09327 -128 -128 -128 -128 -128 -128 -128 -128 -128 -128 -128 -128
77.29964 77.01229 68.67635 76.13278 78.94415 77.83163 72.24348 53.49347 62.96125 75.49545 71.60019 71.15727 66.50407 49.64714 46.1643 56.98699 57.14262 81.0601 83.81702 83.99728 77.3322 63.96481 59.39491 49.86293 36.26208 50.54763 65.48367 68.44991 71.39727 67.17126 60.4263 60.68468 72.33266 -128 70.90914 54.83801 53.18636 69.67658 68.73742 70.96262 67.35077 70.37989 -128 71.78387 -128 -128 71.18707 52.09941 40.10671 31.11754 16.81878 30.41686 30.01056 26.02053 24.10282 26.67177 32.00288 30.12774 31.78824 37.22341 44.93396 55.10426 55.29436 47.79856 51.52021 -128 -128 -128 -128 -128 -128 -128 -128 -128 -128 -128 -128
76.12894 81.10688 73.62255 73.20738 77.22476 78.48528 78.92343 68.44654 71.66936 79.33323 74.75767 64.3617 48.37045 64.32155 63.91921 64.69893 77.84654 82.27546 82.94009 77.28357 62.68165 70.12743 79.92339 80.17908 73.6125 76.00838 72.91705 43.39726 28.92361 40.48961 63.88438 73.38738 74.05592 58.35192 41.94151 36.81178 43.85033 60.78444 70.05666 67.43924 32.8259 26.28407 38.72366 58.57912 69.09667 71.11531 70.84296 72.42045 74.52419 73.86982 64.41371 48.82401 16.87178 18.08168 32.70546 45.21294 46.91005 45.00694 39.14321 35.16906 35.2955 29.61138 29.12907 32.35917 37.24748 -128 -128 -128 -128 -128 -128 -128 -128 -128 -128 -128 -128
-128 80.16401 79.83783 79.39048 78.45279 74.04373 77.42083 78.81589 79.01773 73.55711 69.41427 77.32819 75.59978 71.69804 62.2462 77.26043 -128 -128 70.96313 57.56214 48.77325 29.89452 51.85355 56.3224 46.77386 74.80357 74.77324 44.51373 35.34276 11.31398 24.25312 42.62769 62.5654 72.76393 63.97234 54.18707 45.70606 50.49072 58.14843 64.95551 60.39012 28.25984 8.505966 29.05615 60.02164 68.05444 44.28172 40.39916 64.49048 72.81458 -128 -128 73.81238 68.32127 48.04601 20.14009 -0.864558 9.261489 14.78869 27.73346 32.01955 32.43351 45.36069 46.35352 51.34531 -128 -128 -128 -128 -128 -128 -128 -128 -128 -128 -128 -128
79.92737 61.66257 66.32674 79.1985 77.34946 68.41811 69.5598 70.42632 74.93609 67.95474 49.88987 47.60773 65.74793 75.3242 74.87746 77.04038 78.94743 80.70528 71.47985 20.36548 -14.52737 -9.95174 50.89936 62.21296 69.02977 34.72569 51.06385 74.46022 64.47207 29.07997 19.55794 3.177075 8.794953 37.81784 64.80701 32.27542 32.06356 22.80724 32.70109 58.19512 72.04063 56.67377 18.94776 29.53234 64.73685 61.92385 53.2067 36.92791 20.48729 17.64357 37.00543 59.46781 75.3498 -128 78.11574 70.82922 50.75188 10.48835 18.7119 0.6387274 24.18762 5.705233 12.64093 7.78101 -5.630287 -128 -128 -128 -128 -128 -128 -128 -128 -128 -128 -128 -128
83.16532 77.93768 77.82514 67.02084 64.96014 74.74516 53.05607 50.8475 44.00257 50.92276 22.55396 32.68147 37.11432 32.17849 55.20626 40.44875 37.05963 59.96687 56.90888 34.7192 3.355901 5.986771 43.46847 71.19883 22.33404 -27.23616 6.123588 48.2354 70.42323 69.63297 61.05552 57.28665 21.84578 18.20521 40.63529 41.36336 33.75026 14.09762 40.73862 67.84995 70.7878 74.48988 55.36564 34.44488 68.64923 54.95635 18.70083 54.35573 22.37326 25.89984 20.00868 16.87417 49.43818 78.02785 42.5745 48.21753 55.25263 69.83235 52.5754 43.58958 41.78518 42.5216 37.31735 36.644 23.25997 -128 -128 -128 -128 -128 -128 -128 -128 -128 -128 -128 -128
73.38953 80.57317 80.30041 62.58906 63.5155 55.2445 60.75475 42.10148 58.89492 56.03704 64.90423 34.72265 42.17745 9.687365 5.521318 31.32139 8.923232 22.90606 56.66912 19.72136 -2.027588 42.28801 73.55579 55.98576 29.04131 -5.065128 -44.62557 -9.223927 -5.188841 23.65174 62.95721 53.63235 49.20768 64.09557 53.38724 11.58466 -4.552855 -8.085807 47.5193 47.72501 18.28159 61.85221 62.43064 21.76093 29.0228 51.87243 13.71439 23.341 6.972521 2.575302 31.53054 68.19278 72.18956 80.46468 33.92538 7.760466 41.13198 26.86042 9.587163 26.69132 39.94402 70.10165 71.82671 74.78716 74.42784 -128 -128 -128 -128 -128 -128 -128 -128 -128 -128 -128 -128
60.63401 50.79294 55.42035 69.87528 62.40342 56.19217 63.23964 51.26131 62.56544 75.27401 79.91881 75.48665 41.51071 31.59595 17.01578 10.00536 30.5273 16.01002 37.48289 20.74988 38.3863 59.5717 62.23581 55.56305 47.24162 30.56812 -2.688708 -2.991861 -23.31516 12.3212 20.93928 42.03662 56.27473 25.06322 22.72183 0.7685671 -31.33993 -44.77699 -7.21937 -2.526432 43.80528 58.89953 71.97113 11.70523 21.10815 22.57281 -35.96291 -38.423 7.197429 40.17373 82.12563 66.80203 17.26113 69.99028 63.88017 15.62103 7.426471 -3.541817 9.678507 28.45614 56.15025 21.36264 8.137847 32.55442 45.04346 -128 -128 -128 -128 -128 -128 -128 -128 -128 -128 -128 -128
75.061 80.166 83.48318 76.27505 78.98986 68.19404 70.65716 54.70795 70.58104 80.94292 82.72906 79.98511 68.2065 60.78177 56.11092 55.52575 73.32751 62.88281 59.02687 38.09627 32.2718 58.6888 45.58009 43.21092 32.79218 54.49075 54.13666 67.25319 63.85359 50.31158 46.96221 11.28897 -1.091494 16.41743 6.244254 -40.24541 -57.8378 -49.27213 -40.99369 -49.51994 -50.19711 2.61192 -47.41601 -52.34475 -18.20917 -27.87403 -47.47627 -23.87869 36.2742 78.22594 69.33492 25.65737 15.94264 47.07608 58.47946 7.735377 12.89171 -2.110942 -15.47065 4.686693 0.9820987 2.371345 11.65204 10.05342 20.95606 -128 -128 -128 -128 -128 -128 -128 -128 -128 -128 -128 -128
86.73298 82.31888 67.6851 84.32289 83.93771 76.01648 78.32408 75.1679 82.51366 83.0036 84.1825 73.4514 73.77072 71.22029 79.56287 82.13055 81.19453 74.40385 73.54629 65.51711 54.8036 57.83413 47.04932 48.5081 60.27706 76.75183 82.20221 67.83704 29.59569 27.76029 35.21307 30.67886 50.44314 46.6086 36.04556 10.34054 -29.57722 7.199957 46.4431 -43.9649 -60.20782 -47.41071 -47.13285 -42.91205 -84.07884 -67.32343 7.576705 57.40174 45.31048 59.08149 42.81792 -2.623863 -17.27334 15.96745 -4.572905 0.0601465 6.654825 37.50213 41.70384 10.52264 15.5787 -8.068 -8.535461 15.32897 5.248741 -128 -128 -128 -128 -128 -128 -128 -128 -128 -128 -128 -128
80.30791 83.11157 85.93267 85.29343 74.15504 70.31063 84.7521 84.84504 84.38996 83.72643 84.5871 80.00449 78.17028 83.25918 80.68145 82.40582 81.08923 69.74743 74.88466 64.37854 50.08995 56.3511 58.33528 57.13396 65.35161 61.19888 54.86574 55.84396 36.09497 12.04702 39.90247 58.26025 54.73674 27.03972 16.46817 5.712582 15.75403 65.99993 21.5124 -35.93775 11.34106 43.27573 49.77457 45.69732 41.0251 7.36517 -40.21894 -4.770807 -21.93388 16.62826 25.81134 -29.37952 -49.228 -82.66449 -48.87809 3.284514 -9.561362 0.4038538 17.71007 52.13575 56.61217 42.17334 34.53581 24.76939 -1.50861 11.13221 -128 -128 -128 -128 -128 -128 -128 -128 -128 -128 -128
83.55584 84.31512 -128 -128 82.91984 82.36547 84.58149 84.46053 84.21313 83.93789 84.41407 84.63032 84.63158 -128 -128 81.98052 73.85874 77.86395 78.49238 75.86021 71.56216 66.43263 54.96017 60.07553 63.02815 65.66988 57.68866 40.99794 38.58233 32.75131 60.60121 53.23059 31.6887 36.6875 40.05968 44.08082 17.63343 70.08727 16.59692 -5.916953 -2.308344 41.5271 49.41404 69.70935 63.56395 37.44175 -18.7487 -61.12322 -36.44262 -3.591594 -21.8518 -56.24783 -87.26846 -85.02305 -3.388494 25.22998 47.90551 36.77931 30.0293 54.98835 9.600315 -4.105206 39.74354 56.20355 19.50998 15.99228 -128 -128 -128 -128 -128 -128 -128 -128 -128 -128 -128
-128 -128 -128 -128 -128 -128 83.57384 83.59993 76.68336 70.65618 70.33733 74.40069 75.97665 76.95633 79.59689 -128 -128 79.05723 78.31232 78.58711 70.11967 54.63284 59.82731 73.6357 73.64615 76.06862 72.66344 74.36265 70.45102 66.8399 66.70374 32.17453 41.66719 36.42641 59.47858 54.97445 20.22422 50.68808 58.61491 41.3712 55.52906 72.08014 69.112 77.54902 47.05607 30.18636 -2.623994 -5.333249 34.88882 38.15406 42.93586 24.31423 11.38877 -17.39083 -27.63877 11.85333 14.71406 25.28274 44.93759 52.6075 51.747 12.29683 4.097165 12.33212 41.11486 51.85354 -128 -128 -128 -128 -128 -128 -128 -128 -128 -128 -128
-128 -128 -128 -128 -128 -128 -128 80.71884 59.98423 65.36505 66.55518 73.62487 66.90816 44.91548 55.85263 67.75893 62.10098 73.36912 78.43738 78.49631 -128 78.51196 71.28584 66.63997 58.51969 55.90461 53.75959 62.60661 72.86841 80.90794 82.85751 76.26118 73.19454 80.53016 82.09618 74.12093 75.63326 78.67228 -128 77.53397 73.43757 75.47131 61.61768 65.87885 70.68198 67.01366 53.96152 43.97854 45.82434 59.27113 23.88985 4.693667 -40.6328 -48.3704 -61.71133 -48.98539 7.255008 6.677839 -17.27794 -1.340356 20.86054 49.18677 65.14893 61.0463 44.00646 51.24311 -128 -128 -128 -128 -128 -128 -128 70.12159 70.8291 72.38647 73.70277
