formato/VCI/bioclim_5.asc
ncols         186
nrows         781
xllcorner     -75.7
yllcorner     -56.55
cellsize      0.05
NODATA_value  -9999
[rows 136 to 169 of 781, columns 77 to 153 of 186]
-128 -128 -128 -128 -128 -128 -128 -128 -128 -128 -128 -128 -128 -128 -128 -128 -128 -128 -128 -128 -128 -128 -128 -128 -128 -128 21.82696 20.25199 17.90473 17.31139 18.95634 20.98941 20.753 24.09944 25.09483 27.26626 29.58144 31.20301 31.30751 31.26717 31.1747 31.45166 31.5346 31.29882 30.33438 28.75845 28.94776 27.9287 26.67552 25.3371 24.48047 23.59568 22.19587 19.56244 18.07078 19.14366 17.84513 17.6524 18.76013 20.85548 21.92664 22.00473 21.31492 19.14263 15.59771 14.30476 15.00509 18.51359 20.39219 20.72002 19.39513 17.05913 16.47767 13.75147 10.54111 5.888698 10.10629
-128 -128 -128 -128 -128 -128 -128 -128 -128 -128 -128 -128 -128 -128 -128 -128 -128 -128 -128 -128 -128 -128 -128 -128 -128 22.80367 21.19725 19.69343 17.6671 16.8704 17.51559 20.19792 19.76448 22.25734 24.20788 25.69881 27.93186 30.282 31.20685 31.18492 31.21226 31.34398 31.4756 31.30143 29.69925 29.6164 29.49087 28.4535 26.93054 25.26505 24.43686 24.42624 22.49047 20.1798 19.5628 18.97317 16.33151 18.75691 20.93382 22.28441 22.24372 21.72805 20.47776 18.78962 16.96392 15.52636 13.75914 16.91471 18.32991 18.74712 16.03811 10.88869 8.228984 13.10935 10.49352 -128 -128
-128 -128 -128 -128 -128 -128 -128 -128 -128 -128 -128 -128 -128 -128 -128 -128 -128 -128 -128 -128 -128 -128 -128 -128 -128 22.83488 20.69188 17.35146 18.24541 18.29445 18.65047 20.317 19.88783 21.13796 20.9821 21.93448 23.65051 28.65219 30.83418 31.11727 31.29445 31.14219 31.25194 31.1947 30.52617 30.33278 29.70827 29.09183 27.58102 26.27173 25.93498 25.10975 22.3796 20.15832 20.39736 18.77145 17.84194 19.9614 21.80354 22.57465 22.19305 21.3573 19.99213 17.83475 15.83703 15.27212 11.88413 14.44824 15.2473 15.85894 15.44995 11.67665 10.7386 -128 -128 -128 -128
-128 -128 -128 -128 -128 -128 -128 -128 -128 -128 -128 -128 -128 -128 -128 -128 -128 -128 -128 -128 -128 -128 -128 -128 -128 22.55535 18.96003 16.4608 17.22817 17.52338 19.69729 21.22789 21.4405 21.78442 21.60229 20.62241 22.56965 27.9743 30.03514 30.86811 31.44258 31.39313 31.36116 31.20395 30.93715 31.06388 30.34468 29.44455 29.22144 28.18344 26.97128 24.75474 20.39634 18.76411 20.24284 18.92565 19.83744 21.13306 22.4631 22.57417 21.82892 20.84669 19.22943 16.8676 13.64555 13.20249 11.36818 11.44689 11.17479 8.873302 10.95836 13.69578 -128 -128 -128 -128 -128
-128 -128 -128 -128 -128 -128 -128 -128 -128 -128 -128 -128 -128 -128 -128 -128 -128 -128 -128 -128 -128 -128 -128 -128 -128 22.13326 18.73173 16.14844 17.42005 16.98032 19.63725 20.13324 20.30779 21.00364 21.69521 20.70982 23.64326 27.66532 29.32421 30.24123 31.194 31.53289 31.23029 31.23825 31.30027 31.35813 31.14126 30.39983 29.48335 28.03773 26.02067 23.94642 20.7275 18.2897 19.82115 20.43932 20.92875 21.92431 22.62722 22.46033 21.62526 20.41185 18.44805 16.09939 12.87408 11.43236 11.04932 10.07704 9.08162 9.736819 -128 -128 -128 -128 -128 -128 -128
-128 -128 -128 -128 -128 -128 -128 -128 -128 -128 -128 -128 -128 -128 -128 -128 -128 -128 -128 -128 -128 -128 -128 -128 -128 22.7742 20.61939 17.76822 17.3563 17.95324 20.32686 19.78249 19.26316 19.75838 19.36563 20.06421 23.93194 26.29205 27.96044 28.36154 29.96216 31.06903 30.8979 30.86499 31.14751 31.2654 30.84218 29.91377 29.18656 27.42112 23.51673 21.4819 20.71564 17.77154 19.63874 20.95121 21.7096 21.90232 22.32842 22.44464 21.37184 19.87358 17.56697 15.58235 13.84586 12.00485 9.268356 8.639079 10.00656 -128 -128 -128 -128 -128 -128 -128 -128
-128 -128 -128 -128 -128 -128 -128 -128 -128 -128 -128 -128 -128 -128 -128 -128 -128 -128 -128 -128 -128 -128 -128 -128 -128 22.96007 17.73466 16.76771 16.31338 16.82387 20.15757 19.81878 19.42035 21.19799 21.65484 23.30151 24.90355 25.53222 26.1571 26.6106 28.52471 30.30374 30.92305 31.0055 30.97958 30.93046 30.57177 29.40493 29.01874 26.81058 22.46291 19.67731 19.67422 16.7364 19.46313 21.18811 22.02539 22.15136 22.50051 22.14272 20.86821 19.08529 16.58264 14.25353 13.28293 11.52344 8.043212 6.958741 8.954937 -128 -128 -128 -128 -128 -128 -128 -128
-128 -128 -128 -128 -128 -128 -128 -128 -128 -128 -128 -128 -128 -128 -128 -128 -128 -128 -128 -128 -128 -128 -128 -128 -128 22.7933 17.04107 16.60462 16.86642 17.51963 19.75209 19.52853 20.86531 22.99827 24.43239 24.79129 25.11483 25.2398 25.95462 26.64427 28.10057 29.4198 30.1284 30.63739 30.57787 30.44562 30.17192 29.50559 28.63724 26.03492 22.46777 19.17967 18.96359 15.97025 18.4279 21.12449 22.48241 22.82341 22.41028 20.96635 19.98968 18.43624 16.34875 13.78023 11.62365 8.320917 5.690012 8.13358 -128 -128 -128 -128 -128 -128 -128 -128 -128
-128 -128 -128 -128 -128 -128 -128 -128 -128 -128 -128 -128 -128 -128 -128 -128 -128 -128 -128 -128 -128 -128 -128 -128 -128 22.83338 18.21475 16.28208 16.89777 18.07309 19.84064 20.20269 22.50475 24.64461 25.16271 25.59023 25.40712 25.8654 26.95098 27.71553 28.35471 29.38131 29.31347 29.58619 29.55361 29.34355 29.7781 29.19722 27.38112 23.54486 21.60631 21.03487 19.19295 15.29014 16.66481 20.78097 23.21194 23.16544 22.43704 20.64471 19.09371 17.61487 15.64606 12.42119 9.473082 4.493321 1.16824 -128 -128 -128 -128 -128 -128 -128 -128 -128 -128
-128 -128 -128 -128 -128 -128 -128 -128 -128 -128 -128 -128 -128 -128 -128 -128 -128 -128 -128 -128 -128 -128 -128 -128 -128 23.23061 19.43826 15.22467 16.18326 18.5789 20.43792 21.73393 23.29227 23.94173 24.64128 25.06943 25.83874 26.17743 27.00365 27.43595 28.02975 28.85006 28.9952 28.70846 27.89374 26.64919 28.4244 28.19539 26.30991 22.71198 22.42644 22.38164 19.78505 15.89439 15.38942 19.9586 22.65627 23.3519 22.64103 20.4384 18.27822 17.16748 15.56482 13.04478 10.26711 7.726684 6.943951 -128 -128 -128 -128 -128 -128 -128 -128 -128 -128
-128 -128 -128 -128 -128 -128 -128 -128 -128 -128 -128 -128 -128 -128 -128 -128 -128 -128 -128 -128 -128 -128 -128 -128 -128 -128 20.47099 15.20292 15.33391 18.76457 20.69666 20.17634 20.77162 22.20304 23.60466 24.35179 25.3069 25.86115 26.05979 26.56549 26.79917 27.2978 27.36996 27.10859 26.12756 25.59303 26.94893 27.24488 25.9089 22.99755 23.38896 22.76371 20.64558 17.69288 15.51326 19.16777 21.82125 22.64911 22.18104 19.94236 17.34271 16.19335 14.81081 13.37265 11.99005 10.08394 6.994186 -128 -128 -128 -128 -128 -128 -128 -128 -128 -128
-128 -128 -128 -128 -128 -128 -128 -128 -128 -128 -128 -128 -128 -128 -128 -128 -128 -128 -128 -128 -128 -128 -128 -128 -128 -128 22.38343 15.89987 16.09037 18.57059 20.03119 20.60246 21.65981 22.47306 23.1716 24.13025 24.59498 25.31332 25.53141 25.61501 25.79586 25.78112 25.85601 25.46818 24.51535 24.05115 25.66103 26.23046 25.73256 24.73263 23.98981 22.67148 20.71718 18.16438 15.7962 18.56975 20.82017 21.62844 20.7526 17.96143 17.00022 15.88238 13.86147 11.19145 12.24765 9.448773 8.224505 10.0332 -128 -128 -128 -128 -128 -128 -128 -128 -128
-128 -128 -128 -128 -128 -128 -128 -128 -128 -128 -128 -128 -128 -128 -128 -128 -128 -128 -128 -128 -128 -128 -128 -128 -128 -128 22.10623 18.43676 17.32973 19.13247 19.8398 19.30629 20.94083 21.35928 21.99548 22.25787 22.6772 24.00766 25.06732 24.51752 24.3891 24.62915 24.54824 24.09757 22.82133 22.43555 24.17632 24.79049 24.8533 24.01261 23.12443 22.30185 20.39561 16.50983 15.90403 18.12394 19.91022 20.63784 19.03573 17.61291 17.36164 16.6035 14.24835 11.87798 14.84219 11.92197 11.56302 10.04064 10.71858 -128 -128 -128 -128 -128 -128 -128 -128
-128 -128 -128 -128 -128 -128 -128 -128 -128 -128 -128 -128 -128 -128 -128 -128 -128 -128 -128 -128 -128 -128 -128 -128 -128 -128 22.36238 22.68285 18.81884 18.95952 18.66895 19.36013 19.13228 19.97876 21.52129 21.9254 23.02568 24.37521 24.99304 24.58127 23.83639 23.31296 23.7227 23.09772 22.07009 21.25314 23.00969 23.88675 23.82232 23.06276 22.02894 20.6721 19.34702 15.13572 16.00973 18.17007 19.25027 18.82743 18.31942 18.13918 18.04906 17.35787 16.23157 15.71062 16.72858 13.11064 10.82305 10.74101 10.24008 -128 -128 -128 -128 -128 -128 -128 -128
-128 -128 -128 -128 -128 -128 -128 -128 -128 -128 -128 -128 -128 -128 -128 -128 -128 -128 -128 -128 -128 -128 -128 -128 -128 -128 -128 22.62322 18.81139 18.4111 19.21909 19.31879 18.39239 19.56049 21.78895 22.94827 24.03174 24.7396 25.10171 24.9021 23.66842 23.23551 23.02449 22.75794 22.02924 21.39925 21.3423 22.63895 22.59619 21.99189 20.95653 19.19887 17.10373 14.21945 16.06603 17.97414 18.29069 18.66247 19.11703 19.14483 18.4376 16.44699 14.11094 16.45015 17.15229 14.75504 10.94392 10.56924 9.528593 9.706474 -128 -128 -128 -128 -128 -128 -128
-128 -128 -128 -128 -128 -128 -128 -128 -128 -128 -128 -128 -128 -128 -128 -128 -128 -128 -128 -128 -128 -128 -128 -128 -128 -128 21.56375 20.8231 17.53571 17.75194 18.27525 19.25441 20.11791 20.53074 21.73036 23.43334 23.91735 24.27071 24.56818 24.78958 23.2487 22.67236 23.28073 22.75608 21.42834 21.35816 21.41196 22.03115 21.54704 20.25442 18.82769 17.62457 14.40969 13.41121 15.77641 17.49008 18.34145 19.15094 19.43635 19.6099 18.92749 15.94232 11.72976 15.05103 16.06008 13.60552 12.84652 12.47951 10.90012 8.423926 -128 -128 -128 -128 -128 -128 -128
-128 -128 -128 -128 -128 -128 -128 -128 -128 -128 -128 -128 -128 -128 -128 -128 -128 -128 -128 -128 -128 -128 -128 -128 -128 -128 21.27837 21.99632 18.94565 18.02428 18.70148 19.5759 20.50336 20.84234 22.41369 23.55101 24.0829 25.04091 25.26431 25.46243 24.94434 23.66105 23.67885 23.37994 22.84514 22.62694 22.26049 21.81701 20.91356 19.46782 17.24282 14.54706 11.6048 13.6643 16.00368 17.26413 18.1833 18.86224 19.23598 19.38641 19.39188 18.95491 17.82534 15.67104 13.85353 13.18303 11.84516 11.44536 11.71858 10.42981 9.62875 -128 -128 -128 -128 -128 -128
-128 -128 -128 -128 -128 -128 -128 -128 -128 -128 -128 -128 -128 -128 -128 -128 -128 -128 -128 -128 -128 -128 -128 -128 -128 -128 -128 22.34111 20.55602 18.73995 19.96106 20.72002 20.43198 20.83842 22.34983 24.08618 25.22233 25.57839 25.32404 25.8252 25.43131 24.13217 24.35294 24.06156 24.12066 23.55683 22.01826 21.7647 20.84505 19.37376 16.98059 12.47764 11.10973 14.05578 15.88822 16.74419 17.46665 18.45182 18.94938 19.65665 19.34354 19.14354 18.46641 16.03871 14.15815 11.3468 8.305297 9.739594 -128 -128 -128 -128 -128 -128 -128 -128 -128
-128 -128 -128 -128 -128 -128 -128 -128 -128 -128 -128 -128 -128 -128 -128 -128 -128 -128 -128 -128 -128 -128 -128 -128 -128 -128 -128 -128 21.15537 18.39919 18.78743 19.77277 21.12539 22.21223 23.24741 23.83455 24.76816 25.19736 24.92379 25.33612 25.21563 24.81682 24.78574 24.66304 24.37004 23.77106 22.2963 22.19375 21.20974 19.64181 17.52388 14.63388 13.02499 14.16946 15.88593 16.40546 17.04382 18.09886 19.12403 20.01731 19.90247 18.25942 17.55232 16.40271 12.81762 9.276667 8.110607 -128 -128 -128 -128 -128 -128 -128 -128 -128 -128
-128 -128 -128 -128 -128 -128 -128 -128 -128 -128 -128 -128 -128 -128 -128 -128 -128 -128 -128 -128 -128 -128 -128 -128 -128 -128 -128 22.16647 20.56425 18.88419 20.80791 21.15459 21.71656 22.72412 23.23057 23.68172 24.67637 23.9721 24.47374 25.02324 25.22489 24.97978 24.62808 24.88749 24.67515 24.36126 23.54191 22.73246 21.46501 19.96723 18.21848 16.1091 14.47576 13.27044 15.53875 16.27059 16.93223 17.8342 18.97718 19.88553 19.794 15.66605 15.11573 15.37035 13.94105 10.60983 9.139438 -128 -128 -128 -128 -128 -128 -128 -128 -128 -128
-128 -128 -128 -128 -128 -128 -128 -128 -128 -128 -128 -128 -128 -128 -128 -128 -128 -128 -128 -128 -128 -128 -128 -128 -128 -128 -128 22.98044 20.2047 20.36069 20.26685 20.79251 20.61782 22.25011 22.9083 23.56717 23.98158 23.49796 23.5689 24.9137 25.64731 25.59012 25.4491 25.46491 25.18728 24.72308 24.03932 22.98656 21.57782 20.08792 18.92218 17.81216 16.23391 14.70174 15.39383 15.48212 15.96988 16.98245 17.00699 18.09597 19.61544 18.52136 17.00142 15.93387 15.01801 11.54799 8.426435 -128 -128 -128 -128 -128 -128 -128 -128 -128 -128
-128 -128 -128 -128 -128 -128 -128 -128 -128 -128 -128 -128 -128 -128 -128 -128 -128 -128 -128 -128 -128 -128 -128 -128 -128 -128 22.43417 23.70029 21.56685 21.13108 21.47338 22.09755 22.58569 23.01782 22.89726 24.28262 24.45954 25.04238 25.29755 25.95466 26.08991 26.09262 26.03992 25.77692 25.46167 24.94143 24.23726 23.32466 22.0023 20.0563 19.54779 18.83953 17.50604 17.20785 15.8424 15.16582 14.04344 14.35806 14.13892 12.59163 17.25175 17.65864 15.37737 15.0518 14.50296 10.83122 8.966004 -128 -128 -128 -128 -128 -128 -128 -128 -128 -128
-128 -128 -128 -128 -128 -128 -128 -128 -128 -128 -128 -128 -128 -128 -128 -128 -128 -128 -128 -128 -128 -128 -128 -128 -128 -128 22.60213 22.48858 21.3333 20.94855 21.53158 23.46308 24.01468 24.64738 25.26714 25.68159 25.73049 25.35765 25.58191 26.16607 26.43404 26.4045 26.36897 26.01801 25.2962 24.81881 24.08138 23.41716 22.34988 20.78123 20.3381 19.6215 18.57167 17.24835 16.40141 14.36789 12.91209 14.45767 14.66016 15.99534 17.97903 17.57771 15.39714 15.77631 11.83672 8.394693 -128 -128 -128 -128 -128 -128 -128 -128 -128 -128 -128
-128 -128 -128 -128 -128 -128 -128 -128 -128 -128 -128 -128 -128 -128 -128 -128 -128 -128 -128 -128 -128 -128 -128 -128 -128 22.29771 22.66217 21.7539 22.44298 22.11822 23.29242 23.1496 23.43753 23.79218 24.49087 24.6641 24.49035 24.07118 24.88086 25.49037 25.95427 26.66229 26.58801 26.17938 25.04261 23.91624 22.95777 22.33765 22.1125 21.2927 19.8832 19.09615 18.32977 17.18547 15.24116 13.40875 11.04905 13.04643 15.53267 15.97561 17.97399 17.16352 13.67666 13.69769 13.22059 10.98246 -128 -128 -128 -128 -128 -128 -128 -128 -128 -128 -128
-128 -128 -128 -128 -128 -128 -128 -128 -128 -128 -128 -128 -128 -128 -128 -128 -128 -128 -128 -128 -128 -128 -128 19.2629 20.13627 21.16134 21.56584 22.29922 22.58057 23.06235 23.09555 23.68797 24.25336 24.56714 24.56526 24.79313 25.34001 25.54111 25.22701 25.13365 25.2755 26.26072 25.97227 25.67457 24.94756 24.06683 22.72112 22.29494 21.53207 20.49879 19.5872 18.52808 17.58968 16.33096 15.12375 13.576 12.43456 12.56047 15.29906 16.95477 17.76567 15.88114 13.12019 12.55364 13.04905 11.9057 12.6406 -128 -128 -128 -128 -128 -128 -128 -128 -128 -128
-128 -128 -128 -128 -128 -128 -128 -128 -128 -128 -128 -128 -128 -128 -128 -128 -128 -128 -128 -128 -128 -128 -128 -128 20.02695 20.02413 21.83186 22.56933 22.44971 23.31521 23.1491 23.94641 24.41686 24.81147 25.29485 25.64799 25.36349 24.67302 24.49265 25.225 25.15487 24.97063 24.99081 24.86729 24.47954 23.81065 22.90693 21.7068 20.50776 19.81207 19.22162 18.02671 16.43917 15.03132 13.28108 11.93091 13.14094 15.42734 15.71583 17.29425 18.1187 16.02222 13.29306 13.96382 13.40401 12.36395 11.61578 -128 -128 -128 -128 -128 -128 -128 -128 -128 -128
-128 -128 -128 -128 -128 -128 -128 -128 -128 -128 -128 -128 -128 -128 -128 -128 -128 -128 -128 -128 -128 -128 -128 19.30541 20.00043 20.3827 22.41624 22.54188 22.63029 23.51147 23.70111 23.09791 23.43811 24.36033 24.70028 25.10317 25.19552 24.87834 24.40262 24.54774 24.89183 24.5924 25.12304 24.26372 23.8169 23.52824 22.61209 21.28662 19.57103 19.27806 19.41833 18.4395 16.46393 14.86488 12.56334 11.24775 12.68446 15.88969 17.16778 17.48478 15.06142 12.93013 13.29536 14.80585 14.42488 11.95213 10.63832 -128 -128 -128 -128 -128 -128 -128 -128 -128 -128
-128 -128 -128 -128 -128 -128 -128 -128 -128 -128 -128 -128 -128 -128 -128 -128 -128 -128 -128 -128 -128 -128 -128 18.05 19.30526 21.25876 21.73021 21.69299 22.14629 23.24536 23.80392 23.54296 24.38743 24.82105 24.82121 24.79057 25.0449 24.78741 24.79289 24.96775 25.27828 25.21345 25.01739 24.51763 23.58573 22.89763 22.15553 20.32034 19.22241 19.75125 19.70344 18.46367 16.80733 15.75032 13.40253 11.25809 11.41516 14.10136 16.37685 15.91182 13.85388 12.41279 13.33276 15.45704 15.54452 15.43247 11.18601 10.98463 -128 -128 -128 -128 -128 -128 -128 -128 -128
-128 -128 -128 -128 -128 -128 -128 -128 -128 -128 -128 -128 -128 -128 -128 -128 -128 -128 -128 -128 -128 -128 -128 17.50843 17.48412 19.67221 21.92551 22.26073 22.62836 23.68087 24.35787 24.06387 24.43136 24.9112 25.15924 25.35547 25.01254 24.42175 25.04649 25.3528 25.50159 25.3934 24.39617 23.63546 22.48083 22.10933 22.18725 21.45559 20.37667 20.5139 19.9633 19.06465 17.19823 15.18307 13.05341 11.2951 11.37271 12.37274 14.50197 16.39321 16.50222 12.11308 12.16745 14.31408 15.43976 15.3385 13.03804 10.8558 -128 -128 -128 -128 -128 -128 -128 -128 -128
-128 -128 -128 -128 -128 -128 -128 -128 -128 -128 -128 -128 -128 -128 -128 -128 -128 -128 -128 -128 -128 -128 17.63183 17.27231 16.80805 18.60724 21.70628 22.31903 22.84654 24.12671 25.19725 25.01853 25.03545 25.2518 25.57325 25.84385 25.87343 25.57828 25.32341 24.76925 24.73271 24.6525 24.55045 23.71151 22.53405 22.58676 22.80013 22.26626 21.33575 20.37269 19.52065 18.38461 17.12494 14.76046 11.45904 11.09357 12.20691 12.96805 16.75086 19.29182 17.64267 13.03426 12.53269 13.39954 15.21533 14.22152 15.31094 14.91675 -128 -128 -128 -128 -128 -128 -128 -128 -128
-128 -128 -128 -128 -128 -128 -128 -128 -128 -128 -128 -128 -128 -128 -128 -128 -128 -128 -128 -128 -128 -128 17.37698 17.10915 17.56554 18.79869 20.73617 22.03394 23.77897 24.64349 24.99486 24.99151 24.74172 24.59374 23.92668 25.38677 25.28962 25.47597 25.04124 24.59941 23.6317 24.30571 25.03458 24.41596 24.01701 23.45046 22.68666 21.68983 20.92067 19.66035 17.72581 15.78528 14.83133 13.65781 11.17512 11.06361 12.29655 13.62832 18.46974 19.13754 17.09777 13.45374 13.01602 15.88632 15.46764 13.69542 16.01916 15.98108 14.93553 -128 -128 -128 -128 -128 -128 -128 -128
-128 -128 -128 -128 -128 -128 -128 -128 -128 -128 -128 -128 -128 -128 -128 -128 -128 -128 -128 -128 -128 -128 17.81426 17.41675 17.4031 18.15764 20.71942 22.79122 23.81119 24.77599 25.34089 25.707 25.71221 25.42303 25.0157 25.89555 26.52424 26.74663 25.46006 25.20436 25.38982 25.35848 25.1814 24.70019 23.88587 23.01777 21.99701 20.63134 20.10407 18.7811 16.90184 14.94379 14.71819 13.94101 12.41835 11.07893 11.49166 13.64006 16.54211 15.84697 15.8929 14.03717 12.97484 13.82184 12.86204 13.32307 15.73323 15.38899 13.57161 -128 -128 -128 -128 -128 -128 -128 -128
-128 -128 -128 -128 -128 -128 -128 -128 -128 -128 -128 -128 -128 -128 -128 -128 -128 -128 -128 -128 -128 -128 -128 18.73686 18.47504 19.03133 21.20086 22.337 23.11661 24.29242 24.90218 25.33751 25.22584 26.01004 26.43717 26.42602 27.29328 27.58476 26.62073 26.07788 26.30484 25.71358 25.26698 24.70905 23.96411 22.90934 21.67999 20.25116 19.90296 19.10723 18.0989 16.97144 15.44183 13.58288 12.5821 11.06786 14.94887 14.06501 12.45533 14.24501 13.42664 13.89984 13.94542 14.12497 12.45548 12.54619 14.41346 14.57867 12.82013 -128 -128 -128 -128 -128 -128 -128 -128
-128 -128 -128 -128 -128 -128 -128 -128 -128 -128 -128 -128 -128 -128 -128 -128 -128 -128 -128 -128 -128 -128 -128 -128 18.73002 18.59587 20.5234 21.93918 23.04036 24.80496 25.69825 26.44151 26.24911 26.54352 26.80882 27.28554 28.10227 28.0772 27.67801 27.00387 26.24868 25.68842 25.09467 24.55746 23.67189 22.79199 21.96882 20.51454 19.10736 17.47694 15.74158 15.2492 15.3574 14.04034 12.96902 14.42762 15.20487 12.55079 10.20691 12.34795 13.64184 14.59783 15.49271 15.69562 13.32112 11.57186 13.94073 14.42715 13.58843 -128 -128 -128 -128 -128 -128 -128 -128
