formato/VCI/bioclim_8.asc
ncols         186
nrows         781
xllcorner     -75.7
yllcorner     -56.55
cellsize      0.05
NODATA_value  -9999
[rows 544 to 577 of 781, columns 0 to 76 of 186]
-128 -128 -128 -128 -128 -128 -128 -128 -128 -128 -128 -128 -128 -128 -128 -128 -128 -128 -128 -128 -128 -128 13.19245 13.06037 12.55213 12.83123 12.86943 12.15769 12.17838 12.1915 12.23304 12.23509 12.06594 12.60009 12.91751 12.93695 12.77244 13.02991 13.05298 12.63911 12.80613 13.12307 13.54322 13.68688 13.74168 13.39663 12.35266 12.45418 11.87321 11.24523 12.24906 11.41341 10.43509 10.69494 11.1986 11.09832 12.38127 13.21231 -128 13.41072 13.01999 11.35394 11.83237 10.49673 10.91745 9.530122 10.12933 10.31367 10.48271 11.51538 11.93775 11.88677 10.94193 10.5286 10.6326 10.47449 9.715248
-128 -128 -128 -128 -128 -128 -128 -128 -128 -128 13.48588 13.31007 13.49734 -128 -128 -128 -128 -128 -128 -128 -128 -128 -128 13.18105 12.24447 11.95808 12.86946 12.64437 12.16029 12.20308 12.37547 12.60995 12.76386 12.75814 12.62544 12.96066 12.57954 12.74678 13.06428 12.51976 12.19325 12.54323 13.52531 13.71376 -128 13.71075 12.82294 12.70392 12.89434 11.91337 12.497 11.81335 11.53046 11.14748 11.67759 12.63021 13.18681 13.14391 12.282 11.78887 13.02627 12.43024 11.17124 10.14556 9.88987 9.617929 9.241867 9.564689 9.486723 11.42476 10.51756 10.33506 9.569244 9.462115 9.465753 9.250822 9.402421
-128 -128 -128 -128 -128 -128 -128 -128 -128 13.50719 13.09187 12.81794 13.21423 13.45483 -128 -128 -128 -128 -128 -128 -128 -128 -128 -128 13.02754 12.21592 11.89394 12.75635 12.9244 12.89847 12.70822 12.44701 11.89787 11.98295 12.2514 12.7562 12.0549 12.17904 12.98359 12.96385 12.46626 12.81849 13.61647 -128 -128 13.67394 13.10312 12.26344 11.75834 12.01824 11.93944 11.6625 10.54737 11.2232 12.7916 13.06783 12.74399 11.10286 9.852695 11.13688 12.38959 11.17053 10.07854 10.00057 10.3831 10.37318 9.736908 10.33654 9.793739 11.5933 9.928423 9.386254 9.407289 9.755325 -128 9.497717 9.302916
-128 -128 -128 -128 -128 -128 -128 -128 -128 -128 13.37075 12.80942 13.01622 13.4212 -128 -128 -128 -128 -128 -128 -128 -128 -128 -128 13.20554 13.09288 12.96654 12.91565 12.83225 12.83206 12.00049 11.90383 12.69184 12.6569 12.89453 12.94963 12.77271 12.37715 12.7265 13.17553 13.34254 13.54016 -128 -128 -128 -128 13.49397 12.755 11.12693 11.03458 10.83099 10.87479 11.63062 12.62289 12.76215 12.05384 10.3489 9.78661 10.56033 10.55939 11.63289 11.2699 11.02267 11.41412 10.61953 9.623534 9.808846 10.87713 9.503969 10.51104 10.55259 9.849246 9.047637 9.006722 9.246719 -128 -128
-128 -128 -128 -128 -128 -128 -128 -128 -128 -128 13.41209 13.16216 13.33316 13.40033 -128 -128 -128 -128 -128 -128 13.288 13.26477 -128 -128 13.20126 12.33861 12.34434 12.77325 12.65478 12.37863 11.57574 11.06472 11.95314 11.57516 11.53224 12.4597 12.63107 11.80797 12.06822 13.21756 13.40286 13.55313 -128 13.70618 13.68838 13.57273 -128 13.25536 12.89063 12.1199 12.164 12.52634 12.28747 10.60952 12.07442 10.92314 9.78364 9.829288 9.144576 10.35559 9.389125 10.38291 10.87417 11.99869 12.39429 11.81001 9.735559 11.22251 9.752992 10.20708 11.43861 10.50242 9.405831 9.146457 8.632236 8.71325 9.546813
-128 -128 -128 -128 -128 -128 -128 -128 -128 -128 -128 -128 -128 -128 -128 -128 -128 -128 -128 -128 -128 13.22899 13.26284 -128 -128 13.1168 12.85019 12.54995 11.90638 11.14807 11.57389 11.55005 11.9144 12.44435 12.14836 12.57567 12.83334 12.93914 12.94514 13.08602 13.31268 13.56174 13.63294 13.70361 13.60107 13.49187 13.0478 11.80132 11.20486 11.46306 11.63965 11.7875 9.690267 10.21043 12.08472 10.62241 9.855074 9.514302 8.721694 9.427689 10.04281 9.155339 9.808234 10.32101 11.83909 11.3205 11.15629 11.52738 11.64445 12.03556 12.38031 12.40213 11.26766 9.995598 9.556778 10.11586 9.7928
-128 -128 -128 -128 -128 -128 -128 -128 -128 -128 -128 -128 -128 -128 -128 -128 -128 -128 -128 -128 -128 -128 -128 -128 13.18608 13.11885 12.96739 12.31343 12.1822 12.4738 12.64783 12.3068 12.46881 12.46896 12.30997 12.14065 11.51658 12.30031 12.84013 13.11979 13.22988 13.56702 13.61727 13.63092 13.52505 13.38914 12.61064 10.90492 10.64307 10.56137 11.3239 10.49322 9.457307 10.3785 10.51553 10.15346 9.826649 8.84856 8.915092 8.771178 9.829001 10.28878 10.68631 11.55381 11.68932 9.746194 9.488944 9.753332 9.398211 9.909493 12.01535 11.81414 10.60226 10.08133 10.93945 11.16691 10.80436
-128 -128 -128 -128 -128 -128 -128 -128 -128 -128 -128 -128 -128 -128 -128 -128 -128 -128 -128 -128 -128 -128 -128 -128 -128 13.04954 12.71222 12.61915 12.74851 12.36663 11.98233 11.77502 11.53398 11.40568 11.57001 11.64961 11.67352 12.19056 12.37246 12.99991 13.39846 -128 13.60804 13.65607 13.52894 13.21925 13.06052 11.73176 11.72072 9.783631 9.365551 9.253061 9.798577 9.560645 8.851649 10.50473 10.02521 9.380833 9.146628 8.819268 8.658145 8.916556 9.211469 11.04212 9.459515 9.77371 10.30666 9.73092 10.19816 10.20016 11.54901 11.76488 11.13271 9.471482 9.459827 9.701797 10.5749
-128 -128 -128 -128 -128 -128 -128 -128 -128 -128 -128 -128 -128 -128 -128 -128 -128 -128 -128 -128 -128 -128 -128 -128 -128 12.95553 12.25052 12.68995 11.94974 12.13414 11.55059 12.05262 11.83051 12.17283 11.46596 11.26363 11.13275 11.31025 11.53519 12.31924 13.32817 13.5729 13.61365 13.6711 13.59872 12.85521 11.83217 12.84782 10.87876 9.701358 7.935488 7.999098 9.435704 10.44141 10.65615 10.72892 10.19759 9.983717 8.898956 9.019864 9.290957 10.51727 10.68534 9.213459 9.717477 9.360303 8.857649 9.912268 10.45096 11.02688 11.4996 12.32794 10.95734 10.31326 9.732244 9.93505 10.80964
-128 -128 -128 -128 -128 -128 -128 -128 -128 -128 -128 -128 -128 -128 -128 -128 -128 -128 -128 -128 -128 -128 13.13973 12.58573 13.03165 12.98611 12.58265 12.55446 12.71717 12.72087 12.34029 12.66929 12.70373 11.78888 11.5213 11.40839 11.31298 11.90388 11.81844 12.66028 13.31328 13.55062 13.60062 13.59143 13.57228 13.46101 13.1075 12.95814 12.44675 11.0722 9.821079 7.708553 9.103966 9.907216 10.59491 10.34629 9.776979 9.349076 9.563965 9.253799 9.335739 10.9398 10.03566 9.023304 9.037016 9.14362 10.27381 9.681722 9.024086 9.812456 12.06976 12.42285 11.38622 11.6107 11.84001 11.94935 12.14813
-128 -128 -128 -128 -128 -128 -128 -128 -128 -128 -128 -128 -128 -128 -128 -128 -128 -128 -128 -128 13.16592 13.16009 13.08713 12.73047 12.95383 12.90649 11.57892 12.0698 12.44424 12.41796 12.80609 12.74298 12.10258 12.25287 11.88045 11.59388 12.08739 12.3504 12.51393 13.01409 13.28752 13.51211 13.58457 13.56052 12.89836 12.98023 11.12301 11.31981 12.65042 12.20437 10.52653 9.40302 9.214382 10.03146 10.33704 9.655852 10.31275 10.56986 9.647512 9.712399 9.836576 11.34454 8.997606 9.661019 9.096736 9.361629 9.384516 10.5214 11.26454 11.68721 10.39193 10.01858 10.27305 10.59427 10.88345 10.72813 10.70082
-128 -128 -128 -128 -128 -128 -128 -128 -128 -128 -128 -128 -128 -128 -128 -128 -128 -128 -128 -128 13.14884 13.07444 13.06261 13.04082 12.92509 12.7301 12.09241 11.5278 12.45854 12.17486 12.78696 12.43222 11.08128 11.42515 11.88423 11.88193 11.73381 11.86857 12.62922 13.00962 13.27807 13.43492 13.35442 12.4594 13.38315 13.26833 12.24432 11.75648 12.9059 12.96747 12.58759 11.45392 10.30888 10.71736 9.163516 9.219427 9.632978 10.326 11.53244 10.7247 11.21413 10.77608 9.301331 10.3498 9.441627 9.314242 10.10962 10.95945 11.17076 11.92144 11.18859 11.61254 10.4946 9.096822 9.090818 9.605153 9.966972
-128 -128 -128 -128 -128 -128 -128 -128 -128 -128 -128 -128 -128 -128 -128 -128 -128 -128 -128 -128 -128 13.06993 12.99577 12.75492 11.26831 11.07465 11.57672 11.97413 12.51508 11.87788 12.70795 12.9255 12.51779 12.19304 11.75072 11.65754 12.07906 11.46949 12.71392 13.10526 13.28455 -128 13.18197 12.73711 13.17105 13.3764 13.02689 13.12557 12.54587 11.70266 11.38187 13.10992 12.30937 11.72357 10.62099 10.14509 9.519434 10.11783 9.662569 12.08636 12.37217 12.44332 10.27027 10.87889 10.85619 12.23438 11.35187 10.04301 9.115753 10.05089 9.08585 10.30043 11.96946 11.26538 9.691038 9.59301 10.44049
-128 -128 -128 -128 -128 -128 -128 -128 -128 -128 -128 -128 -128 -128 -128 -128 -128 -128 -128 -128 -128 -128 -128 -128 12.68355 12.16801 11.5951 11.44647 12.34749 12.72748 12.19123 12.86739 12.81404 12.17133 12.36963 12.23069 12.55919 12.57834 12.92428 13.10059 -128 -128 13.46546 13.40471 13.44558 -128 13.12733 12.93992 11.23321 10.484 10.68071 12.92189 13.42939 12.36593 10.18331 9.557664 10.86026 11.68742 11.7179 12.33413 13.85046 13.92981 13.57043 12.20796 13.26716 11.52149 10.26395 9.902601 9.291576 9.072021 9.301475 9.268805 10.69875 11.80447 11.52838 10.97914 10.26808
-128 -128 -128 -128 -128 -128 -128 -128 -128 -128 -128 -128 -128 -128 -128 -128 -128 -128 -128 -128 -128 -128 -128 12.97191 12.67816 12.69264 12.49748 12.37911 12.74612 12.90823 12.94242 12.9334 12.92813 12.70297 12.47225 12.21729 12.3456 12.63961 12.8962 13.00396 13.16296 13.31042 13.41903 13.4827 13.36214 12.15277 12.48093 11.29395 11.38035 10.69154 10.68542 11.65039 12.52314 13.04796 13.45204 13.23105 13.42534 13.73054 13.61461 13.55612 12.4506 12.53019 12.96866 12.74645 13.45138 13.05351 11.0406 9.886992 9.743858 10.99111 9.945545 9.74948 10.82402 11.34687 10.49529 9.362455 9.142304
-128 -128 -128 -128 -128 -128 -128 -128 -128 -128 -128 -128 -128 -128 -128 -128 -128 -128 -128 -128 -128 13.05388 -128 12.58727 11.43611 12.12588 11.80756 11.92769 12.61338 12.89928 12.97155 13.00169 12.66224 11.66595 11.92483 12.33382 12.57618 12.24691 12.77302 12.86199 12.52386 12.66565 12.82608 13.31949 12.27554 11.23356 11.97303 10.8162 10.43752 10.04082 11.2593 12.3693 11.21734 11.83416 12.73347 12.72425 13.08753 13.00591 12.07076 12.86215 12.54319 13.42074 12.27623 11.31748 11.70889 12.37663 11.43876 11.6752 11.8284 11.64127 10.89836 11.06645 11.62655 11.50474 11.21893 10.14319 10.28789
-128 -128 -128 -128 -128 -128 -128 -128 -128 -128 -128 -128 -128 -128 -128 -128 -128 13.14021 -128 -128 13.04079 -128 -128 12.48901 12.15728 11.28045 11.14899 11.65181 11.75454 12.61771 12.92041 12.87575 12.36806 12.29834 12.47166 12.39685 12.36084 12.0191 12.71788 11.85039 11.28202 12.41615 12.86755 13.14305 11.32508 11.15844 11.07078 10.63186 9.954576 10.57039 12.49774 11.93483 11.01018 11.22684 12.09933 10.56627 11.32601 10.69094 10.99262 12.92644 13.46985 12.55481 12.64156 11.17181 10.08807 10.8022 10.94783 9.939013 9.737236 10.20963 11.34111 12.97314 12.5503 11.01225 11.19884 11.89879 11.80264
-128 -128 -128 -128 -128 -128 -128 -128 -128 -128 -128 -128 -128 -128 -128 -128 13.12566 13.07803 13.05857 13.02359 12.98679 -128 12.86162 12.39612 12.22028 11.37617 10.94647 11.52097 11.88521 12.391 12.91116 12.74293 12.56204 11.63193 11.42595 12.16067 12.58467 12.70822 12.63191 12.19472 11.61468 12.25408 12.72405 12.94935 10.56357 10.34314 10.78568 11.14775 11.46328 12.51812 11.46717 10.61929 10.99597 9.722973 11.74497 9.73108 9.149167 9.480498 12.00393 11.21679 11.19027 12.05638 11.85907 12.39992 12.01883 10.43852 9.524065 9.460474 10.00087 10.75172 11.5493 12.56239 13.00635 12.58286 12.16446 11.44106 10.96278
-128 -128 -128 -128 -128 -128 -128 -128 -128 -128 -128 -128 -128 -128 -128 13.07454 13.00539 12.52494 12.8014 12.9295 12.91343 12.00087 11.72925 12.16039 12.20878 11.92471 11.34225 10.95261 11.14855 11.80277 12.81569 12.9265 12.5303 10.88156 11.05439 11.4047 12.22943 12.69595 12.50691 11.54515 12.03925 12.42994 12.86471 12.50004 10.76071 10.09208 11.73589 12.75723 12.78346 11.71274 11.05521 11.30897 10.8779 10.83073 11.42889 8.916921 10.11709 11.90397 10.72608 9.545324 10.10343 11.81145 12.0165 12.7867 12.55811 10.44885 9.772636 9.814064 9.330996 10.26299 12.09241 13.13961 11.47423 9.738064 10.10028 11.02164 11.27453
-128 -128 -128 -128 -128 -128 -128 -128 -128 -128 -128 -128 -128 -128 -128 13.02699 12.92623 12.52936 11.98141 12.66521 12.20972 10.94651 11.56402 12.31898 12.07925 11.8936 11.5951 12.01432 11.46167 12.33812 12.84328 12.85693 12.69854 11.44998 10.64662 10.99657 12.65263 12.65065 12.44041 11.57652 10.84301 11.58034 12.88348 12.18793 10.71559 11.1455 12.93682 12.90776 12.74776 13.1236 12.81404 11.49233 10.96492 11.08152 10.64704 10.71546 11.66818 11.53247 10.38297 10.36971 10.27033 11.35874 11.29043 10.59574 11.5798 11.24599 10.90114 11.60596 11.6111 12.14812 12.83086 12.99791 12.63839 11.75415 11.83344 11.48209 11.16959
-128 -128 -128 -128 -128 -128 -128 -128 -128 -128 -128 -128 -128 -128 -128 -128 12.94141 12.90809 12.84961 12.71278 12.01523 11.23252 11.68682 12.22638 12.08632 11.3894 11.39588 11.94598 12.15821 12.28304 12.67165 12.78561 12.78663 12.55719 12.24424 12.46518 12.68739 12.6462 12.39094 12.39844 12.13806 11.04168 12.80154 11.6705 11.62926 12.65814 11.73502 11.18643 10.42309 11.51512 11.74487 9.335375 10.35521 11.74757 11.3596 9.903056 9.678456 9.321764 8.799279 8.492979 8.688293 9.403881 11.73814 10.2564 8.741403 8.877843 9.574181 10.70798 11.8009 11.96365 12.76642 12.9556 12.71387 12.23114 11.78711 11.30955 11.02875
-128 -128 -128 -128 -128 -128 -128 -128 -128 -128 -128 -128 -128 -128 12.89323 -128 12.86095 12.8311 12.80105 12.75992 12.6661 12.44742 12.25653 11.23383 11.6485 11.71672 11.901 12.28981 11.47574 12.04845 11.7525 12.47065 12.56521 12.33075 11.73281 12.53758 12.55612 12.35583 12.54988 12.38625 12.81472 12.9381 12.94735 12.8552 12.67501 12.29279 11.08547 10.64465 9.704442 9.59176 10.2893 9.408827 11.61399 11.25265 9.063619 8.344565 8.172342 8.273911 8.944369 8.396595 8.841827 10.85738 10.5832 10.39906 11.10456 10.84872 10.57211 10.65119 11.52093 11.90453 12.38913 12.47283 12.08423 12.24456 11.84883 11.91043 11.33689
-128 -128 -128 -128 -128 -128 -128 -128 -128 -128 -128 -128 -128 -128 12.80372 -128 -128 12.72371 12.20887 11.68929 12.22919 12.1668 12.27591 12.04649 12.28024 12.21039 11.03836 12.03869 12.34236 11.78503 11.71661 12.07655 12.39439 12.39902 11.53929 12.58227 12.65853 12.47344 12.50684 12.12969 12.6899 13.02402 13.07813 12.58314 11.10788 10.71263 10.3011 9.495706 8.406606 8.820233 11.07853 12.05174 11.58728 10.92991 9.949135 9.14426 9.109652 9.171436 8.095647 9.877856 10.13473 9.712893 9.875843 9.272496 9.939231 10.56601 9.441376 8.39679 9.231789 9.270846 9.056654 10.13391 11.61139 10.87016 11.98761 12.11088 12.07619
-128 -128 -128 -128 -128 -128 -128 -128 -128 -128 -128 -128 12.49747 11.88939 12.41051 12.33049 12.37959 12.29817 11.58151 10.7139 11.93943 10.65091 11.22716 11.22619 12.33245 11.58922 11.35153 10.52604 11.61412 10.58941 10.95441 11.60437 12.234 12.57706 11.66729 12.77085 12.52143 12.43744 12.43325 12.37977 12.51943 13.00072 12.95766 12.503 12.54617 12.34284 11.93682 11.42451 11.66507 11.78724 11.10132 9.249008 9.532007 8.251332 7.08506 6.815113 8.247458 9.154968 9.857519 10.10192 9.426597 8.387448 7.552602 8.50077 7.830944 7.802465 9.350183 10.01411 9.373465 7.83017 8.265483 8.689713 11.06083 10.32148 10.61548 11.33907 11.36396
-128 -128 -128 -128 -128 -128 -128 -128 -128 -128 -128 -128 12.27739 11.08488 11.32308 11.38889 11.62131 11.34525 10.91629 11.08282 11.19622 10.34315 10.03453 10.46548 11.80135 12.15118 11.21264 10.52095 10.47827 10.54854 10.47922 11.36938 11.50137 12.19403 12.65076 12.7027 12.10682 12.34286 12.54678 12.49207 12.6722 12.94191 12.37048 10.89907 10.42382 10.19338 11.50143 11.83117 11.36276 10.37739 9.239394 8.942222 8.857347 6.558408 6.709479 5.889857 6.954488 7.474839 6.89575 7.568042 7.229278 8.352007 7.318808 8.369219 8.824315 9.318462 9.459458 10.2218 9.990586 10.45084 10.4006 10.36101 8.834764 9.324567 9.716818 9.092194 10.20794
-128 -128 -128 -128 -128 -128 -128 -128 -128 -128 -128 -128 12.62411 11.94955 11.91918 11.09431 10.68397 10.49399 10.48353 11.43235 11.2629 9.285042 8.788626 8.982513 10.32026 11.92112 11.1572 10.73843 10.11605 9.786094 10.13492 10.08475 10.9644 12.21133 12.67367 12.74656 12.134 12.32109 11.67568 10.80056 12.06232 12.69473 11.33583 11.13106 10.28743 10.0459 11.82595 9.830031 9.703596 11.01485 11.55321 11.23143 9.667481 8.307008 6.71225 7.155336 8.394555 9.154457 8.108098 6.534717 8.055701 7.086978 7.941904 6.090524 6.835026 7.465503 8.015014 7.802083 8.843946 9.019016 7.877157 8.865285 8.222787 9.018857 9.591912 9.138696 8.797383
-128 -128 -128 -128 -128 -128 -128 -128 -128 -128 -128 -128 12.60418 12.46106 11.92277 11.1153 11.50499 11.33605 10.97899 12.11218 11.46421 10.73514 10.34747 9.760959 10.73988 11.79953 10.35397 10.03175 11.09471 10.94683 11.16251 11.27554 11.86164 12.28711 12.58236 12.71635 11.26185 11.36002 12.37726 12.00728 12.0414 12.44681 10.87518 10.35277 9.588196 11.14604 12.46333 11.96656 11.97522 11.34824 9.309993 10.4581 10.55926 8.370151 6.917212 6.640057 6.889643 7.012267 8.244904 9.343117 8.87539 9.9497 8.244281 7.692543 6.720673 7.105292 6.861385 6.774772 7.065908 7.554076 6.401958 7.458924 7.995269 8.242698 8.834015 7.988845 7.396512
-128 -128 -128 -128 -128 -128 -128 -128 -128 -128 -128 -128 12.58264 11.77448 10.47411 10.29785 10.56442 12.14358 12.29529 11.55196 10.96422 10.24483 11.43585 10.73168 9.268139 10.23282 10.00501 9.70889 9.561938 9.932099 10.16592 9.875953 11.00905 11.82294 11.95975 12.45197 10.8323 10.733 11.17086 10.58965 11.77493 12.33931 10.48481 9.111583 10.38716 12.12566 10.45947 9.430549 10.73136 10.27367 8.989038 7.930153 9.468992 9.455955 7.893736 6.930754 8.109654 8.450078 8.383319 7.663222 7.843122 9.770112 10.17829 8.569988 8.656299 7.422149 6.230961 7.443484 7.254333 8.091623 8.79557 8.442822 7.948107 7.989333 7.451137 7.849509 7.126609
-128 -128 -128 -128 -128 -128 -128 -128 -128 -128 -128 -128 -128 12.49057 12.22664 12.12614 12.10934 12.37688 11.97588 10.20346 10.39763 10.10428 10.93002 11.12068 10.14196 10.31878 10.05172 11.00926 10.74655 10.56812 11.22354 11.26677 12.15869 11.82532 12.50896 12.2906 12.32695 11.34082 11.52431 11.26971 11.80483 12.15248 10.39657 10.48122 12.15005 10.48838 9.011006 7.92559 9.357459 8.780963 7.42693 6.289661 6.422605 8.972824 9.75452 9.681811 9.007474 8.020858 7.144884 8.242898 8.03085 8.651546 10.35962 10.04583 10.76809 11.24256 10.87487 10.30494 11.86024 12.42763 12.57331 12.55278 11.36375 9.53871 6.879872 6.801595 6.678623
-128 -128 -128 -128 -128 -128 -128 -128 -128 -128 -128 -128 -128 12.52384 12.50548 12.48531 12.22454 11.59151 12.20287 11.69564 11.40543 11.2166 11.13826 11.25205 11.69801 11.70832 9.604213 9.777176 10.27845 9.874958 10.43225 10.47404 12.01268 12.48921 12.58151 10.56565 10.57531 12.21759 11.15104 10.86405 12.38063 11.22975 9.805289 11.88414 10.48994 10.15662 10.15966 9.692837 8.271001 7.236198 6.754378 8.081373 7.055265 7.582086 7.948123 9.139309 10.15578 10.66441 8.82395 9.783065 9.630858 9.208122 7.515356 8.728531 8.940067 10.15982 11.74619 11.74767 11.48301 11.69865 12.14513 12.29833 12.77277 11.51405 9.734905 7.041453 6.406322
-128 -128 -128 -128 -128 -128 -128 -128 -128 -128 -128 -128 12.49928 11.80948 11.94656 12.25643 10.89529 10.92745 10.87828 11.51912 10.42242 10.26789 10.50459 10.63908 10.83054 11.15067 11.70422 11.1633 10.64319 11.35008 11.48838 11.64636 12.06885 12.69541 12.64736 11.74057 11.58157 10.49174 11.14028 12.17663 12.23635 11.23074 11.64094 11.51363 9.553522 8.892935 8.722631 8.162005 7.936545 9.128339 9.634953 7.962461 7.135145 6.925839 7.276668 6.809984 7.859023 9.977349 9.901748 8.118606 8.022316 8.304582 7.608869 9.215241 8.3963 8.485191 10.63043 11.67558 10.96277 11.41133 11.55154 11.75451 12.62253 13.13836 12.43804 10.08154 8.95857
-128 -128 -128 -128 -128 -128 -128 -128 -128 -128 -128 12.44366 12.2604 11.34429 10.88775 11.25248 11.6404 10.73986 10.30223 10.75485 10.55314 10.28094 10.24613 10.28089 11.59273 10.65029 10.41718 11.41904 10.54343 10.22588 10.05114 10.12899 12.03759 12.74745 12.62613 12.73444 11.13704 10.57559 10.20628 11.87255 12.09222 10.29926 11.88589 10.77984 10.94394 10.35747 9.578858 8.514566 10.79657 10.50639 9.421101 8.641922 8.36185 8.771405 7.831897 8.527623 7.82103 10.29291 9.104849 8.899133 7.938222 7.793431 7.259319 7.426239 8.68304 8.497301 9.568568 8.911643 9.115406 8.697024 8.478051 9.416818 11.64094 12.09644 14.05143 13.72264 11.47751
-128 -128 -128 -128 -128 -128 -128 -128 -128 -128 12.34593 12.24512 11.92601 11.0355 11.03365 10.85274 10.66798 10.64017 10.29945 10.53371 10.96183 10.18587 10.10593 10.68387 10.42334 11.90682 11.40508 10.92825 10.38364 10.28568 10.93247 11.49271 12.58042 12.83531 11.69014 12.08546 12.52198 11.99555 11.87527 12.28509 12.17745 11.87111 10.60552 9.271139 10.14542 11.33513 10.97806 10.6196 11.29044 8.351056 9.062677 9.742971 9.227283 8.165068 9.165773 9.348221 10.02344 11.09595 11.60677 10.01856 8.286613 7.730159 7.543627 7.331554 7.920821 7.378045 7.787493 7.489723 7.871765 8.332237 9.534877 9.837231 10.74945 11.51926 13.38575 14.7848 15.0103
-128 -128 -128 -128 -128 -128 -128 12.30802 12.27093 12.19584 12.19013 11.90201 11.47252 11.50963 11.61563 11.68218 11.43418 10.69649 10.31695 10.61396 11.49288 11.57466 9.922698 10.30073 11.22659 12.11766 12.08282 10.45259 10.9067 11.64563 11.89273 11.90508 12.57751 11.9788 12.34653 11.52984 11.81026 11.79875 12.24453 12.32289 11.66953 10.0287 7.983142 7.843529 10.07357 10.00002 10.64123 10.98528 11.99479 10.83229 11.92599 11.05857 9.887327 9.52795 8.667986 8.625373 9.246401 8.894693 10.46919 12.29041 11.30053 8.758903 9.19922 8.436537 8.20342 8.76486 8.250665 7.637015 7.813183 7.628028 7.69462 8.200562 9.33954 10.88109 13.02143 14.44983 15.63568
