formato/VCI/bioclim_6.asc
ncols         186
nrows         781
xllcorner     -75.7
yllcorner     -56.55
cellsize      0.05
NODATA_value  -9999
[rows 612 to 645 of 781, columns 0 to 76 of 186]
-128 -128 -128 1.663685 0.2577679 -0.443231 -0.4845508 0.2518245 1.10538 1.320895 1.300642 -0.356932 0.1684756 -0.2958481 0.2386334 0.8070517 1.143366 0.1857648 1.109877 1.101675 0.6973135 0.8094155 0.7867118 0.6884634 -0.06865592 -1.74204 -3.196419 -2.689768 -1.601835 -1.045271 -1.647255 -1.878883 -2.066559 -5.168214 -5.195369 -2.906242 -0.004486646 -2.322185 -0.8067447 -0.6089785 -1.694811 -1.543876 0.3846115 1.022797 1.182218 -2.200753 -3.699783 -2.515696 -2.272281 0.1324922 -4.998394 0.8267187 -2.694131 -5.928384 -2.829225 -1.170515 -2.21509 -1.315942 -1.690468 -1.818595 -5.924598 -7.416944 -6.581989 -3.165326 -2.025968 -4.077501 -6.344811 -8.696639 -128 -128 -128 -128 -128 -128 -128 -128 -128
-128 -128 -128 1.867144 1.101448 -0.5004128 -0.2659435 -0.3333715 0.2472112 1.479938 1.698363 0.2783125 0.3962747 -1.950028 -2.589703 -0.7483194 0.1878408 0.8073778 0.5418037 0.2005879 0.1070517 0.5045127 0.7761377 -0.9796011 -1.114176 -0.4745647 -1.474207 -2.023901 -2.067723 0.3427385 -0.8555966 -2.377522 -3.504171 -2.838616 -5.23037 -3.137981 -1.883774 -4.388292 -2.628984 -1.4006 -5.486086 -3.929435 0.4918522 1.536719 1.687655 0.8222598 1.545007 1.693538 -0.05742629 -3.927641 -2.094034 -0.471573 0.1208325 -5.205116 -5.412185 -3.053928 -5.833659 -4.770806 -1.747921 -3.587239 -5.890276 -6.656838 -7.28855 -8.783349 -7.180274 -4.341358 -2.583789 -3.113994 -128 -128 -128 -128 -128 -128 -128 -128 -128
-128 -128 -128 1.826844 1.83932 0.6593652 0.04048561 -0.156736 0.04814256 1.482992 1.687279 0.8117551 0.4338536 -1.728552 -1.216819 -1.616053 0.07646375 -0.1251596 0.1457423 0.1955845 -0.2581668 0.2225477 0.6497052 -2.304733 -0.8403919 -2.119844 -1.028394 0.479693 0.3934096 0.4292924 -2.214979 -1.242256 -3.784048 -3.402406 -5.425878 -4.400338 -2.970989 -4.04294 -4.285508 -1.397135 -4.58215 -1.614641 1.354086 1.547255 1.911091 0.656136 -1.166785 2.288687 1.329032 -0.5954492 0.6584894 -3.528515 -1.095049 -3.499695 -6.568177 -4.701908 -7.8683 -5.185506 -7.303162 -3.457301 -2.236906 -5.73411 -3.800635 -7.251892 -6.514691 -7.822739 -5.304996 -1.040638 -0.9214967 -128 -128 -128 -128 -128 -128 -128 -128
-128 -128 -128 1.743515 1.84043 0.02055324 -0.2967777 0.04171002 -0.005544572 0.1580021 1.166353 1.59552 -0.4770881 -1.063394 -1.651436 -2.691269 -1.940088 -0.3577628 0.3330697 -1.260732 -2.162062 0.1042872 0.6670257 0.3914516 -1.709379 -3.086282 -1.478058 -0.08480056 0.7134894 0.9008273 -2.227346 -3.500706 -2.664279 -2.39239 -3.566913 -4.256598 -1.053748 -3.458401 -4.584122 -2.77095 -2.963661 0.7640028 -2.286831 0.1686681 1.663259 -0.03373049 -2.446519 1.825895 -0.4622928 -2.315222 1.087751 -2.650118 -4.071726 -0.4745127 -4.107473 -6.047067 -6.776254 -3.489285 -6.386237 -8.41646 -1.092792 -1.854825 -1.524001 -1.957534 -1.438521 -2.795388 -3.76623 -1.567107 -2.332657 -1.464143 -128 -128 -128 -128 -128 -128 -128
-128 -128 1.567638 1.70667 1.634535 1.188606 0.8111169 0.3998543 -0.1280506 -0.089282 0.4013025 0.9290964 0.8947155 -0.5359122 -2.61928 -3.037494 -1.922969 -0.7327576 0.2995907 -1.070532 -3.459069 -1.209206 0.100862 0.8716927 -0.6411654 -1.289036 -0.5741935 -2.507435 -0.8467794 0.5452254 -0.3110285 -1.214053 -1.713266 -2.432692 -2.585881 -0.6912088 -1.952726 -3.868982 -4.144298 -5.466697 -0.6889678 -3.439538 -3.958876 -1.553529 0.4920465 -2.735038 -1.811599 0.2631738 1.922765 -0.03657648 -2.565647 -2.708894 -2.07385 0.5389351 -0.9925893 -4.620531 -4.032232 -2.825135 -7.254665 -7.975777 -3.934997 -1.969717 -2.027478 -1.740761 -1.357586 -4.241602 -4.61155 -5.503373 -2.978581 -1.840709 -128 -128 -128 -128 -128 -128 -128
-128 -128 1.508914 1.585787 1.249582 -0.450196 -0.1871609 0.3110076 0.6058654 -0.8209365 -0.2585536 0.7002966 1.332308 0.6928772 -1.478312 -1.53153 -0.2606677 1.057868 0.7786559 -0.3618731 -3.817471 -1.390949 -0.07211065 0.7781981 0.9446462 -0.7213181 -1.389809 -0.7464898 -1.655404 -0.3059331 -1.038911 -1.43325 -0.7006504 -1.87924 -3.155661 -1.5865 -2.435035 -1.70559 -1.353966 -2.270093 -5.457208 -8.352092 -7.172371 -2.184242 -1.898353 -4.881876 -2.992938 -1.103796 -0.5290895 -4.49697 -3.34145 -2.570472 -3.574766 -3.476467 -0.670111 -2.000201 -1.072827 -4.921986 -7.64941 -8.240619 -3.327536 -2.017636 -1.200982 -1.12402 -3.816129 -6.436712 -6.270016 -7.605671 -6.263031 -2.724117 -128 -128 -128 -128 -128 -128 -128
-128 1.41875 1.507289 1.391816 1.376738 0.9500954 0.7867135 0.7372754 0.6544728 0.1723621 0.08249913 0.7005966 0.3523829 1.356514 -1.194305 0.01679674 -0.7889525 0.007686438 0.2102948 1.076401 0.5145491 0.3674107 0.8637669 1.015626 0.9357666 -1.789374 -0.7758255 -0.01603365 -0.2228807 -0.5761989 -0.8839352 -0.6926084 -3.765834 -1.646738 0.6461134 0.2239403 0.563727 0.4312617 -0.7097903 -3.747815 -4.80973 -5.170516 -3.159487 -2.733554 -4.141093 -8.304428 -8.098613 -4.732925 -2.933356 -4.750295 -3.989131 -6.984291 -4.384974 -0.7556539 -0.9052879 -0.8576118 0.2811759 -1.94068 -4.602442 -8.664487 -7.506087 -0.9271662 -0.3322182 -1.729863 -6.703774 -8.406472 -8.608259 -128 -128 -128 -128 -128 -128 -128 -128 -128 -128
-128 1.414201 1.341339 1.026009 0.03906174 0.1917256 0.151958 0.2599289 -0.01979015 -1.563866 -0.5888484 0.04980576 0.3000538 0.946965 1.009159 -1.594891 -2.492334 -2.408626 -0.1086941 0.8631513 0.1803451 -2.324579 -0.05540062 -128 0.9447294 0.6578477 -2.532032 -3.435363 -2.214724 -0.08620071 -0.7356237 0.2632509 0.2946514 -1.011294 -0.8869736 -4.444477 -2.259002 -2.421617 -3.464446 -6.478178 -7.519946 -6.843928 -4.663617 -4.361541 -8.198247 -10.36442 -10.1743 -11.5338 -7.348952 -6.270685 -8.308588 -10.35628 -5.888236 -1.350054 -4.638035 -4.532386 -4.230614 -0.9275442 -0.09323622 -4.783965 -2.143767 -1.426001 0.1839039 -3.984833 -5.053044 -7.74491 -11.37861 -128 -128 -128 -128 -128 -128 -128 -128 -128 -128
-128 1.411115 1.315631 0.4867222 -0.4840565 -0.4168887 0.08365244 -0.02770551 0.1480506 -0.2582397 -1.70748 -1.231896 -1.288968 0.6280749 0.9630385 -1.788531 -1.720394 -3.282973 -0.9786403 -0.5983177 -2.389879 -3.120357 0.4797034 1.229549 -128 1.088729 0.0668453 -0.6461595 0.05691398 -1.982989 -2.27067 -2.095387 -0.3848441 1.263982 0.2352186 -2.995602 -6.375113 -5.060032 -4.110806 -4.807729 -8.269522 -8.353805 -7.124762 -7.125737 -8.574409 -8.840111 -9.708331 -11.1282 -10.61603 -13.93229 -15.31089 -10.80102 -6.14743 -6.113108 -5.383246 -4.003023 -6.609809 -1.464837 0.02895248 -2.879771 -4.883379 -4.444407 0.7218679 -4.544117 -8.189365 -7.928848 -128 -128 -128 -128 -128 -128 -128 -128 -128 -128 -128
-128 1.407934 1.198585 -0.3358706 -0.1244416 -0.5049046 -0.5052983 -0.5376257 -0.07240548 0.1351405 -0.5157544 -1.541188 -1.541975 -0.1763597 1.000354 -0.1963614 -1.32922 -1.68697 -1.169487 -1.505529 -1.165557 -2.689018 -0.9695352 0.7496271 0.9136438 0.794426 0.483316 -1.094738 -4.279022 -4.801272 -3.726943 -3.844627 -3.210602 -0.7759767 0.4219444 1.051247 -1.100642 -2.147722 -1.095056 -5.196762 -7.470788 -8.419548 -7.919534 -7.507702 -7.554559 -7.485638 -7.859419 -8.206749 -8.643988 -7.629133 -10.57564 -9.992215 -5.918151 -4.425475 -5.8853 -4.083018 -7.583923 -1.435153 0.8816181 -6.504946 -4.949272 -6.369717 0.728342 -128 -128 -128 -128 -128 -128 -128 -128 -128 -128 -128 -128 -128 -128
-128 1.383548 1.440385 0.3748699 -0.1380714 0.1686316 -0.4079917 -0.5696601 0.3503035 0.4337478 -0.8769251 -1.138205 -0.2742698 0.5011793 0.9309764 0.945659 -0.5262418 -0.2748561 -0.7063475 -0.8365054 0.5351422 -1.827268 -2.913224 -1.081635 -0.1717898 0.7426951 0.6160492 -0.5537062 -3.021412 -1.958054 -1.76026 -3.70564 -3.500739 -0.8951977 -1.410878 -2.874527 -0.02509677 -0.6407204 -3.294928 -6.997292 -8.356183 -7.446462 -7.104063 -6.891414 -6.640867 -6.474912 -6.503957 -7.44107 -4.650806 -1.218104 -4.993788 -1.025697 -6.6152 -5.051095 -1.003146 -8.039468 -8.544532 -2.538299 1.176101 -5.030234 -6.004395 -2.793403 -1.857773 -0.7573361 -128 -128 -128 -128 -128 -128 -128 -128 -128 -128 -128 -128 -128
1.432961 1.382551 1.280727 0.3953226 0.0195803 -0.4200364 -0.813623 0.2045543 0.74718 0.8639421 0.1835813 0.10829 -0.1435761 -0.4201682 0.5703607 0.3264031 -1.0573 -0.5707076 0.7103781 -0.4646653 0.5636941 1.110466 0.4375321 -1.200075 0.4308533 0.9937773 -128 1.018959 0.5159391 -1.144233 -2.179742 -2.148518 -2.526423 -3.593363 0.1260717 -0.4434122 -0.8402043 -1.99557 -2.211109 -4.880645 -6.815548 -6.514876 -6.667892 -6.738297 -6.73767 -7.004726 -8.255274 -9.925881 -6.374484 -1.106063 -3.275257 1.392237 0.2445526 -1.875408 -0.9341797 -8.232289 -9.174575 -1.638463 0.9276153 -6.598671 -8.90537 -6.361471 -2.523092 -0.1879327 -128 -128 -128 -128 -128 -128 -128 -128 -128 -128 -128 -128 -128
-128 1.370855 1.247988 0.12624 -0.7101284 0.05700312 0.7204249 0.8814239 1.052218 1.016568 0.1188311 -0.7883455 -0.7220933 0.1170291 0.4406798 -0.1852289 -0.07799341 -0.6217204 0.4039629 -1.283507 -2.034261 -0.007315297 1.209367 -0.01028616 0.09391953 -128 0.8963961 1.064974 1.026921 -1.423778 -1.617948 -1.035248 0.8429431 0.9828911 0.6028737 -1.155331 -3.303136 -4.042131 -3.630661 -5.456579 -5.502864 -5.752633 -6.054568 -6.805568 -8.003665 -10.12126 -8.398703 -8.19312 -10.39946 -4.223998 0.4046531 -6.453033 -4.704626 -1.855585 1.040201 -0.3608741 -4.128779 -1.226048 0.7106989 -5.342647 -8.557208 -8.079582 -3.953751 0.222813 -128 -128 -128 -128 -128 -128 -128 -128 -128 -128 -128 -128 -128
-128 1.362508 1.352216 0.7189559 0.9145092 0.5172719 0.00239334 0.8817447 0.9903191 -0.09058273 -0.0770933 -1.461819 -1.457882 0.3424003 0.08173084 0.2067118 -1.506386 -2.009022 0.09054457 -3.065165 -1.476658 -1.866391 0.2929015 -1.746067 0.6885553 1.158396 -0.381606 -1.496261 0.1964967 -0.1589369 -2.393723 -3.855911 -4.051351 -3.063151 -2.716304 -2.655023 -3.741431 -4.215687 -4.405335 -4.929177 -4.93757 -5.504285 -6.155712 -6.614496 -7.837389 -9.295491 -6.794355 -6.167781 -7.233382 -9.984972 -9.985044 -9.102399 -6.097206 -4.867173 -2.297223 1.071188 0.3035206 1.137615 0.6514464 -3.964702 -10.42243 -9.49122 -4.288743 1.05689 -128 -128 -128 -128 -128 -128 -128 -128 -128 -128 -128 -128 -128
1.4303 1.377882 1.319058 0.7405758 0.6182761 0.5874263 -0.2409053 -0.2664499 -0.5163562 -0.7823066 -0.6548526 -1.398222 -0.7309504 0.2055706 -1.490104 -1.064787 -0.1162921 -0.7224558 -0.4929258 -0.8060076 -0.3968002 -1.075486 -0.1624957 -1.622631 0.5745595 1.303559 -2.730891 -2.35935 -2.829471 -0.7984096 0.6483663 -1.478684 -3.010316 -1.586268 -2.132844 -2.605265 -3.51302 -3.820781 -3.812518 -4.327566 -4.895183 -5.391686 -6.531781 -7.230887 -6.708161 -6.042427 -5.335693 -5.384226 -6.630161 -8.689797 -10.57723 -8.069253 -4.444069 -0.1217551 0.8418418 1.09406 0.1894693 -1.086939 0.1201509 0.2687617 -2.789615 -3.68658 -0.3018297 -1.575472 -128 -128 -128 -128 -128 -128 -128 -128 -128 -128 -128 -128 -128
1.436523 1.317392 0.5279344 -0.3798491 -0.378342 -1.141145 -1.023198 -1.395727 -1.429114 -0.04481963 -1.012738 -0.7986212 -0.4610163 0.4205428 0.2710527 -0.3809591 -1.24471 -1.748992 -2.318527 -2.863274 -1.896053 -1.083255 -1.814008 -1.098156 0.662102 1.424599 -0.3230056 -2.005317 -3.654365 -1.427418 -0.8771419 0.5463701 -0.3988762 -1.618919 -2.215232 -1.92714 -2.715871 -3.388188 -3.544351 -3.893367 -4.740559 -5.41838 -5.838842 -6.254315 -6.29762 -5.694459 -4.879426 -4.51005 -4.163693 -2.839683 -4.446894 -4.546419 0.6064828 0.6480541 0.3756469 -0.3951613 -6.465885 -7.481472 -2.846176 -0.4627818 0.4469598 0.4552151 -128 -128 -128 -128 -128 -128 -128 -128 -128 -128 -128 -128 -128 -128 -128
1.430083 1.305272 -0.5699584 -0.3600607 -1.083994 -0.7278304 -1.076098 -0.6405654 -0.3103382 -1.395843 -1.341261 -0.7331824 -0.2115643 0.2306781 0.6723396 -0.3022459 -2.0003 -1.845442 0.06298473 -1.533089 -2.889678 -2.036552 -2.163538 -1.526056 -0.6550329 1.066655 1.248122 0.2636611 -0.8385692 -0.4833489 -0.9763753 -0.9198214 -1.24354 -3.356571 -2.476034 -0.3407885 -0.5840251 -1.73226 -3.606977 -4.996502 -6.157522 -6.585312 -6.578855 -6.894283 -6.805419 -6.602955 -5.310774 -4.81126 -4.92635 -4.098598 -1.119698 0.9152168 -2.723963 -3.247386 0.1129865 -7.470777 -8.769681 -6.471906 -5.565482 -3.944138 -128 -128 -128 -128 -128 -128 -128 -128 -128 -128 -128 -128 -128 -128 -128 -128 -128
1.402614 1.057189 0.9758168 0.8656 -0.5265955 -1.708559 -0.2868869 -0.8492629 -0.3754058 -0.9515088 -0.4299393 -0.05043358 0.199249 0.05147416 0.2080298 0.4315661 0.03328824 0.556436 -1.102654 -2.991677 -3.015918 -0.7249601 -0.7604041 -2.714056 -2.798691 1.095805 0.9205567 0.1496115 -2.130935 -3.06538 -2.676507 -1.31116 0.6070499 -2.719525 -2.667835 0.1147815 1.265826 -1.256765 -2.683851 -4.369457 -4.405154 -6.842315 -7.57342 -8.600611 -10.50591 -6.586728 -5.429536 -5.684804 -9.213779 -9.586837 -2.793627 -2.365014 -4.393047 -0.6384305 -3.063883 -128 -5.116547 -4.956132 -7.78889 -128 -128 -128 -128 -128 -128 -128 -128 -128 -128 -128 -128 -128 -128 -128 -128 -128 -128
1.367123 0.9806122 0.07543878 -0.01467222 -0.2128755 0.3055463 -0.3783663 -0.3407978 0.2790617 -1.276439 -0.1181825 0.1994866 -0.9430194 -0.3204423 -0.3123378 -0.6327211 -0.1369823 -0.8475702 -0.6596202 -1.589787 -2.00422 -1.784528 -2.23094 -0.2265366 -0.209445 0.7263909 -0.1129206 0.05189039 -0.614993 -2.382452 -3.808233 -2.751034 -1.281769 1.025498 0.9443514 0.7533118 -1.05572 0.5884534 -0.9488405 -0.2256487 0.6416004 -4.693455 -9.776479 -16.02024 -14.89355 -8.113538 -6.242692 -6.644724 -9.250634 -7.448936 -6.509055 -4.479554 -1.621467 -4.603444 -7.283746 -128 -128 -128 -128 -128 -128 -128 -128 -128 -128 -128 -128 -128 -128 -128 -128 -128 -128 -128 -128 -128 -128
1.457416 1.345895 1.271767 0.6850936 0.6358637 -1.036164 -1.17145 -0.9167829 -1.127825 0.6899809 -0.04424037 -1.992275 -1.392171 -2.86973 -2.336313 -1.875409 -1.658437 0.7878928 -0.7342421 -1.032855 -3.025545 -2.89736 -1.411904 -4.526413 -1.44192 1.081247 0.9987686 -1.133788 -2.573364 -2.971719 -2.017135 -3.310643 -3.29427 -0.7654215 1.099907 -1.822971 -4.17012 -2.741467 -2.120829 0.8678602 -2.569043 -6.410568 -8.212868 -10.68343 -14.52802 -9.060941 -6.782464 -7.297555 -10.32622 -7.022871 -4.990122 -4.541745 -5.889435 -7.641316 -128 -128 -128 -128 -128 -128 -128 -128 -128 -128 -128 -128 -128 -128 -128 -128 -128 -128 -128 -128 -128 -128 -128
1.495088 1.358158 0.882846 0.2211863 -0.3964291 -1.187555 -0.2702376 0.4737461 0.5842109 0.8764516 -0.2417204 -0.6174419 -1.570694 -1.808933 -3.346273 -2.859294 -1.969079 1.114636 -0.8185657 -2.462959 -2.789356 -3.154506 -1.874315 -2.03821 -1.213965 1.202726 1.316368 -3.335368 -3.134931 -3.017936 -1.179336 -1.484306 -4.413068 -2.852504 -0.06593011 -1.981844 -2.763134 -2.68116 -2.38073 -1.86457 -5.88283 -6.009344 -5.874328 -7.277414 -9.833975 -8.685507 -6.848423 -6.947403 -7.148944 -7.433769 -5.286525 -8.164849 -12.76088 -128 -128 -128 -128 -128 -128 -128 -128 -128 -128 -128 -128 -128 -128 -128 -128 -128 -128 -128 -128 -128 -128 -128 -128
1.497653 1.330024 1.207338 -0.9641415 -1.125321 0.7608637 0.8675529 1.214792 1.015241 0.8401856 -0.1611967 0.426384 0.6720638 0.0005792577 -2.194714 -2.727177 -1.821528 -1.385309 -1.451171 -3.249339 -3.066956 -2.906174 -2.316727 -3.650753 -2.708389 0.2440878 1.285467 -0.8236507 -0.5675598 -1.97535 -2.470359 0.5607249 -3.739012 -1.502485 0.04949104 -1.070699 -2.868129 -2.68219 -3.392111 -5.412896 -5.370182 -5.104003 -5.146878 -5.413688 -6.529177 -9.735828 -7.703953 -6.630495 -6.728543 -6.686898 -6.49577 -7.684324 -128 -128 -128 -128 -128 -128 -128 -128 -128 -128 -128 -128 -128 -128 -128 -128 -128 -128 -128 -128 -128 -128 -128 -128 -128
1.507161 1.402591 1.320265 0.8906538 0.4807301 1.221233 1.314005 1.264511 0.8850971 0.8125702 -0.3915938 -0.502957 0.07953174 0.5568436 -0.1060215 -2.32197 -1.869325 -1.315826 -2.166653 -1.181252 -2.614417 -2.287504 -3.387723 -3.095056 -3.587295 -0.9352116 0.9743097 -3.595192 -2.68779 -2.056516 -0.7935016 1.644112 0.8317742 1.909925 0.8512079 -2.728377 -2.840729 -3.118 -3.474272 -3.849579 -4.370593 -4.309102 -5.359582 -7.180952 -8.355392 -8.413007 -7.297523 -7.062559 -6.419136 -6.35945 -7.187002 -6.465023 -128 -128 -128 -128 -128 -128 -128 -128 -128 -128 -128 -128 -128 -128 -128 -128 -128 -128 -128 -128 -128 -128 -128 -128 -128
-128 -128 -128 -128 1.337995 0.4867551 0.5106885 1.04632 -0.8886906 0.5611655 1.024282 1.030036 0.2060545 -1.62949 -1.162024 -0.1999098 -0.4606521 -3.753956 -2.287889 -2.970108 -3.298488 -0.8941849 -1.141058 -4.435546 -4.54548 -0.9942872 0.8817343 -1.714157 -4.033769 -4.393073 -2.727791 -0.1287496 2.008885 0.8683602 0.9848441 0.03240502 -3.552034 -3.386245 -5.239985 -4.983607 -4.590817 -4.326613 -5.855124 -11.58779 -13.98167 -12.465 -12.23275 -9.66501 -5.941912 -5.877914 -6.36696 -8.773439 -8.433777 -9.181585 -128 -128 -128 -128 -128 -128 -128 -128 -128 -128 -128 -128 -128 -128 -128 -128 -128 -128 -128 -128 -128 -128 -128
1.549459 1.449898 1.473961 1.498954 1.513044 0.6278928 0.03786854 -0.4054024 0.5471627 0.2400486 0.2702237 0.6088952 -0.5890548 -2.008952 -3.230524 -1.841445 0.01321367 -1.351714 -0.7590652 -2.83196 -3.430085 -1.902201 -0.1912574 -2.633214 -4.83917 -0.0370829 1.259549 -1.426653 -4.993788 -3.20295 -4.649558 0.2674679 1.893219 -0.5657527 -1.454651 0.9036362 0.5411989 -0.7423369 0.03220609 -4.599548 -5.095104 -4.605262 -5.757115 -8.93083 -12.37857 -16.67054 -12.29606 -7.043414 -5.117116 -5.163608 -5.688172 -9.724026 -10.05978 -128 -128 -128 -128 -128 -128 -128 -128 -128 -128 -128 -128 -128 -128 -128 -128 -128 -128 -128 -128 -128 -128 -128 -128
1.579724 -128 1.526047 1.569766 1.574286 1.105996 -1.371809 -1.117744 -0.04367152 0.2911394 0.1919788 -0.3307249 -1.987523 -3.072438 -1.68732 -1.875021 -0.5499341 -1.72858 -0.1808186 -0.6623691 -0.9460995 -2.810458 -2.50467 -0.1133125 -2.404792 0.8614273 -0.2116649 -3.768281 -1.916745 -4.341875 -2.626816 1.119875 1.401355 -3.338222 -3.707631 -2.415158 -1.94714 -0.4281129 1.468238 -3.450934 -5.52026 -4.901473 -5.693502 -9.833194 -12.24685 -12.9963 -5.930134 -4.728199 -3.862086 -4.115468 -4.518559 -7.691484 -128 -128 -128 -128 -128 -128 -128 -128 -128 -128 -128 -128 -128 -128 -128 -128 -128 -128 -128 -128 -128 -128 -128 -128 -128
-128 -128 1.609416 1.590567 1.465127 1.142954 0.1680888 0.1567829 -1.105281 0.5283212 0.1644606 -2.243111 -1.309891 -1.859391 -1.529161 -0.1247728 0.1011221 -2.490097 -2.134419 0.627839 -0.6086785 -0.07238813 -1.509579 -1.501629 -1.797915 0.6485179 0.4429713 -0.3915262 -2.705087 -4.107685 -1.93867 1.379861 1.054417 -3.10166 -4.261806 -4.844904 -3.655368 -2.767446 -1.427939 -1.82155 -5.936088 -5.610497 -6.130131 -9.914034 -13.62788 -7.741296 -3.974436 -3.637556 -2.796111 -3.001477 -2.713045 -128 -128 -128 -128 -128 -128 -128 -128 -128 -128 -128 -128 -128 -128 -128 -128 -128 -128 -128 -128 -128 -128 -128 -128 -128 -128
-128 -128 1.697092 1.67722 1.506202 1.457066 1.01982 0.7579136 -0.4147381 0.1218054 -0.8781096 -0.8728772 -2.472728 -0.9758359 -0.8194675 -0.5555931 -1.553874 -1.501072 0.09229968 -1.598302 -3.414742 -1.730187 -2.175174 -1.990205 -1.814351 -0.3106053 -3.258049 -1.022376 0.2055654 -3.625876 -2.135742 1.331561 0.9677853 -1.683304 -3.717237 -2.883189 -4.340668 -4.377652 -4.343204 -3.987934 -6.65019 -6.133566 -6.843761 -10.38028 -11.1099 -6.462611 -3.654676 -3.262717 -3.113591 -2.659074 -128 -128 -128 -128 -128 -128 -128 -128 -128 -128 -128 -128 -128 -128 -128 -128 -128 -128 -128 -128 -128 -128 -128 -128 -128 -128 -128
-128 -128 -128 -128 1.770888 1.681899 1.675231 1.528153 1.624891 1.17108 -0.6853659 -1.0424 -1.470721 -1.699981 -0.3524489 -0.4683455 0.2701526 -2.054657 -3.466882 -1.647189 -3.188869 -3.624658 -3.182274 -0.8480281 0.2504964 0.1621644 -1.422189 -2.663958 -0.8983542 0.05121864 -1.337059 1.162654 1.14519 0.5128893 -0.2387151 0.9783298 -0.6955269 0.3832634 -0.09021685 -1.189893 -7.003366 -9.88413 -11.77831 -10.39219 -8.099072 -7.016815 -4.977355 -4.311683 -5.249971 -6.303786 -128 -128 -128 -128 -128 -128 -128 -128 -128 -128 -128 -128 -128 -128 -128 -128 -128 -128 -128 -128 -128 -128 -128 -128 -128 -128 -128
-128 -128 1.808382 1.853004 1.820902 1.732912 1.629813 1.154719 1.333071 0.1989872 -0.8413406 -1.432525 -2.008668 0.3198699 0.8369112 1.179644 0.3456105 -1.865942 -1.535314 -1.44979 -3.495756 -4.493179 -4.235316 -3.151261 -2.73858 0.3874498 -3.982092 -2.100713 -1.390449 0.5713351 -0.0002240143 0.2704596 -1.281882 -3.601805 -0.02827061 -1.401176 1.102441 -0.1458799 -4.086785 -4.561799 -8.972939 -5.890141 -8.846259 -8.038459 -7.373613 -6.498088 -5.639102 -5.303652 -5.921972 -128 -128 -128 -128 -128 -128 -128 -128 -128 -128 -128 -128 -128 -128 -128 -128 -128 -128 -128 -128 -128 -128 -128 -128 -128 -128 -128 -128
-128 1.808084 1.81248 1.600147 1.091233 1.009396 0.5240253 0.7270881 1.419488 1.256245 0.08255116 -0.7424142 -0.17611 -0.1025685 0.6445456 0.6760579 -0.7763198 -1.706537 -0.1332033 -0.4373292 -0.1115314 -2.356217 -2.457778 -0.6227679 -1.323984 -0.05056093 -0.8968505 0.6064713 -1.039846 -2.212536 -1.693025 -2.489284 -2.683316 -1.320857 -1.625713 -3.713042 0.006634409 0.4571613 -2.515217 -0.8884946 -7.06116 -3.180781 -3.250254 -8.132395 -9.104308 -6.995828 -5.584253 -5.324896 -128 -128 -128 -128 -128 -128 -128 -128 -128 -128 -128 -128 -128 -128 -128 -128 -128 -128 -128 -128 -128 -128 -128 -128 -128 -128 -128 -128 -128
-128 1.839513 1.76633 0.7023812 0.5272702 0.38017 0.07080645 -0.2765071 1.463476 1.46294 0.8460024 0.3796774 -1.010038 -0.7253503 0.5702827 0.9586837 -1.660222 -1.373956 -2.054958 -2.322149 -4.227539 -2.857929 -2.075696 -1.157562 -3.331263 -2.885475 0.3133781 0.413681 -3.166469 -4.100035 -3.451337 -3.167546 -3.579601 -0.01044398 -2.682742 -5.523552 -2.432697 -1.126772 2.613289 1.459781 -1.689606 -0.6870286 -5.681193 -10.73916 -9.867657 -6.26726 -5.022851 -4.588748 -128 -128 -128 -128 -128 -128 -128 -128 -128 -128 -128 -128 -128 -128 -128 -128 -128 -128 -128 -128 -128 -128 -128 -128 -128 -128 -128 -128 -128
-128 1.882229 1.855708 1.770059 1.344115 0.05299341 0.5430368 -0.1076084 0.384197 1.45919 -0.5261568 -1.298143 -0.8591658 0.5348561 0.7293566 1.115853 -0.195222 -0.741769 -0.2175217 -0.6725373 -2.985748 -2.745633 -1.669516 -1.60824 -1.7694 -3.997955 -0.2323674 0.298319 -2.469282 -1.495411 -0.6594884 -1.271556 -2.079036 -0.7492265 -1.438078 -2.571209 -4.823257 -3.51033 -0.2917366 -1.131529 3.123057 -0.8240448 -5.992649 -9.745629 -9.774072 -7.814887 -5.568347 -128 -128 -128 -128 -128 -128 -128 -128 -128 -128 -128 -128 -128 -128 -128 -128 -128 -128 -128 -128 -128 -128 -128 -128 -128 -128 -128 -128 -128 -128
-128 1.87646 1.279509 1.023632 1.817052 1.645316 1.514285 0.3784634 -0.0499393 0.3686941 1.049291 -0.2765609 -0.9749705 0.7388883 0.6210406 0.9255689 -0.7513025 -1.114152 0.1881616 -1.329384 -2.667331 -1.604951 -2.980302 -2.977511 -3.086186 -1.430527 0.008738351 0.1357258 -0.1010197 -1.667867 -3.344908 -1.621887 -2.358998 -0.5541918 -1.037667 -1.587751 -4.906618 -4.619837 -3.163891 -3.232244 2.57912 -4.527328 -7.050793 -7.950753 -10.71238 -9.111554 -128 -128 -128 -128 -128 -128 -128 -128 -128 -128 -128 -128 -128 -128 -128 -128 -128 -128 -128 -128 -128 -128 -128 -128 -128 -128 -128 -128 -128 -128 -128
