formato/VCI/bioclim_8.asc
ncols         186
nrows         781
xllcorner     -75.7
yllcorner     -56.55
cellsize      0.05
NODATA_value  -9999
[rows 136 to 169 of 781, columns 77 to 153 of 186]
-128 -128 -128 -128 -128 -128 -128 -128 -128 -128 -128 -128 -128 -128 -128 -128 -128 -128 -128 -128 -128 -128 -128 -128 -128 -128 18.57299 16.33648 13.70314 12.20834 12.96251 14.55795 14.45224 16.65251 17.10246 18.21532 19.57864 20.62303 20.53613 20.60529 20.38654 20.4646 20.48351 20.57724 20.26374 19.2812 19.02207 18.14554 17.45039 16.69883 15.90462 15.07203 13.88264 11.82773 10.27746 10.73539 10.13231 9.904019 10.35913 11.65024 12.35221 12.36149 12.05459 10.72246 8.44621 7.433051 7.693594 10.14864 11.73065 12.2604 11.34713 9.601204 8.584339 6.206518 3.585093 0.3385966 3.354198
-128 -128 -128 -128 -128 -128 -128 -128 -128 -128 -128 -128 -128 -128 -128 -128 -128 -128 -128 -128 -128 -128 -128 -128 -128 20.1823 18.06081 16.085 13.75345 12.07861 11.64461 13.57236 13.40693 15.12195 16.28854 17.06866 18.52793 20.23054 20.86302 20.73859 20.439 20.2263 20.4046 20.51507 19.80034 19.5767 19.24934 18.46168 17.5076 16.48172 15.77414 15.3982 14.07394 12.37915 11.34103 10.60537 8.972836 10.37881 11.71589 12.70987 12.67867 12.28555 11.47116 10.33624 9.109879 8.149989 6.974426 9.055177 10.23217 10.63073 8.615541 5.062382 2.955865 5.440543 3.202559 -128 -128
-128 -128 -128 -128 -128 -128 -128 -128 -128 -128 -128 -128 -128 -128 -128 -128 -128 -128 -128 -128 -128 -128 -128 -128 -128 20.19575 17.61607 13.93755 14.02909 13.54977 13.21147 13.84136 13.3933 14.18691 14.04814 14.77299 16.00188 19.31098 20.87795 20.88927 20.52491 20.05773 19.99904 20.1373 20.1367 19.86637 19.13765 18.71916 17.97243 17.19391 16.84371 16.18573 14.29372 12.41282 12.17017 10.94719 9.92798 11.08062 12.21204 12.74117 12.46516 12.20733 11.32702 9.754609 8.354983 7.805985 5.601657 7.092976 7.892102 8.397741 8.188523 5.570861 4.034832 -128 -128 -128 -128
-128 -128 -128 -128 -128 -128 -128 -128 -128 -128 -128 -128 -128 -128 -128 -128 -128 -128 -128 -128 -128 -128 -128 -128 -128 19.98119 16.29133 13.26017 12.75828 12.39041 13.65893 14.38435 14.47446 14.45235 14.29926 13.97081 15.27511 18.80083 20.33289 20.73254 20.55808 20.2878 20.08652 19.92531 20.10255 20.02103 19.49285 18.91112 18.67945 18.3308 17.78128 16.28652 13.26258 11.50782 11.58401 10.71361 11.05785 11.74312 12.6196 12.74714 12.3322 11.83253 10.74435 9.155596 6.932042 6.354886 4.898945 4.733987 4.643283 3.300821 4.756888 6.68778 -128 -128 -128 -128 -128
-128 -128 -128 -128 -128 -128 -128 -128 -128 -128 -128 -128 -128 -128 -128 -128 -128 -128 -128 -128 -128 -128 -128 -128 -128 19.59616 16.14309 13.09808 13.01446 11.96255 13.23469 13.54144 13.60038 13.76028 14.06723 13.81921 15.69337 18.32555 19.48718 20.05263 20.3444 20.33163 20.05375 20.08575 20.07179 20.03571 20.10353 19.65421 18.96503 18.22428 17.09283 15.76164 13.38517 10.99121 11.08335 11.36488 11.91728 12.5098 12.80868 12.55589 12.10687 11.32225 10.0047 8.419645 6.140972 4.822053 4.281656 3.406555 2.789922 3.101145 -128 -128 -128 -128 -128 -128 -128
-128 -128 -128 -128 -128 -128 -128 -128 -128 -128 -128 -128 -128 -128 -128 -128 -128 -128 -128 -128 -128 -128 -128 -128 -128 19.94804 17.41931 14.42348 13.09133 12.73205 13.94726 13.28898 12.77061 12.74256 12.55694 13.24314 15.60919 17.07976 18.17933 18.64854 19.54223 20.12362 20.00722 20.01354 20.11273 20.13995 19.75543 19.30383 18.88125 17.81918 15.5628 14.0589 13.03749 10.59615 10.96967 11.75484 12.55056 12.92145 13.33632 12.59332 11.96263 10.9833 9.306589 7.741124 6.444242 5.162561 2.868043 2.34782 3.035394 -128 -128 -128 -128 -128 -128 -128 -128
-128 -128 -128 -128 -128 -128 -128 -128 -128 -128 -128 -128 -128 -128 -128 -128 -128 -128 -128 -128 -128 -128 -128 -128 -128 20.14403 15.26913 13.56516 12.25171 11.75522 13.49828 13.14673 12.72738 13.62953 13.91491 15.04483 16.09348 16.10415 16.48215 17.13776 18.46188 19.57391 19.99326 19.95503 20.08418 20.10497 19.83294 19.00465 18.63008 17.47203 14.89293 12.73599 12.0462 9.837306 10.91313 12.05803 12.89904 13.3885 13.57844 12.61714 11.62034 10.50045 8.753388 6.953473 5.711082 4.306354 1.987511 0.9043788 2.187058 -128 -128 -128 -128 -128 -128 -128 -128
-128 -128 -128 -128 -128 -128 -128 -128 -128 -128 -128 -128 -128 -128 -128 -128 -128 -128 -128 -128 -128 -128 -128 -128 -128 19.97369 14.92467 13.24925 12.50339 12.22686 13.22911 12.98743 13.6941 14.62754 15.36775 15.8475 15.94039 16.02256 16.1939 16.71908 17.86031 18.8976 19.42607 19.71678 19.65867 19.67019 19.65362 19.1588 18.59335 17.25712 14.87731 12.29129 11.39475 9.0789 10.10418 11.8769 13.04753 13.78341 13.23138 12.01173 11.17183 9.967098 8.406798 6.441743 4.531567 2.037214 0.2304525 1.692899 -128 -128 -128 -128 -128 -128 -128 -128 -128
-128 -128 -128 -128 -128 -128 -128 -128 -128 -128 -128 -128 -128 -128 -128 -128 -128 -128 -128 -128 -128 -128 -128 -128 -128 20.0253 15.82888 13.35799 12.66613 12.66114 13.35979 13.65984 14.90287 15.68519 15.72707 15.84784 16.0002 16.67107 17.0701 17.23623 17.71061 18.52463 18.77894 19.05873 18.90262 18.77328 19.19515 18.97409 17.94145 15.65141 14.27913 13.31727 11.55333 8.579181 8.820115 11.38809 13.18659 13.31405 12.87857 11.90849 10.602 9.312561 7.791595 5.467991 3.129276 -0.3639483 -2.797959 -128 -128 -128 -128 -128 -128 -128 -128 -128 -128
-128 -128 -128 -128 -128 -128 -128 -128 -128 -128 -128 -128 -128 -128 -128 -128 -128 -128 -128 -128 -128 -128 -128 -128 -128 20.48635 16.86497 12.49439 12.06734 12.95387 13.99543 14.80978 15.5294 15.29574 15.25339 15.5625 16.0044 16.44268 16.82229 16.88413 17.23531 17.86938 18.17522 18.16642 17.78685 17.16588 18.23808 18.2386 17.18255 15.04865 14.52179 14.01884 12.02904 9.081418 7.99656 10.68377 12.72385 13.45832 12.97213 11.61043 9.977538 8.964931 7.660283 5.814435 3.635878 1.64125 0.764661 -128 -128 -128 -128 -128 -128 -128 -128 -128 -128
-128 -128 -128 -128 -128 -128 -128 -128 -128 -128 -128 -128 -128 -128 -128 -128 -128 -128 -128 -128 -128 -128 -128 -128 -128 -128 17.88248 12.92674 11.79803 13.14256 14.33188 14.18928 14.12623 14.45257 14.67946 15.06997 15.58628 15.87918 15.9277 16.10226 16.23704 16.66985 16.91632 17.01517 16.61327 16.34511 17.11886 17.44038 16.80017 15.05617 15.09987 14.2884 12.68229 10.27167 8.219086 10.09475 11.91117 12.7527 12.65252 11.28603 9.352062 8.127799 6.96437 5.920954 4.745908 3.278301 1.015044 -128 -128 -128 -128 -128 -128 -128 -128 -128 -128
-128 -128 -128 -128 -128 -128 -128 -128 -128 -128 -128 -128 -128 -128 -128 -128 -128 -128 -128 -128 -128 -128 -128 -128 -128 -128 19.42854 13.87425 12.86113 13.5522 14.17904 14.60863 14.92938 14.90959 14.78653 15.09392 15.17788 15.40701 15.45153 15.44535 15.44551 15.48124 15.726 15.74263 15.3538 15.14818 16.06419 16.5563 16.4115 15.84552 15.21853 14.00091 12.42592 10.38369 8.337996 9.62482 10.96409 11.73014 11.34642 9.805406 8.581438 7.533641 6.171791 4.437555 4.77808 2.948287 1.79366 2.759707 -128 -128 -128 -128 -128 -128 -128 -128 -128
-128 -128 -128 -128 -128 -128 -128 -128 -128 -128 -128 -128 -128 -128 -128 -128 -128 -128 -128 -128 -128 -128 -128 -128 -128 -128 19.51085 15.99535 14.23176 14.5579 14.59579 13.97206 14.39996 14.11265 14.03653 14.16644 14.41668 14.86457 15.46371 15.39241 15.2121 15.01744 14.88893 14.79202 14.22003 13.96311 14.93466 15.51422 15.67293 15.11865 14.28372 13.49616 11.94666 8.990105 8.035033 9.023944 10.0973 10.79375 10.06229 9.076669 8.305685 7.733533 6.449885 4.92918 6.475536 4.687586 3.897377 2.677541 3.116692 -128 -128 -128 -128 -128 -128 -128 -128
-128 -128 -128 -128 -128 -128 -128 -128 -128 -128 -128 -128 -128 -128 -128 -128 -128 -128 -128 -128 -128 -128 -128 -128 -128 -128 19.98723 19.44416 15.74827 14.80931 14.26008 14.25413 13.4143 13.19708 13.61442 13.94399 14.94959 15.70459 16.08742 15.98513 15.41101 14.48701 14.33154 14.06863 13.67114 13.04449 13.95303 14.57005 14.67684 14.29519 13.43629 12.33281 11.13649 8.019611 7.58511 8.569982 9.323635 9.424889 9.311447 8.890766 8.568597 8.225271 7.741268 7.517273 7.993205 5.625973 3.527324 3.070425 2.689409 -128 -128 -128 -128 -128 -128 -128 -128
-128 -128 -128 -128 -128 -128 -128 -128 -128 -128 -128 -128 -128 -128 -128 -128 -128 -128 -128 -128 -128 -128 -128 -128 -128 -128 -128 19.70888 16.20293 15.02558 14.92002 14.66199 13.60929 13.61933 14.30448 15.10904 16.09075 16.52126 16.53915 16.3587 15.50278 14.92543 14.27291 13.89199 13.46625 13.02053 12.74797 13.54525 13.67735 13.34881 12.57755 11.28965 9.510986 7.277294 7.372261 8.184427 8.395994 8.889711 9.244213 9.316321 8.797247 7.687335 6.470992 7.91904 8.130171 6.44788 3.744696 2.735579 1.831148 2.204086 -128 -128 -128 -128 -128 -128 -128
-128 -128 -128 -128 -128 -128 -128 -128 -128 -128 -128 -128 -128 -128 -128 -128 -128 -128 -128 -128 -128 -128 -128 -128 -128 -128 19.68477 18.51125 15.48133 14.90514 14.61926 14.72349 14.8 14.66014 14.89379 15.84765 16.15945 16.39922 16.36274 16.38578 15.46463 14.52074 14.49679 14.14394 13.42939 13.13507 12.95644 13.15397 12.91606 12.13867 11.0707 9.983841 7.568296 6.311227 6.875357 7.627934 8.108409 8.713636 9.135248 9.513986 9.237372 7.592715 4.899105 6.563896 7.275187 5.483027 4.687141 4.236413 2.820964 1.06285 -128 -128 -128 -128 -128 -128 -128
-128 -128 -128 -128 -128 -128 -128 -128 -128 -128 -128 -128 -128 -128 -128 -128 -128 -128 -128 -128 -128 -128 -128 -128 -128 -128 19.5784 19.43272 16.64411 15.34401 15.19602 15.09266 15.14012 14.83027 15.47631 16.14462 16.52518 17.14606 17.23274 17.20257 16.67879 15.66224 15.19298 14.80972 14.54619 14.27971 13.9482 13.49674 12.76633 11.67817 9.935907 7.776338 5.514271 5.782749 6.646823 7.341194 7.770456 8.330798 8.907313 9.351324 9.372572 9.317974 8.757185 7.251427 5.764814 5.129322 3.621889 3.04298 3.159491 2.343755 2.014867 -128 -128 -128 -128 -128 -128
-128 -128 -128 -128 -128 -128 -128 -128 -128 -128 -128 -128 -128 -128 -128 -128 -128 -128 -128 -128 -128 -128 -128 -128 -128 -128 -128 19.88832 17.95547 15.99489 16.08967 15.97801 15.41631 15.30601 15.78254 16.6079 17.3093 17.63326 17.34927 17.39292 16.88675 16.0649 15.96783 15.52726 15.49142 15.23194 14.1617 13.58058 12.74481 11.53613 9.670897 6.490052 4.665128 5.574411 6.336108 6.828957 7.322883 8.03772 8.630738 9.331407 9.105297 8.690491 8.419231 7.267114 5.963252 3.753781 1.701782 2.048675 -128 -128 -128 -128 -128 -128 -128 -128 -128
-128 -128 -128 -128 -128 -128 -128 -128 -128 -128 -128 -128 -128 -128 -128 -128 -128 -128 -128 -128 -128 -128 -128 -128 -128 -128 -128 -128 18.48105 16.04945 15.71225 15.7422 16.08496 16.28158 16.60822 16.81299 17.19224 17.25761 17.06315 17.1479 16.76617 16.41086 16.22231 15.92606 15.78723 15.39789 14.44532 13.87766 13.07876 11.86688 10.14505 7.887838 5.905149 5.569553 6.021891 6.334232 6.791564 7.550766 8.544045 9.396642 9.222529 7.993367 7.489693 7.040588 4.776665 2.268196 1.390034 -128 -128 -128 -128 -128 -128 -128 -128 -128 -128
-128 -128 -128 -128 -128 -128 -128 -128 -128 -128 -128 -128 -128 -128 -128 -128 -128 -128 -128 -128 -128 -128 -128 -128 -128 -128 -128 19.7139 18.06656 16.37999 16.94357 16.744 16.64035 16.76095 16.67855 16.81282 17.10537 16.6622 16.80947 16.75143 16.59924 16.41089 16.03101 16.09107 16.0438 15.73512 15.17743 14.46188 13.41858 12.20146 10.76962 9.00866 7.227324 5.487023 6.083725 6.249456 6.631434 7.317255 8.340446 9.197374 9.131649 6.579449 5.973557 6.182714 5.17089 2.937311 1.737266 -128 -128 -128 -128 -128 -128 -128 -128 -128 -128
-128 -128 -128 -128 -128 -128 -128 -128 -128 -128 -128 -128 -128 -128 -128 -128 -128 -128 -128 -128 -128 -128 -128 -128 -128 -128 -128 20.03548 17.67385 17.32306 16.86656 16.70473 16.20398 16.5913 16.535 16.83966 16.87627 16.52649 16.38033 16.6524 16.79239 16.88105 16.86463 16.75227 16.57771 16.24821 15.77073 14.94729 13.74021 12.37704 11.22324 10.11311 8.613744 6.867613 6.343234 6.01201 6.144577 6.862533 7.253455 8.268837 9.239995 8.538435 7.542499 6.536802 5.816861 3.618876 1.471064 -128 -128 -128 -128 -128 -128 -128 -128 -128 -128
-128 -128 -128 -128 -128 -128 -128 -128 -128 -128 -128 -128 -128 -128 -128 -128 -128 -128 -128 -128 -128 -128 -128 -128 -128 -128 19.8479 20.28525 18.44276 17.76295 17.65071 17.58692 17.50156 17.40369 16.93652 17.48056 17.39192 17.39708 17.30902 17.31822 17.11916 17.06518 17.17511 17.08547 16.89144 16.4578 15.91204 15.10884 13.91375 12.38117 11.40485 10.58871 9.390697 8.510444 7.177543 6.385894 5.305746 5.596931 5.578076 4.883047 7.832272 8.262437 6.685687 6.037554 5.332817 3.207443 1.987152 -128 -128 -128 -128 -128 -128 -128 -128 -128 -128
-128 -128 -128 -128 -128 -128 -128 -128 -128 -128 -128 -128 -128 -128 -128 -128 -128 -128 -128 -128 -128 -128 -128 -128 -128 -128 19.60905 19.12767 18.04052 17.48629 17.57556 18.34102 18.24786 18.13303 18.13778 18.14545 17.97811 17.4842 17.05002 17.06655 17.13532 17.07011 17.13612 17.04188 16.75721 16.20665 15.49075 14.81958 13.88412 12.69744 11.86179 11.11425 10.1823 8.90654 7.842491 6.288531 5.166548 5.71892 5.744398 6.657511 8.132715 8.092759 6.731811 6.327891 3.38809 1.367536 -128 -128 -128 -128 -128 -128 -128 -128 -128 -128 -128
-128 -128 -128 -128 -128 -128 -128 -128 -128 -128 -128 -128 -128 -128 -128 -128 -128 -128 -128 -128 -128 -128 -128 -128 -128 19.63939 19.32983 18.29997 18.40357 17.96493 18.45292 18.0846 17.94596 17.69376 17.40833 17.35336 17.06164 16.46621 16.53351 16.60262 16.68746 16.93803 16.97588 16.97804 16.57844 15.67153 14.86013 14.03799 13.60864 12.91943 11.71784 10.88973 10.05112 8.986322 7.360386 5.842618 4.059122 4.980908 6.34842 6.715512 8.128113 7.756652 5.624908 5.160546 4.438297 2.867646 -128 -128 -128 -128 -128 -128 -128 -128 -128 -128 -128
-128 -128 -128 -128 -128 -128 -128 -128 -128 -128 -128 -128 -128 -128 -128 -128 -128 -128 -128 -128 -128 -128 -128 18.35942 18.50901 18.58824 18.32498 18.3129 18.19477 18.26849 18.09116 18.30914 18.40049 18.26712 17.82017 17.87798 18.00271 17.71279 17.18309 16.7217 16.59344 16.58548 16.63297 16.61777 16.3257 15.72442 14.73232 14.03133 13.1309 12.17506 11.35078 10.42105 9.453905 8.303588 7.0433 5.761412 4.843411 4.673012 6.350228 7.481149 8.231514 6.949896 5.14409 4.308504 4.24788 3.376135 4.004196 -128 -128 -128 -128 -128 -128 -128 -128 -128 -128
-128 -128 -128 -128 -128 -128 -128 -128 -128 -128 -128 -128 -128 -128 -128 -128 -128 -128 -128 -128 -128 -128 -128 -128 18.26132 17.6663 18.26643 18.28736 17.9263 18.21461 17.98381 18.3292 18.35141 18.35877 18.42409 18.43522 18.16212 17.4382 16.91632 16.76538 16.62036 16.29877 16.27291 16.15862 15.95845 15.28184 14.56569 13.60673 12.50165 11.72003 11.02302 10.02019 8.768562 7.456722 5.842073 4.778311 4.984429 6.216804 6.592826 7.677083 8.438883 7.028918 5.183395 5.06076 4.486818 3.682485 3.259557 -128 -128 -128 -128 -128 -128 -128 -128 -128 -128
-128 -128 -128 -128 -128 -128 -128 -128 -128 -128 -128 -128 -128 -128 -128 -128 -128 -128 -128 -128 -128 -128 -128 18.2423 18.16441 17.73911 18.39896 18.14137 17.95239 18.21879 18.22664 17.91466 17.91726 18.19001 18.2913 18.28197 17.97746 17.43512 16.887 16.5284 16.48078 16.27709 16.38539 16.0918 15.71609 15.13652 14.29752 13.24803 11.97921 11.38551 11.05136 10.29299 8.895654 7.39528 5.497384 4.24003 4.666743 6.513682 7.419454 7.710966 6.333511 4.995025 4.903807 5.688175 5.419755 3.775905 2.758384 -128 -128 -128 -128 -128 -128 -128 -128 -128 -128
-128 -128 -128 -128 -128 -128 -128 -128 -128 -128 -128 -128 -128 -128 -128 -128 -128 -128 -128 -128 -128 -128 -128 17.25983 17.65628 18.29908 17.99668 17.45443 17.4539 17.97054 18.22198 18.13572 18.55198 18.51755 18.34418 18.09533 17.99177 17.59423 17.31869 17.14262 17.0533 16.85259 16.58071 16.28025 15.77846 14.99518 14.12963 12.84839 11.84089 11.69284 11.35251 10.45172 9.179173 8.005528 6.174172 4.463096 3.846313 5.548542 7.068033 6.81036 5.716303 4.569165 4.838784 6.417485 6.757064 6.519626 3.584945 3.145249 -128 -128 -128 -128 -128 -128 -128 -128 -128
-128 -128 -128 -128 -128 -128 -128 -128 -128 -128 -128 -128 -128 -128 -128 -128 -128 -128 -128 -128 -128 -128 -128 16.7872 16.27004 17.07649 17.88293 17.61598 17.55543 17.99854 18.3894 18.28359 18.45431 18.56527 18.5001 18.46991 18.1552 17.72034 17.81469 17.55061 17.26625 16.97598 16.42597 15.95054 15.20006 14.65299 14.20659 13.59763 12.82701 12.54184 11.80528 10.95851 9.588771 7.895511 6.134266 4.680323 4.052942 4.522328 6.155829 7.554627 7.793581 4.934153 4.440957 5.913086 6.986878 6.923286 5.189713 3.164267 -128 -128 -128 -128 -128 -128 -128 -128 -128
-128 -128 -128 -128 -128 -128 -128 -128 -128 -128 -128 -128 -128 -128 -128 -128 -128 -128 -128 -128 -128 -128 17.10049 16.55625 15.78698 16.24162 17.56242 17.52175 17.61685 18.23028 18.7983 18.73382 18.71155 18.71803 18.76629 18.84498 18.71704 18.54046 18.20859 17.48307 16.91342 16.67414 16.61549 16.25514 15.55121 15.24253 14.83253 14.2198 13.52768 12.79053 11.78583 10.80367 9.592739 7.569027 5.120883 4.414707 4.56119 5.151759 7.613984 9.680692 8.97301 5.961252 4.730398 5.045308 6.524568 6.257234 6.627764 6.132528 -128 -128 -128 -128 -128 -128 -128 -128 -128
-128 -128 -128 -128 -128 -128 -128 -128 -128 -128 -128 -128 -128 -128 -128 -128 -128 -128 -128 -128 -128 -128 16.831 16.33494 16.0751 16.26614 16.86651 17.28964 18.12548 18.51214 18.64245 18.67194 18.49657 18.35817 17.97588 18.64232 18.50871 18.64912 18.18102 17.60719 16.62049 16.67914 17.00476 16.71019 16.4152 15.82451 15.10985 14.18003 13.23871 12.1773 10.70766 9.243855 8.073462 6.874869 4.852621 4.22269 4.649104 5.545115 9.142941 10.07616 8.570087 5.957391 5.162067 6.762452 6.820662 5.700541 6.78003 6.840439 6.000014 -128 -128 -128 -128 -128 -128 -128 -128
-128 -128 -128 -128 -128 -128 -128 -128 -128 -128 -128 -128 -128 -128 -128 -128 -128 -128 -128 -128 -128 -128 17.1916 16.53359 15.97549 15.83874 16.75694 17.65932 18.13619 18.53284 18.74669 19.01752 19.01596 18.87525 18.60984 18.97527 19.1905 19.28697 18.40928 17.96116 17.74798 17.4695 17.22198 16.96682 16.41497 15.56084 14.62056 13.54724 12.78628 11.59449 10.26972 8.799137 7.922493 6.856707 5.467648 4.491243 4.399179 5.613945 7.653014 7.70687 7.470222 5.996434 4.798867 5.265031 5.063346 5.130581 6.130191 6.053247 4.855272 -128 -128 -128 -128 -128 -128 -128 -128
-128 -128 -128 -128 -128 -128 -128 -128 -128 -128 -128 -128 -128 -128 -128 -128 -128 -128 -128 -128 -128 -128 -128 17.51362 16.69326 16.43873 17.12409 17.45983 17.75327 18.2456 18.41636 18.68981 18.74681 19.13457 19.2102 19.09476 19.25179 19.48175 19.02223 18.61142 18.29616 17.90925 17.55781 17.10299 16.51395 15.63805 14.61659 13.54803 12.82969 11.9352 11.10911 10.14072 8.698734 6.983222 5.74371 4.712326 6.569973 6.128946 5.313553 5.839885 5.246857 5.478778 5.203499 5.207623 4.190819 4.033837 5.105355 5.433102 4.407376 -128 -128 -128 -128 -128 -128 -128 -128
-128 -128 -128 -128 -128 -128 -128 -128 -128 -128 -128 -128 -128 -128 -128 -128 -128 -128 -128 -128 -128 -128 -128 -128 16.87615 16.08222 16.72706 17.20382 17.62699 18.42387 18.77958 19.1789 19.1331 19.32026 19.41306 19.50842 19.6378 19.51082 19.43752 19.21297 18.57675 17.9663 17.4831 17.12547 16.57119 15.75897 14.96767 13.95843 12.87843 11.33652 9.957421 9.343335 8.87886 7.344905 6.000059 6.425745 6.814014 5.269398 3.683466 4.442058 5.06205 5.413314 5.968959 6.213681 4.661596 3.382157 4.531005 4.805986 4.695803 -128 -128 -128 -128 -128 -128 -128 -128
