formato/VCI/bioclim_11.asc
ncols         186
nrows         781
xllcorner     -75.7
yllcorner     -56.55
cellsize      0.05
NODATA_value  -9999
[rows 646 to 679 of 781, columns 0 to 76 of 186]
-128 5.037163 5.03261 5.079982 -128 4.938054 4.789813 3.856034 3.481308 2.976745 3.496103 3.225493 3.300854 3.9077 3.929737 4.029375 3.832371 3.369718 0.9655767 1.143153 1.183511 1.124501 -1.604224 -1.100025 -0.3934118 -0.2796068 2.725773 1.739608 0.03874503 -0.972222 -0.7395487 -0.4870222 0.2543498 0.03503724 -0.4915358 0.3477786 -1.146273 2.190593 -0.3108595 -2.961119 0.8413353 -4.276813 -6.120367 -6.520871 -7.199113 -128 -128 -128 -128 -128 -128 -128 -128 -128 -128 -128 -128 -128 -128 -128 -128 -128 -128 -128 -128 -128 -128 -128 -128 -128 -128 -128 -128 -128 -128 -128 -128
-128 5.048532 -128 -128 -128 4.973799 4.897968 4.714095 4.120204 4.419787 4.075571 4.350023 4.052463 3.947968 4.027192 3.982192 2.664275 2.096089 2.374513 1.037265 0.6813512 1.737569 -0.2103476 -0.589589 0.8510803 1.594482 2.654754 2.126478 0.2908846 0.3019604 1.711244 -0.7241157 1.148192 -0.7260774 1.110749 -0.3232991 2.516021 -1.083093 -4.674376 -6.779993 -2.771059 -4.571479 -6.78112 -7.798713 -8.38953 -128 -128 -128 -128 -128 -128 -128 -128 -128 -128 -128 -128 -128 -128 -128 -128 -128 -128 -128 -128 -128 -128 -128 -128 -128 -128 -128 -128 -128 -128 -128 -128
-128 -128 -128 -128 -128 -128 -128 -128 -128 -128 4.619684 4.494469 4.368137 4.16855 4.069059 3.937787 2.420742 1.795408 1.118374 1.45637 1.822597 1.743668 1.517142 0.666889 0.1381789 2.58954 -128 1.902464 2.704848 2.758437 3.07698 2.394328 0.04733012 0.516634 3.406589 2.26134 1.64055 1.653299 -2.930634 -4.944675 -5.514965 -5.516907 -7.080551 -8.224588 -128 -128 -128 -128 -128 -128 -128 -128 -128 -128 -128 -128 -128 -128 -128 -128 -128 -128 -128 -128 -128 -128 -128 -128 -128 -128 -128 -128 -128 -128 -128 -128 -128
-128 -128 -128 -128 -128 -128 5.019449 4.923507 4.858529 -128 -128 -128 -128 4.224937 -128 3.907703 3.68057 2.379066 0.7710564 -0.2530403 0.8938453 1.208056 0.5437563 1.718031 2.278324 -128 2.697856 0.0454002 1.481282 0.8713202 1.858165 3.102089 2.635539 2.741101 1.415584 0.02174467 -1.208893 -1.985854 -3.536819 -3.833798 -5.214684 -6.570048 -7.141135 -10.08515 -11.22866 -7.484444 -128 -128 -128 -128 -128 -128 -128 -128 -128 -128 -128 -128 -128 -128 -128 -128 -128 -128 -128 -128 -128 -128 -128 -128 -128 -128 -128 -128 -128 -128 -128
-128 -128 -128 -128 -128 5.100005 4.401224 3.362776 4.352888 4.125781 3.468149 4.033701 4.270927 3.886562 4.021479 -128 3.638011 3.213458 2.367969 1.825435 2.302748 0.9229237 2.297159 3.162446 2.554159 1.435237 2.706739 1.525502 -0.09443905 -0.2933288 -0.5153235 0.4668711 1.561416 3.306957 3.920362 2.748475 3.323918 -1.124386 -4.138586 -4.524913 -4.377047 -4.384315 -6.061721 -8.643858 -9.899878 -8.817186 -128 -128 -128 -128 -128 -128 -128 -128 -128 -128 -128 -128 -128 -128 -128 -128 -128 -128 -128 -128 -128 -128 -128 -128 -128 -128 -128 -128 -128 -128 -128
-128 -128 -128 5.161253 -128 5.148068 4.275087 3.25628 3.477438 3.088244 2.205314 3.318577 4.010186 3.946802 3.622694 3.677161 3.537825 3.460082 3.396967 2.838701 2.836841 3.13534 2.921563 2.429404 1.868526 0.9072869 1.900028 2.658482 2.15536 1.238751 -0.5251755 -0.2712321 -0.8520925 2.281838 2.537481 -0.172819 -0.4603376 -1.087565 -2.751142 -3.501382 -3.839595 -5.738215 -6.213881 -8.492125 -10.04844 -128 -128 -128 -128 -128 -128 -128 -128 -128 -128 -128 -128 -128 -128 -128 -128 -128 -128 -128 -128 -128 -128 -128 -128 -128 -128 -128 -128 -128 -128 -128 -128
-128 -128 -128 -128 5.190341 5.179744 5.165237 4.146229 2.759929 2.493416 1.971803 3.246944 3.808704 3.601499 3.066665 3.143111 3.294104 3.088126 3.13409 2.928114 3.038019 2.222588 0.368735 1.699159 1.734223 0.7041274 -0.007822037 1.444685 2.219273 2.84908 2.263122 -0.2710535 -0.1980512 -0.8201095 1.111235 0.6869879 -2.648752 -4.086286 -3.25555 -4.434577 -6.221501 -6.07713 -7.467871 -8.045131 -128 -128 -128 -128 -128 -128 -128 -128 -128 -128 -128 -128 -128 -128 -128 -128 -128 -128 -128 -128 -128 -128 -128 -128 -128 -128 -128 -128 -128 -128 -128 -128 -128
-128 -128 -128 -128 5.1935 5.157263 3.664797 3.252097 4.152207 4.653504 3.991913 3.946454 3.593775 3.605493 3.207592 2.532428 3.069655 3.081434 3.01333 3.084502 1.775114 -0.1107402 0.2040375 -0.3271947 -0.7553409 0.09388987 -0.5277705 1.035031 1.812642 2.997631 1.228929 -0.3252152 1.468651 1.004431 0.3620557 1.227426 -2.516409 -5.915241 -3.710054 -5.230427 -4.719275 -3.907123 -6.046851 -8.5801 -7.445869 -7.357986 -128 -128 -128 -128 -128 -128 -128 -128 -128 -128 -128 -128 -128 -128 -128 -128 -128 -128 -128 -128 -128 -128 -128 -128 -128 -128 -128 -128 -128 -128 -128
-128 -128 -128 -128 5.196922 4.396999 3.504373 3.863961 4.044289 3.871191 4.334949 2.868293 2.720513 3.303045 3.106424 3.334473 2.834812 2.947096 -128 2.675664 2.19174 2.285696 0.7655377 0.9302106 -0.5166343 -0.2668989 1.125883 2.262033 0.6736754 0.1509392 2.990777 2.494116 2.839412 3.35445 1.595098 1.374394 -3.2582 -5.304127 -2.801914 -2.492371 -2.606422 -4.658596 -6.7221 -7.170734 -7.962536 -7.138768 -128 -128 -128 -128 -128 -128 -128 -128 -128 -128 -128 -128 -128 -128 -128 -128 -128 -128 -128 -128 -128 -128 -128 -128 -128 -128 -128 -128 -128 -128 -128
-128 -128 -128 5.174015 5.119893 4.07016 3.150272 1.858342 2.877629 2.539984 3.397019 2.981476 2.412413 2.911212 2.939065 2.761541 2.433177 3.125643 3.023358 2.673024 2.547916 2.80941 2.487919 1.565558 0.394436 -0.08459946 0.05896854 0.6755308 2.465158 0.2145909 1.868554 1.082985 -0.8466861 1.280702 3.075272 2.585152 1.757622 -1.158838 -1.501062 -1.38926 -2.054131 -4.80851 -7.003705 -8.014488 -6.352697 -3.546813 -0.7077963 -128 -128 -128 -128 -128 -128 -128 -128 -128 -128 -128 -128 -128 -128 -128 -128 -128 -128 -128 -128 -128 -128 -128 -128 -128 -128 -128 -128 -128 -128
-128 -128 -128 5.195218 4.959512 2.426606 3.114811 3.684188 4.288492 3.789487 2.889261 2.874329 3.390783 3.733887 2.88737 2.329256 3.23738 -128 3.075024 2.80871 2.551563 2.712553 2.910106 2.207221 0.1667168 -0.2537035 -0.173956 1.886625 2.502956 0.6645071 -0.03889692 0.4768317 0.06607815 -0.03169215 0.07551632 -0.01241259 0.4328414 -0.01541223 -1.515481 -1.963756 -2.136301 -3.085678 -5.335178 -6.446445 -5.886853 -3.550138 -3.927608 -128 -128 -128 -128 -128 -128 -128 -128 -128 -128 -128 -128 -128 -128 -128 -128 -128 -128 -128 -128 -128 -128 -128 -128 -128 -128 -128 -128 -128 -128
-128 -128 -128 5.216337 5.127946 3.901082 4.396136 4.607388 4.338793 3.200117 3.545249 4.319041 3.421617 3.447281 3.833567 3.672942 -128 -128 3.134608 2.051787 0.08158465 1.237444 1.561002 2.708065 2.435662 1.471721 1.75454 2.524961 0.2695411 -0.2535473 0.5812169 0.2212687 2.532127 2.233742 2.129393 1.761752 -0.1025593 -3.095248 -4.017504 -1.81433 1.407132 2.310482 2.795457 -0.6371619 -5.275562 1.742542 3.571545 -128 -128 -128 -128 -128 -128 -128 -128 -128 -128 -128 -128 -128 -128 -128 -128 -128 -128 -128 -128 -128 -128 -128 -128 -128 -128 -128 -128 -128 -128
-128 -128 -128 5.225997 4.997569 4.774238 5.073287 4.76317 3.95283 3.365032 3.589802 3.49353 3.874375 3.859399 3.981321 -128 -128 3.369883 2.905365 2.689842 1.280223 0.8088928 1.864445 1.563631 2.810474 2.837199 3.05142 3.036707 2.278372 2.339756 3.398427 2.602142 1.099145 0.001000762 1.392891 1.302563 -0.2993249 -2.826325 -3.179369 1.285237 0.9045887 3.664976 5.077385 1.56302 -3.411805 -6.055151 -0.2680862 -128 -128 -128 -128 -128 -128 -128 -128 -128 -128 -128 -128 -128 -128 -128 -128 -128 -128 -128 -128 -128 -128 -128 -128 -128 -128 -128 -128 -128 -128
-128 -128 -128 5.235518 5.189116 4.561002 3.801816 4.524374 4.698716 4.831614 4.310809 4.508708 4.124118 4.219817 -128 -128 -128 -128 3.113802 2.559193 2.231024 1.429671 0.8787072 0.2266686 1.78767 1.864905 0.9548936 3.242405 2.695237 2.56447 2.835626 3.394799 2.664395 2.830004 1.009779 0.8722005 -1.150417 -2.817185 -0.2585715 4.186791 3.096792 4.497273 2.952246 -0.4111833 -5.942093 -6.650477 -6.874382 -3.166435 -128 -128 -128 -128 -128 -128 -128 -128 -128 -128 -128 -128 -128 -128 -128 -128 -128 -128 -128 -128 -128 -128 -128 -128 -128 -128 -128 -128 -128
-128 -128 -128 -128 5.167572 4.372643 3.298828 3.245883 3.337905 3.213899 3.091643 3.038149 4.383637 -128 -128 -128 3.700054 3.510339 3.259692 3.092723 2.628735 2.068961 2.538098 2.35355 2.333276 2.144131 1.921539 2.830634 2.34368 0.05805699 1.791695 2.826951 0.5688227 2.747736 2.907725 1.233913 1.174253 1.489193 2.182851 3.333355 -0.1394016 -1.895675 -3.030573 -5.048159 -5.322031 -4.94882 -8.346241 -7.402946 -128 -128 -128 -128 -128 -128 -128 -128 -128 -128 -128 -128 -128 -128 -128 -128 -128 -128 -128 -128 -128 -128 -128 -128 -128 -128 -128 -128 -128
-128 -128 -128 -128 -128 5.202118 4.812369 4.19161 4.510396 3.697668 4.434646 4.826905 -128 -128 4.464718 -128 3.813067 3.556372 -128 3.112268 2.876695 2.202031 2.80395 1.861598 1.265365 0.6791247 0.4922468 1.59356 3.257703 2.293878 1.982779 1.716883 0.7982216 -1.001262 1.714854 0.05669184 2.402828 -0.1420737 4.174658 4.513646 3.392857 -0.488834 -0.09041876 -1.20198 -2.69397 -2.661563 -4.298669 -7.751057 -8.248771 -4.763261 -128 -128 -128 -128 -128 -128 -128 -128 -128 -128 -128 -128 -128 -128 -128 -128 -128 -128 -128 -128 -128 -128 -128 -128 -128 -128 -128
-128 -128 -128 -128 5.164901 3.856749 3.753333 3.741007 4.357574 4.788591 4.95151 -128 4.785523 4.731129 4.53631 4.213365 3.919169 3.625552 3.172615 3.114312 2.935537 2.917471 2.708365 1.523541 0.003920039 0.4606223 0.7145231 0.8224285 2.627329 2.664012 0.3357878 0.7281163 0.489528 -0.4099922 0.1459279 -0.4468096 -0.6948138 0.4287173 4.334602 4.629004 4.415027 3.604496 4.763363 1.933317 1.249298 -1.942327 -5.334921 -6.703141 -7.961009 -7.034168 -7.172598 -5.245159 -128 -128 -128 -128 -128 -2.220156 -1.388693 -2.612827 -1.964961 -128 -3.325789 -3.962099 -3.702446 -4.744584 -3.767407 -3.999511 -128 -128 -128 -128 -128 -128 -128 -128 -128
-128 -128 -128 5.275988 4.685694 4.327446 4.406763 3.421831 4.126699 5.053528 -128 -128 4.820491 4.288703 4.239543 4.320673 3.615964 3.482676 2.8466 3.201212 3.078259 2.931853 2.926185 1.774709 0.333854 0.1689713 0.9334595 1.461494 1.806838 2.282957 2.089992 0.003281772 0.9370795 1.904354 1.453477 -0.05773397 -1.113125 2.816752 2.667766 1.886814 0.1246326 -0.4395889 3.079013 5.704179 4.361444 4.806589 4.507466 -0.8964444 -6.398276 -8.676874 -10.23982 -3.354776 -128 -128 -128 -0.1508158 -4.312548 -3.213275 -1.621575 -4.514876 -3.891871 -3.991258 -4.14036 -3.194256 -2.537885 -4.61788 -3.181369 -4.655308 -6.299056 -128 -128 -128 -128 -128 -128 -128 -128
-128 -128 -128 -128 5.289676 4.503374 3.689799 3.377671 4.416585 5.059894 -128 4.960357 4.253472 4.017713 4.269145 4.117908 3.765791 2.950039 1.726387 2.998029 3.057126 2.299572 2.906535 2.67316 1.096072 0.4862193 0.5770578 -0.5000399 0.8831015 1.441815 2.987946 2.135064 2.651401 0.03449448 0.4575993 -0.9929479 -1.522109 2.212419 1.114873 0.2780286 -0.4308545 -3.12658 -2.296846 2.688546 -1.806112 -4.716857 -4.16005 -4.785669 -6.261397 -7.204291 -6.674428 -128 -128 -128 -2.69715 -4.296551 -3.315653 -2.192446 -1.428608 -2.03005 -3.493669 -5.378492 -3.65643 -3.82076 -3.655804 -1.783733 -3.487775 -6.094531 -128 -128 -128 -128 -128 -128 -128 -128 -128
-128 -128 -128 -128 -128 4.826344 3.793225 4.346565 4.081369 5.078728 -128 4.970848 4.879575 3.861091 4.096552 3.633523 2.314991 2.060986 1.669976 2.751667 3.255286 2.421628 1.365545 1.744838 2.458579 2.558596 0.3835672 1.575008 1.37819 1.58154 1.955526 3.03726 0.1261614 -0.4826899 0.2887852 0.9923108 1.355698 2.981748 2.879762 -0.7864352 -1.143505 -2.442561 -4.280887 -4.806733 -6.189207 -7.34834 -7.701808 -4.884859 -3.609858 -1.233475 1.14208 2.091242 -3.185202 -3.523998 -2.877576 -3.668953 -3.713248 -3.006739 -3.042817 -1.206883 -3.604374 -4.677328 -4.201334 -2.917902 -4.189113 -1.523237 -4.35482 -5.715234 -7.11925 -128 -128 -128 -128 -128 -128 -128 -128
-128 -128 -128 -128 -128 -128 -128 5.154442 5.099471 -128 -128 -128 -128 4.939982 4.598548 4.316337 3.490448 2.261958 1.729836 2.607305 2.386823 2.925653 1.773655 1.128884 1.592721 2.022481 2.668513 1.743572 2.820423 2.632151 2.217112 1.304673 2.81466 2.646654 0.9567978 1.636101 3.208904 0.9638796 2.637377 2.998757 0.316404 -2.085066 -4.579654 -7.930041 -8.404427 -8.051332 -4.082802 -0.5696926 -2.112916 -2.12215 -2.766177 2.820144 0.9282191 -0.03009677 0.3786201 0.8416373 -0.03985186 -1.124334 -0.9938837 0.2757162 0.9561169 0.4956909 0.1335567 -0.4142084 -1.908548 -1.136832 -2.189592 -3.687151 -1.881331 -128 -128 -128 -128 -128 -128 -128 -128
-128 -128 -128 -128 -128 -128 -128 -128 -128 -128 -128 -128 -128 5.015173 -128 4.364302 3.223088 2.649839 1.440807 2.536797 2.564896 2.361655 1.142487 0.4280544 0.7506051 0.6289697 2.513726 2.735597 2.798081 2.881796 2.50844 2.021171 1.902873 2.747513 2.878931 2.664295 2.362603 3.323578 2.645918 1.518565 -0.582737 -3.102572 -5.550077 -6.859348 -5.908813 -5.321555 -1.930338 0.07960955 -0.2715922 -0.5890129 -1.69369 -0.08609486 3.180398 2.954867 -0.07856306 -0.5486658 2.70405 1.205945 0.9857252 1.510075 -1.170451 -2.659916 -2.01871 -1.028778 -1.175225 -0.8259183 0.662533 1.19415 1.177074 1.112581 -128 -128 -128 -128 -128 -128 -128
-128 -128 -128 -128 -128 -128 -128 -128 -128 -128 -128 -128 -128 4.966902 4.891302 3.221275 2.075304 1.330124 2.246443 1.333401 2.857087 2.915184 1.177646 -0.04953051 0.3478468 1.810753 2.629313 1.415973 2.703619 1.644899 0.3640542 0.4725239 0.9107324 1.173339 0.7481135 2.543765 2.357215 3.645645 3.54554 2.514936 2.396457 1.709878 -0.5119794 -1.695096 -2.587925 -4.115757 -3.900392 -1.37955 2.343657 1.370329 -3.024266 -1.684094 -1.637908 -3.303173 -3.902911 -3.119324 -0.219436 2.658801 1.917848 1.936486 1.617634 0.8747323 0.5955111 0.5563641 0.5778332 0.8277532 2.259245 2.532 2.098125 1.977146 -128 -128 -128 -128 -128 -128 -128
-128 -128 -128 -128 -128 -128 -128 -128 -128 -128 -128 -128 4.838017 4.235146 4.352606 3.417349 3.473583 3.382572 2.459625 1.229284 1.107663 1.677683 0.2836436 0.6527141 1.014637 0.7556549 1.655239 2.336591 1.953427 2.574622 0.8332675 1.300622 2.468861 0.8117767 1.932769 0.9889271 0.7413712 0.8852798 3.186195 2.610575 1.545655 -0.5663577 -5.59657 -6.394958 -5.771602 -4.497619 -1.057196 0.7210422 3.506441 3.94965 -1.156928 -4.742599 -3.329403 -5.974815 -7.58118 -1.776164 2.473798 2.850712 2.609756 2.259378 2.90708 2.659037 2.657447 2.963884 3.207275 3.343948 3.234204 2.965938 2.611718 -128 -128 -128 -128 -128 -128 -128 -128
-128 -128 -128 -128 -128 -128 -128 -128 -128 -128 -128 -128 4.741576 4.620928 4.529974 3.965216 2.74524 2.721908 2.539602 3.283323 2.977803 2.116574 0.9772589 1.896617 2.074642 2.062855 1.935868 2.179402 -0.8698416 2.524983 1.086717 2.485532 0.1626527 0.4381004 2.148538 0.3473508 0.6475483 2.001797 1.923472 0.9154514 1.995267 -1.390118 -5.863485 -6.367691 -4.906661 -4.653702 -0.8973897 3.522852 2.395536 3.927416 4.30195 -2.460435 -1.40124 1.303548 1.651199 3.187509 2.884258 2.37798 2.526403 3.040221 3.39067 3.287503 3.096947 3.228211 3.265358 3.272122 3.173735 2.96413 2.654945 -128 -128 -128 -128 -128 -128 -128 -128
-128 -128 -128 -128 -128 -128 -128 -128 -128 -128 -128 -128 -128 -128 4.351205 4.012313 3.87573 3.754066 3.532641 2.394193 1.573205 2.376817 2.42371 0.8114743 2.466234 2.724864 2.519813 2.911027 -0.4092045 1.567959 3.212954 1.670697 0.8477621 0.2260743 2.251885 -0.2763939 0.9728521 1.753692 3.191884 2.314132 0.9622462 1.495198 -2.147869 -5.351028 -4.428447 -2.127429 -1.292856 0.4822694 3.756712 3.330485 3.621276 3.615161 3.680177 3.565981 3.142671 2.681802 2.56687 2.44223 2.259179 1.089832 -0.5020869 -0.2911553 2.047756 2.728595 2.07145 1.709088 1.580399 -128 -128 -128 -128 -128 -128 -128 -128 -128 -128
-128 -128 -128 -128 -128 -128 -128 -128 -128 -128 -128 4.328432 4.229745 4.159552 2.123162 2.465575 2.380677 3.195625 3.729496 3.435374 3.097452 2.032259 2.111754 0.8210756 1.56582 2.035629 2.086098 -128 2.550664 1.649034 3.23602 2.856641 1.083455 1.105396 3.175214 1.27078 -0.1290478 0.2597327 2.425627 3.813384 3.487599 1.781954 -2.365716 -5.264329 -3.229877 -1.924762 -0.3219439 0.5181002 0.4966237 -1.560166 -0.497818 2.402849 3.272931 2.80292 2.4273 0.750962 -0.1151127 -0.5871623 -2.182528 -4.100248 -2.447105 -0.5560097 2.586366 2.554205 0.5241075 -2.152082 -2.041963 -128 -128 -128 -128 -128 -128 -128 -128 -128 -128
-128 -128 -128 -128 -128 -128 -128 -128 -128 -128 -128 4.2063 4.048269 3.787288 2.006278 2.26984 2.798513 3.190477 2.860736 2.963569 1.996661 3.30345 3.238257 3.082073 2.819995 2.500896 2.61492 -128 2.664093 0.8702802 2.995445 3.170079 2.395617 2.294084 3.364808 1.342885 0.7555862 1.208785 2.757021 3.845185 1.542463 1.767649 -2.369797 -5.891616 -5.062517 -3.656576 -0.6908477 1.045192 0.09111341 -1.426658 -2.662645 -0.7946321 2.401961 3.300997 3.351158 2.20995 -0.5510332 -1.749387 -1.124487 1.792112 3.057064 3.041337 2.913352 2.695761 2.059896 0.7070737 -1.616953 -1.922273 -128 -128 -128 -128 -128 -128 -128 -128 -128
-128 -128 -128 -128 -128 -128 -128 -128 -128 -128 -128 4.064939 3.831415 3.551994 2.757049 2.545818 2.852588 2.471413 2.18223 1.764678 1.81771 1.858516 2.950571 3.180951 3.061139 2.911207 3.28921 3.465481 3.503268 2.646382 3.643643 -128 3.312859 2.903793 3.070726 2.217604 1.463034 3.390814 2.761154 0.4909449 2.521909 0.1275551 -1.98106 -4.147001 -6.447892 -2.938843 -1.938928 0.177473 2.641213 2.131632 -1.030613 -0.5329441 3.263067 3.365965 3.097548 2.448691 3.441821 3.457543 3.130302 3.270477 3.041379 1.990942 1.160454 2.145826 1.998583 2.076876 1.755427 -0.02987862 0.3743947 -128 -128 -128 -128 -128 -128 -128 -128
-128 -128 -128 -128 -128 -128 -128 -128 -128 -128 4.254295 2.952216 3.689953 2.362998 2.537432 2.312669 2.907405 2.543855 1.346423 1.113094 2.040939 2.115927 2.793683 2.928977 3.265612 3.44364 3.46343 -128 3.712463 3.687765 3.806455 3.805768 1.715582 1.57528 1.397485 3.340078 2.673287 1.544898 2.079155 2.544939 3.197559 1.625107 0.4034989 -0.1288251 -4.019532 -2.365257 -1.249172 1.202704 3.612564 3.314571 3.525653 3.140734 3.085142 1.991816 0.1435843 -0.4958245 2.015195 3.320785 1.8756 2.046312 2.929464 2.654115 2.480783 1.910868 -0.6092677 0.01357857 1.348415 0.6379644 0.1848701 -128 -128 -128 -128 -128 -128 -128 -128
-128 -128 -128 -128 -128 -128 -128 -128 -128 4.621257 2.333305 2.488432 2.764297 2.931413 3.246055 2.178648 2.30622 2.265152 1.187398 2.229266 3.294476 1.344974 2.344285 3.561933 3.418886 3.688946 3.599335 3.694318 3.8162 2.402599 2.130079 3.633919 2.8826 1.64824 2.856445 2.904042 2.958763 3.026527 1.542721 2.403434 0.9131525 2.253166 2.596226 1.629579 -2.768954 -5.187757 -1.354766 1.315421 3.153755 2.234908 2.017299 2.371482 2.634657 -0.446854 -1.674803 -1.626262 0.8060279 2.754179 3.030996 2.745803 1.297043 0.5892261 2.031115 0.7366787 1.168858 1.190794 -1.316599 -1.507536 -128 -128 -128 -128 -128 -128 -128 -128 -128
-128 -128 -128 -128 -128 -128 -128 -128 -128 4.910113 3.625793 2.815055 2.44854 3.307993 3.751692 3.331283 2.987693 1.979794 2.287472 2.909303 3.106765 3.271987 2.40393 3.550858 3.833751 3.796015 3.688247 3.771822 3.930475 3.705192 3.795537 3.860453 3.789045 3.107581 3.724749 3.568178 3.360191 3.083963 2.676605 2.891941 1.361883 -0.2531762 -0.8926848 -0.700419 -5.891582 -2.834901 -1.375098 0.8680373 2.552068 0.5965711 -3.567728 -1.66738 2.24278 -3.94666 -3.488109 -3.686864 -4.516661 -0.8567368 3.160467 0.362335 -1.884649 -1.11234 1.325634 -0.01197358 -0.5195442 0.6301213 -0.4701926 -1.26523 -128 -128 -128 -128 -128 -128 -128 -128 -128
-128 -128 -128 -128 -128 -128 -128 -128 -128 4.551984 2.317111 3.679161 3.761127 3.904076 2.934782 2.183949 2.604268 2.888738 3.609813 3.205489 4.061352 4.357842 4.263118 4.161559 4.063016 4.012453 3.971235 4.004467 4.110535 4.076216 3.896528 3.862556 4.033718 -128 3.949082 3.455096 1.537953 0.8557016 2.67893 3.191704 2.11564 0.3430539 1.308831 0.706473 -4.967263 -2.870722 0.5149231 -0.07747092 2.283293 -1.833228 -2.377523 0.5799829 1.776086 -2.353296 -4.134961 -1.812071 -2.447327 -2.561135 1.716372 -0.02731043 -2.844426 -2.727692 -1.154786 0.6970384 0.8901052 -1.312782 -1.2534 -1.51842 -128 -128 -128 -128 -128 -128 -128 -128 -128
-128 -128 -128 -128 -128 -128 -128 -128 -128 4.871608 2.878626 4.640355 4.685559 4.209073 3.263557 3.554516 3.929671 4.184353 4.659485 4.704961 4.632964 4.561857 4.476001 4.393353 4.322484 4.253759 -128 4.231281 -128 -128 4.259417 4.22904 4.205222 -128 3.940486 3.492477 2.294643 1.234362 0.5898742 2.403415 3.204965 2.363101 1.907328 1.779958 -1.978666 -3.059359 0.8236287 2.469761 3.355071 3.346293 2.981093 2.556378 2.306566 0.8277699 -1.193386 -3.094568 0.07479975 -4.566616 -2.11195 1.21724 -1.964222 -3.952173 -3.262708 -0.5440039 -0.1436116 0.005819479 -0.6038925 -1.079192 -128 -128 -128 -128 -128 -128 -128 -128 -128
