formato/VCI/bioclim_16.asc
ncols         186
nrows         781
xllcorner     -75.7
yllcorner     -56.55
cellsize      0.05
NODATA_value  -9999
[rows 680 to 713 of 781, columns 0 to 76 of 186]
-128 -128 -128 -128 -128 -128 -128 30.84695 29.03638 25.36704 25.92255 30.65312 30.83771 30.99116 29.3593 30.23683 31.01956 31.7087 31.9079 32.06158 32.0627 32.07237 32.0805 -128 -128 -128 32.06912 32.02803 31.98729 31.9987 32.06354 32.12873 32.14151 32.25841 32.17409 31.56018 29.27219 28.46503 25.74565 26.23737 29.86291 29.34414 27.77471 28.19003 23.26817 13.18177 17.92017 23.2568 26.91673 29.40314 28.24661 27.93275 25.90001 30.95708 30.93039 29.26044 29.46062 24.72908 24.67836 30.70965 30.94195 28.29554 27.79203 30.10545 28.50588 27.52541 27.35715 27.3459 -128 -128 -128 -128 -128 -128 -128 -128 -128
-128 -128 -128 -128 -128 -128 31.14652 29.9327 23.93954 26.06594 28.46218 31.00029 -128 -128 -128 31.28183 31.47037 -128 31.84156 31.868 31.9128 31.92017 31.92536 31.96342 -128 31.94641 31.71466 31.89618 31.88043 31.89352 -128 31.89761 31.58415 31.9257 31.97876 31.44724 30.01548 26.65588 25.95793 24.82799 27.85478 29.63878 25.39259 23.06962 22.75137 21.38165 23.39189 28.79296 26.43596 24.37411 24.76996 26.05465 30.29732 26.86675 26.33984 28.82131 29.0947 31.41789 31.39206 31.85445 31.50284 31.10038 30.42826 31.24375 28.56403 24.23135 23.24233 23.3117 -128 -128 -128 -128 -128 -128 -128 -128 -128
-128 -128 -128 -128 -128 -128 -128 30.66752 29.41696 29.59838 31.08023 -128 -128 -128 -128 30.83991 30.23837 31.1528 31.63171 -128 -128 31.82014 31.66914 31.82223 31.83984 -128 31.82027 31.78843 31.81585 31.82605 31.83691 31.10323 29.62831 30.01503 31.72886 31.42564 29.79785 27.82076 26.51969 26.45364 26.34926 29.65892 25.23948 23.09832 20.39647 25.85983 24.75871 23.96726 28.51832 31.39099 30.33671 29.12948 21.71985 20.63605 21.51202 17.29938 18.73145 25.2282 30.30512 31.71284 32.31708 32.37142 32.32353 31.98373 28.28594 22.10832 24.25976 27.30822 28.56181 -128 -128 -128 -128 -128 -128 -128 -128
-128 -128 -128 -128 -128 -128 -128 -128 -128 -128 -128 -128 -128 -128 31.11377 30.66579 28.77491 27.34499 30.64122 31.69484 31.73074 31.67134 -128 31.57912 31.4913 31.7497 31.75619 31.71937 31.69801 31.24076 30.48808 28.98597 27.26473 26.96765 30.96684 28.82464 29.88025 30.69164 28.98692 23.76191 23.59626 27.84296 24.10736 26.90062 26.94564 21.15018 27.35505 23.12712 26.44947 31.35883 31.41018 29.5493 29.79041 23.87502 23.11019 25.60183 19.53864 15.84683 22.36209 30.00825 32.33525 32.80486 33.0163 32.72809 31.65079 27.60473 29.12996 29.47923 29.2994 29.17179 -128 -128 -128 -128 -128 -128 -128
-128 -128 -128 -128 -128 -128 -128 -128 -128 -128 -128 -128 31.09996 30.22392 30.10048 31.21466 30.77121 28.33189 30.48677 31.18857 31.31255 31.43075 30.38878 31.53224 29.66756 30.01307 31.35915 -128 31.69698 30.98933 28.66288 27.72343 25.9775 27.32257 30.32174 30.23333 29.31512 29.49193 29.56579 26.09286 26.69341 29.77089 28.41095 28.38713 23.74588 21.81162 20.27183 28.42694 22.59555 28.72089 27.55542 27.79554 27.17773 31.55089 30.03597 30.32164 29.51211 27.96963 27.27666 27.9195 30.22227 32.22826 33.10469 33.74464 33.13812 32.31396 31.72581 30.75141 30.04199 30.18615 30.26363 30.52048 -128 -128 -128 -128 -128
-128 -128 -128 -128 -128 -128 -128 -128 -128 -128 -128 -128 30.05256 25.68664 28.54119 31.11461 29.70163 28.493 28.82217 30.4105 30.77115 31.38624 30.70998 31.47206 31.20372 27.81095 27.61926 29.92788 31.51522 31.58961 31.55918 30.99564 29.49994 27.0403 27.13507 28.13786 30.44751 28.45504 28.65299 29.92146 29.93672 29.69375 29.31061 23.94975 23.04689 13.02985 13.96145 29.82169 21.86782 27.40194 28.66546 29.75427 26.99206 31.7752 32.18373 31.93413 32.11084 31.85984 27.92453 27.30019 27.75298 31.3583 33.03549 33.91203 33.70451 32.90073 32.35598 31.71152 30.919 31.0865 31.45 31.54265 31.32551 31.36662 -128 -128 -128
-128 -128 -128 -128 -128 -128 -128 -128 -128 -128 -128 30.17673 27.95244 24.97125 28.24394 29.11073 30.64156 26.45306 27.10878 29.75833 28.96658 30.12933 31.14716 31.40203 31.40171 30.55697 28.56567 27.51839 29.60523 28.17113 31.09559 31.44539 30.46782 30.41471 30.7759 28.41517 27.57757 30.12262 29.49047 30.09191 30.58377 26.63972 29.19816 28.32955 24.73776 19.08172 14.2825 27.71507 24.1912 23.19966 21.37793 22.3363 26.63273 31.66721 28.98291 31.94206 -128 -128 31.96104 31.98135 32.051 32.65947 33.50651 33.86848 32.71675 32.75983 33.12922 32.97312 33.11584 33.34449 33.50177 33.43522 32.97493 31.92571 31.6825 -128 -128
-128 -128 -128 -128 -128 -128 -128 -128 -128 -128 -128 30.95958 29.41294 24.3301 28.19617 26.22726 30.17168 26.42944 28.42456 27.55927 29.81494 30.11086 29.95428 31.05818 31.2672 31.2465 30.11491 25.47167 24.88784 24.74729 27.62377 30.56639 30.4572 31.50095 31.38966 30.2473 28.13918 27.56839 27.2864 26.93803 30.64476 29.43187 24.68791 29.43383 27.17757 22.48016 13.76585 27.75359 29.09464 26.48837 28.82859 29.74944 29.33434 22.038 25.89514 31.24254 32.43346 -128 -128 32.40458 -128 -128 -128 -128 33.88579 33.87912 34.25288 34.2561 34.18134 34.09211 34.03275 33.79823 33.3573 32.53474 31.87766 31.79175 -128
-128 -128 -128 -128 -128 -128 -128 -128 -128 -128 30.9012 30.80837 30.27735 30.4628 25.85107 24.88366 25.95599 25.61561 24.9758 24.00409 26.71115 28.69498 29.72194 30.91601 31.08016 31.11759 31.06129 30.65534 29.29872 25.37967 26.80753 28.90932 28.00503 26.97176 30.79858 31.26785 30.98795 29.62335 27.39527 28.64685 30.75556 30.78802 27.69849 27.08316 30.05885 24.16309 20.14083 24.08261 30.99127 23.15694 24.54015 27.3042 30.47002 29.62426 29.51053 31.4658 32.51193 32.43082 32.36892 32.52585 32.86489 33.0668 33.54415 33.85752 33.36559 32.70025 33.49136 33.72347 33.44323 33.59415 33.67035 33.40696 32.90609 32.1176 31.6245 31.63966 -128
-128 -128 -128 -128 -128 -128 -128 -128 -128 -128 -128 -128 30.86644 30.15483 25.58321 23.10187 25.44931 27.34859 24.25868 25.423 28.04005 30.36124 27.86175 28.85425 30.55018 30.90032 30.95759 30.64102 30.90203 31.0322 30.71795 30.13747 26.63854 22.08207 27.10487 27.66208 29.98635 29.21525 24.52994 26.55004 30.83753 30.86782 29.91582 23.72231 26.53637 27.78617 19.15966 24.98737 31.6538 23.11707 24.90776 31.98569 26.03943 21.49339 26.78457 32.46444 30.48146 25.37785 27.43131 32.48504 32.58684 27.89556 31.80813 32.56357 32.97467 32.6605 31.97092 32.37515 31.97008 31.88836 32.02635 31.89209 31.53439 31.27658 31.28876 31.34669 -128
-128 -128 -128 -128 -128 -128 -128 -128 -128 -128 -128 -128 30.84341 27.12766 23.05795 24.05762 28.36 28.76862 26.8497 26.6871 27.34171 24.9716 23.57006 26.79001 29.67987 30.70763 30.40766 30.5535 30.63639 30.72192 31.03564 31.12201 29.60472 25.18884 25.27659 22.58855 25.50691 29.6303 30.64438 29.09568 29.38612 30.86876 30.7252 24.60829 24.97773 28.23273 25.44425 25.65482 31.01426 23.77251 25.78914 30.94235 22.8663 24.24936 31.03281 32.18739 24.58841 23.09311 24.16828 32.11397 32.05246 22.86859 24.26215 32.10825 33.00587 32.88927 31.36682 30.63211 28.85153 29.80319 30.29846 30.45092 30.44699 30.14214 30.63718 31.07226 31.25012
-128 -128 -128 -128 -128 -128 -128 -128 -128 -128 -128 -128 30.8443 30.49639 27.69415 26.43571 28.03977 27.77364 25.14704 28.31755 25.87722 27.56018 29.40971 29.83906 29.79051 30.79947 30.35283 28.99506 30.63748 30.78717 30.83 30.6617 31.10419 29.435 26.98694 26.2141 27.91815 28.58371 25.4145 28.78689 26.87203 30.33235 -128 30.2461 29.15936 28.88603 21.73978 19.7094 30.80804 27.02108 24.30567 30.89886 27.42902 29.43823 31.39573 30.31604 20.11348 26.51303 30.92987 31.24409 32.34871 27.11263 24.13737 31.01296 32.59563 31.62998 26.08876 27.42525 23.81701 25.56954 25.97183 27.30157 28.73339 27.63968 26.76074 28.8953 28.44846
-128 -128 -128 -128 -128 -128 -128 -128 -128 -128 -128 -128 -128 30.90558 29.95835 29.72761 28.92294 26.43228 30.22813 30.23521 27.51478 29.31294 30.28693 30.98515 30.96274 30.92366 30.54603 29.15419 25.29778 27.09123 28.67201 27.03606 26.32892 30.69814 29.90537 31.02746 31.06407 24.9209 23.88675 27.93908 29.08846 25.97739 29.95098 30.44394 29.22019 30.18482 28.64551 23.52969 26.40387 30.13682 29.50667 30.4905 27.69073 28.76979 30.4451 19.91256 26.04699 29.02711 21.79625 24.46774 31.15804 32.00388 31.80695 32.04995 32.03003 30.64445 22.91792 26.33299 25.22602 25.71965 27.4701 28.09483 28.49674 24.05978 23.91762 25.32189 24.16733
-128 -128 -128 -128 -128 -128 -128 -128 -128 -128 -128 -128 -128 30.9371 -128 31.04458 30.89494 30.65376 29.01308 25.42419 28.35457 30.62636 30.95337 31.04018 30.61511 28.39013 29.53888 28.40387 28.95903 28.20862 28.00908 29.00755 29.40023 28.24562 28.83852 28.90998 28.16762 29.72586 29.20385 26.53243 29.20252 29.49727 28.0989 29.85872 28.36301 24.10819 30.52341 30.44538 30.28417 27.89784 27.02609 23.62515 28.91991 28.47715 30.16716 23.86701 29.61652 23.18528 25.81653 27.79957 24.23307 23.16033 31.4793 32.7392 32.62242 30.64071 26.92673 26.17326 28.10674 28.19247 27.96306 27.29221 25.22366 25.28595 22.99128 24.87462 24.89396
-128 -128 -128 -128 -128 -128 -128 -128 -128 -128 -128 -128 -128 -128 -128 31.10869 27.72238 29.18725 30.39368 29.78667 30.31589 28.46599 30.40232 31.11215 31.02634 30.84624 30.78881 30.74408 30.01104 30.59503 29.93531 29.36752 28.57749 29.97071 25.78346 23.22168 26.58138 29.76032 30.81099 29.58143 29.64643 30.41435 29.74404 29.1907 27.45095 25.11486 25.87528 30.15079 29.33307 25.70889 23.28873 27.90361 26.83091 18.94078 25.88939 30.42214 30.49339 25.81448 23.96413 21.54932 23.6633 21.33981 29.9407 32.50371 32.28112 29.88286 27.24322 27.34286 27.465 23.46846 22.28159 23.21118 21.86278 21.56799 20.66401 23.24635 24.98093
-128 -128 -128 -128 -128 -128 -128 -128 -128 -128 -128 -128 -128 -128 -128 31.00727 29.91265 29.89949 29.60779 28.92647 27.11061 28.30577 28.08686 30.62546 31.04334 31.06299 29.30366 29.5836 30.86983 30.97372 27.37531 28.71379 28.99051 28.08393 28.47839 26.296 26.78231 24.57908 27.49899 29.44634 30.06998 30.29251 29.71168 26.41256 26.02277 22.91555 24.70657 25.60442 27.67389 28.97726 29.78241 29.11524 23.30425 23.27668 28.04014 30.30497 29.33466 20.90719 21.25146 22.72181 25.38703 30.17659 31.99556 32.34998 31.61222 28.36372 28.07353 27.3737 24.73141 21.53055 20.2379 19.84497 22.9084 22.74429 18.92348 20.06528 24.59416
-128 -128 -128 -128 -128 -128 -128 -128 -128 -128 -128 -128 -128 -128 -128 -128 31.15987 31.1818 31.09693 28.88055 29.58949 30.27651 30.7858 29.96478 30.89521 31.06792 31.10502 31.10547 31.02983 30.67939 29.78893 27.32396 26.85391 27.24575 27.27571 30.58886 29.80912 27.19756 28.38777 30.44496 30.51699 30.10298 29.88975 28.1614 26.0893 22.22443 14.63078 21.24887 26.77384 26.502 23.8349 28.35253 26.98861 26.63313 26.17074 25.41587 26.86803 24.87493 26.05356 25.32084 28.38505 30.91567 31.9912 32.19604 31.34494 29.69678 28.85303 25.35794 20.88562 20.4548 18.54124 17.97548 18.02904 22.71223 23.5163 20.61044 23.16696
-128 -128 -128 -128 -128 -128 -128 -128 -128 -128 -128 30.78871 30.87514 -128 -128 -128 -128 31.29421 31.35431 31.33034 29.13461 28.23257 31.04768 30.89509 31.09003 31.08193 31.10179 31.16028 31.1563 31.12764 30.64927 26.32278 24.32727 28.85166 30.0637 31.11812 30.80093 28.18297 26.2379 29.29163 30.44234 30.15508 30.10132 29.30173 27.24173 25.14465 24.2599 23.03267 26.09859 27.39616 20.64063 20.66634 21.29475 24.1049 22.08639 22.23095 25.08843 28.27608 29.14716 30.96547 31.44845 31.59416 31.52962 25.63547 29.49242 30.9466 26.37806 27.76048 22.93305 22.23706 19.26653 22.43023 22.75963 24.83253 24.47881 20.45532 21.84046
-128 -128 -128 -128 -128 -128 -128 -128 -128 -128 -128 -128 30.87963 -128 -128 -128 -128 -128 -128 -128 31.44757 31.37231 31.24527 30.22657 30.65599 31.24263 31.1876 31.08666 30.97129 31.16991 31.23021 31.12846 30.38903 30.06578 30.85693 28.70041 27.1799 29.90992 29.37237 28.4187 30.13435 26.98009 25.78525 28.01648 26.06217 24.6457 21.55628 19.56397 25.8637 26.4143 26.04259 22.21803 19.4235 21.59468 21.54198 24.49877 28.82012 30.47025 30.48726 30.02656 30.87197 30.44943 28.11898 21.84329 27.48022 31.40217 29.5251 28.33696 21.06411 23.25599 28.02877 27.31956 26.34797 25.83 26.2879 22.71277 20.42646
-128 -128 -128 -128 -128 -128 -128 -128 -128 -128 -128 -128 -128 -128 -128 -128 -128 -128 -128 31.50483 31.49127 31.47635 31.23898 30.17509 31.20987 -128 -128 31.24853 31.20817 31.21412 31.29713 31.32192 31.26509 31.38872 31.04548 28.77643 29.98146 29.93099 25.86956 24.18896 28.34566 29.92627 29.27064 27.9377 23.91574 21.69613 22.95378 18.90249 23.82707 21.64698 28.30402 24.67097 17.86947 25.6414 25.18048 27.98298 28.73591 25.53568 19.38715 17.373 22.00991 28.71941 31.60714 28.99466 25.67497 24.97481 31.86411 26.92331 17.66239 21.67831 29.28163 30.07001 28.54111 27.99342 28.17271 27.28556 25.25062
-128 -128 -128 -128 -128 -128 -128 -128 -128 -128 -128 -128 -128 -128 -128 -128 -128 -128 -128 -128 31.3961 31.38275 31.34348 31.21503 31.07147 30.9645 31.14184 31.16977 31.15141 31.14822 31.19387 -128 31.18045 31.21579 30.1216 29.00498 29.69304 27.23401 24.71929 27.74625 29.86027 29.98402 29.60307 25.924 23.24831 20.89297 21.02598 21.54131 23.40444 25.85648 28.80635 29.73561 26.55422 26.77188 28.45245 29.85173 25.80189 24.35714 18.32658 20.01451 23.86203 28.48623 25.58028 22.53616 25.51169 31.54751 32.3014 31.3559 28.08676 29.71216 32.07853 31.80222 30.94706 30.34226 30.57644 30.47035 30.17438
-128 -128 -128 -128 -128 -128 -128 -128 -128 -128 -128 -128 -128 -128 -128 -128 -128 -128 -128 -128 -128 -128 -128 31.08105 30.9914 30.90416 30.94581 30.96578 30.95306 30.9625 30.75861 30.18461 30.43261 30.4115 29.04962 29.07853 29.77316 27.96279 27.90694 29.33402 29.85078 29.60834 28.29447 25.86014 21.13679 23.29555 27.76139 19.79715 18.54878 20.55279 23.09161 29.58349 27.94518 24.50193 25.20715 27.76906 30.00639 30.70641 27.58022 29.61351 30.88293 30.35044 28.41473 29.67828 22.05843 21.6391 28.88369 32.33367 32.31639 32.28254 -128 31.936 31.68512 31.45043 31.39722 -128 31.70693
-128 -128 -128 -128 -128 -128 -128 -128 -128 -128 -128 -128 -128 -128 -128 -128 -128 -128 -128 -128 -128 -128 -128 -128 -128 30.80412 30.55458 30.76694 30.75181 30.75302 30.37425 30.2472 30.69185 29.3224 29.74037 29.26989 29.58096 28.82499 27.50599 29.13592 30.04969 27.17096 23.1634 23.77118 24.4229 25.00654 26.66628 27.32775 21.0534 22.77291 28.01709 26.66553 21.13793 23.69874 25.92945 26.22657 28.46245 26.94309 30.31581 30.61424 30.9627 30.97281 31.54446 29.93158 23.66382 29.76936 31.99417 -128 32.05437 31.9288 31.85982 31.67037 -128 -128 31.22139 -128 -128
-128 -128 -128 -128 -128 -128 -128 -128 -128 -128 -128 -128 -128 -128 -128 -128 -128 -128 -128 -128 -128 -128 -128 -128 -128 -128 -128 -128 -128 30.59688 30.41448 29.88068 30.48575 30.71829 30.44115 29.55266 29.03431 27.02367 28.88685 30.02542 30.15018 29.48954 27.79119 27.72984 27.84762 29.6739 28.48427 29.23333 23.73839 30.04893 29.19152 23.67284 20.65511 16.5221 20.92168 26.47945 26.67599 21.95324 24.16634 25.12948 30.61366 31.26133 -128 -128 31.88684 31.75035 32.03501 31.7266 32.01798 -128 30.51575 27.82814 29.40587 30.89894 30.32489 30.95039 31.36935
-128 -128 -128 -128 -128 -128 -128 -128 -128 -128 -128 -128 -128 -128 -128 -128 -128 -128 -128 30.58954 29.17271 30.45565 -128 -128 -128 -128 -128 -128 -128 -128 30.43297 30.38094 30.5125 30.55813 30.56531 28.77158 28.49295 29.93581 30.34977 30.23487 29.73156 29.53375 29.28924 30.08606 30.24162 29.99395 29.5061 30.27903 30.80574 24.21123 24.26842 24.14075 18.5271 22.88249 27.62247 24.88379 20.55329 22.21108 23.08819 28.37712 28.95985 31.16993 31.47466 31.86935 31.49456 29.56526 31.54893 -128 31.74416 30.04104 22.68169 19.21472 22.03953 27.43779 27.98533 27.5871 27.72042
-128 -128 -128 -128 -128 -128 -128 -128 -128 -128 -128 -128 -128 -128 -128 -128 -128 -128 -128 30.19748 24.72855 27.03307 29.5567 30.37605 30.41471 -128 -128 -128 -128 -128 -128 -128 -128 -128 -128 30.39569 30.37024 -128 30.2715 30.18415 29.80524 29.67203 29.8725 30.0254 29.89165 30.03111 30.46615 30.73029 29.89636 25.9426 17.88317 16.91617 10.53656 16.41246 25.77095 23.21165 22.35579 26.48816 28.76548 24.76993 21.63933 25.37717 31.23088 31.38244 30.3321 28.523 31.22648 30.2408 29.58689 28.68187 23.2479 22.3618 21.76353 23.0094 25.64676 24.44779 23.47143
-128 -128 -128 -128 -128 -128 -128 -128 -128 -128 -128 -128 -128 -128 -128 -128 -128 -128 -128 30.3691 29.68866 27.86708 26.17867 26.06748 28.30762 29.92292 -128 -128 -128 -128 -128 -128 -128 -128 -128 -128 -128 -128 30.17443 30.08976 29.94466 29.54205 29.42883 26.57666 25.90903 27.3017 27.80273 27.79204 25.70359 25.08389 11.10008 3.516083 4.250667 15.01958 23.54702 29.02651 25.64546 25.63246 22.69241 20.15267 20.61042 27.61124 28.12633 30.39873 30.63213 29.47809 21.30873 20.22085 22.33375 23.00991 20.99957 26.50193 26.65272 26.02082 26.93159 26.21521 24.50098
-128 -128 -128 -128 -128 -128 -128 -128 -128 -128 -128 -128 -128 -128 -128 -128 -128 -128 -128 -128 -128 29.82581 28.23113 24.2422 26.1617 28.86633 29.67617 -128 -128 -128 -128 -128 -128 -128 -128 -128 -128 29.44137 29.89812 29.33619 28.79705 28.50728 26.51518 26.59183 26.23313 25.98392 26.60829 20.05578 22.73574 17.43151 19.83329 12.86356 8.518785 17.89701 25.59352 20.07213 14.90945 12.80418 16.40252 22.88742 26.29619 25.65643 22.64461 21.41157 23.35434 28.25917 21.45916 19.94546 19.43016 18.29002 23.85792 27.58916 25.11861 25.43466 27.48208 26.66058 24.34422
-128 -128 -128 -128 -128 -128 -128 -128 -128 -128 -128 -128 -128 -128 -128 -128 -128 -128 -128 -128 -128 30.10464 27.14715 26.32249 25.88099 25.07482 28.85565 29.78089 29.97799 30.01149 30.05793 30.03123 -128 -128 -128 -128 -128 29.65258 29.78144 29.68589 29.1596 29.33071 28.75545 28.54805 27.2613 23.78094 25.66891 28.63763 25.37374 25.05537 26.12293 22.33509 17.44433 15.33493 22.63618 23.41726 18.34619 19.81163 20.46971 26.18775 20.34771 16.24987 9.835182 18.27556 24.41582 24.46714 20.95061 19.79943 21.47802 23.86014 22.70637 19.78716 19.23388 19.39768 26.38042 28.18903 26.2322
-128 -128 -128 -128 -128 -128 -128 -128 -128 -128 -128 -128 -128 -128 -128 -128 -128 -128 -128 -128 -128 29.88423 29.71074 29.37221 28.25332 26.25947 22.7743 25.00355 27.4609 27.76352 28.2663 29.45887 28.52348 29.63721 29.86282 30.20011 -128 -128 -128 -128 -128 -128 27.87153 27.79515 28.57392 26.55268 27.93631 24.62881 24.93113 23.03462 19.38161 24.2531 17.44778 13.70516 22.69327 23.1271 13.7069 21.16687 23.65676 15.81239 13.80441 9.574575 9.006099 18.29019 20.53658 21.41094 16.14791 18.66053 15.63982 14.71801 17.71441 19.85825 19.23276 23.06239 26.18913 28.30896 29.86934
-128 -128 -128 -128 -128 -128 -128 -128 -128 -128 -128 -128 -128 -128 -128 -128 -128 -128 -128 -128 -128 -128 -128 29.81418 29.80163 29.33922 23.97866 25.14556 22.52566 21.84754 24.78453 25.19265 19.21706 18.41971 25.195 28.47321 27.60468 30.00638 30.1321 -128 -128 -128 29.24115 29.1486 29.06884 27.49891 24.78915 24.1604 19.74233 22.44855 25.76061 23.65796 17.85222 18.67534 23.55149 24.08315 19.88596 19.23738 19.44743 13.78057 11.28219 19.30172 21.41832 16.00276 20.42363 24.60304 24.96967 22.29364 18.43483 15.39779 16.0437 19.11386 20.50462 24.41687 27.46838 30.33566 31.21302
-128 -128 -128 -128 -128 -128 -128 -128 -128 -128 -128 -128 -128 -128 -128 -128 -128 -128 -128 -128 -128 -128 -128 -128 -128 29.92687 28.75686 28.57008 24.55324 25.36798 21.76672 22.40721 23.2452 25.37455 24.9542 26.16136 26.09414 26.84048 28.18215 29.64048 29.81687 28.7924 29.42822 -128 29.21659 29.1744 28.54984 26.24461 19.79552 22.5546 27.13847 22.48689 22.1798 26.71024 27.01936 27.08393 21.79799 16.75582 14.83252 15.62064 18.05511 21.25286 23.49533 22.1183 24.92431 26.58458 28.51914 28.51644 28.57173 26.81208 20.31295 21.86742 24.5952 27.36488 29.56347 30.86232 30.78773
-128 -128 -128 -128 -128 -128 -128 -128 -128 -128 -128 -128 -128 -128 -128 -128 -128 -128 -128 -128 -128 -128 -128 -128 -128 -128 29.90749 29.01209 29.46566 29.37993 28.05885 29.62179 28.90178 26.45346 29.29903 25.49701 25.63535 28.22531 28.28613 26.14274 27.67246 27.09133 28.5702 29.38843 29.07335 -128 29.21714 29.0337 28.80157 28.45924 28.43593 28.66326 28.51635 28.34369 28.28205 26.5187 23.17056 22.55591 24.18875 24.96176 21.63353 22.64793 14.35819 16.5905 22.00562 21.21864 23.5623 28.84904 29.57729 29.84278 29.06575 27.65694 29.07378 30.23298 30.71197 -128 30.3946
-128 -128 -128 -128 -128 -128 -128 -128 -128 -128 -128 -128 -128 -128 -128 -128 -128 -128 -128 -128 -128 -128 -128 -128 -128 -128 29.70673 29.01218 29.19223 30.64167 30.76254 30.80771 30.00802 27.41133 27.28054 28.71025 28.11506 28.30288 27.89261 28.21454 27.36665 27.39397 24.64824 28.64761 24.50743 26.70452 29.23596 29.25914 27.69706 28.08322 28.36917 28.65848 26.9497 26.96898 27.63641 27.84247 28.71199 28.8597 27.9506 27.61948 24.94477 25.34056 23.53588 24.15133 22.16189 22.34453 27.05691 28.77526 26.91129 29.22129 30.37245 -128 30.77554 -128 -128 -128 -128
