formato/VCI/bioclim_5.asc
ncols         186
nrows         781
xllcorner     -75.7
yllcorner     -56.55
cellsize      0.05
NODATA_value  -9999
[rows 102 to 135 of 781, columns 77 to 153 of 186]
-128 -128 -128 -128 -128 -128 -128 -128 -128 -128 -128 -128 -128 -128 -128 -128 -128 -128 -128 -128 -128 -128 -128 -128 -128 -128 -128 -128 -128 -128 -128 24.16173 19.66535 21.11692 22.23319 22.31017 22.56646 22.51538 22.95946 24.16069 25.62513 28.23526 29.80833 30.83981 31.90434 32.96069 33.86778 33.98841 33.39495 32.30547 31.31758 29.93292 28.11095 26.32815 26.08251 24.72654 23.39762 21.73627 19.81446 21.30534 22.69851 23.61178 24.57001 24.76213 24.67238 24.13988 22.71106 21.23566 20.13567 19.76063 20.08045 19.49463 21.84459 18.75292 17.93642 15.71195 14.06221
-128 -128 -128 -128 -128 -128 -128 -128 -128 -128 -128 -128 -128 -128 -128 -128 -128 -128 -128 -128 -128 -128 -128 -128 -128 -128 -128 -128 -128 -128 -128 23.57675 20.07351 21.84057 20.99306 20.73683 22.66879 24.37804 24.66485 25.11347 25.71179 27.91193 29.48611 30.85619 31.73314 32.60539 33.34545 33.46201 32.90999 32.09737 31.32877 30.04307 28.5838 26.69311 25.24076 23.55439 21.66163 19.88327 19.16631 21.72486 22.89621 22.58139 23.73814 24.27555 24.00135 23.46034 22.40087 20.99541 19.98036 19.77485 20.67734 21.70954 22.5171 20.49492 18.40957 17.45308 17.48418
-128 -128 -128 -128 -128 -128 -128 -128 -128 -128 -128 -128 -128 -128 -128 -128 -128 -128 -128 -128 -128 -128 -128 -128 -128 -128 -128 -128 -128 -128 -128 23.48618 19.69744 21.66226 19.85579 18.91377 21.14176 24.33982 25.44835 26.31492 26.94937 28.5142 29.63171 30.69766 31.48745 32.3077 32.82581 32.72928 32.18759 31.50299 31.19627 29.97573 28.62906 26.65593 24.5154 22.08051 19.11201 17.45577 19.60827 22.16282 23.57919 22.91826 23.01398 23.71049 23.53243 22.76538 21.83324 20.8074 19.48013 19.77547 20.85232 22.90968 24.04757 22.41953 21.82148 20.77312 19.53075
-128 -128 -128 -128 -128 -128 -128 -128 -128 -128 -128 -128 -128 -128 -128 -128 -128 -128 -128 -128 -128 -128 -128 -128 -128 -128 -128 -128 -128 -128 23.76064 21.64055 18.36362 22.25393 21.17385 20.11455 20.71016 23.65042 25.23946 26.41603 27.78436 29.06702 29.8411 30.61673 31.34314 32.0091 32.33967 32.22797 31.57853 30.84502 30.57822 30.12108 28.80522 26.63742 24.29471 22.22111 19.15178 18.22337 20.60414 23.05642 23.88053 23.80998 23.33991 23.24445 22.82153 22.01231 20.80449 19.8011 19.22588 21.22896 22.74431 25.02016 25.62657 25.83742 24.09292 22.94577 20.80885
-128 -128 -128 -128 -128 -128 -128 -128 -128 -128 -128 -128 -128 -128 -128 -128 -128 -128 -128 -128 -128 -128 -128 -128 -128 -128 -128 -128 -128 -128 24.15823 22.18502 18.61585 21.81079 22.2178 21.59461 21.7731 22.78849 24.52554 25.86884 28.30624 29.48285 29.84355 30.42619 31.0987 31.72602 31.84999 31.56445 31.02174 30.31222 30.39299 30.47993 29.04514 27.11423 25.17472 23.12571 21.65131 21.29879 22.5897 23.50216 23.70496 23.63041 23.34229 22.98725 22.40228 21.3341 20.00883 19.45627 20.95019 23.85501 25.79571 27.37572 26.91715 26.56306 25.85617 24.91384 22.81238
-128 -128 -128 -128 -128 -128 -128 -128 -128 -128 -128 -128 -128 -128 -128 -128 -128 -128 -128 -128 -128 -128 -128 -128 -128 -128 -128 -128 -128 -128 -128 25.20031 19.58949 21.63425 22.41026 21.76524 22.17555 22.51762 24.00817 25.51877 28.16114 29.20806 29.65758 30.0256 30.6597 31.2847 31.58278 31.4599 30.77915 29.99422 30.31401 30.36203 29.25033 27.54126 25.77473 24.2512 23.50496 23.00384 23.01298 22.87918 22.68065 22.2897 22.14513 22.55082 22.3191 21.17058 19.90421 20.74075 23.44391 26.45089 28.10184 28.14875 27.7149 28.04555 27.78018 27.41744 25.72729
-128 -128 -128 -128 -128 -128 -128 -128 -128 -128 -128 -128 -128 -128 -128 -128 -128 -128 -128 -128 -128 -128 -128 -128 -128 -128 -128 -128 -128 -128 25.01522 24.61597 19.65726 22.81523 22.87943 22.20284 22.60937 22.69112 23.74116 25.71897 27.80473 28.32883 28.89071 29.44167 30.15119 30.75293 31.22254 31.25049 30.9089 30.74304 30.6437 30.18637 29.18877 27.76762 26.23253 24.86246 23.87402 22.91611 22.48925 21.78163 21.03138 20.23618 20.29283 21.88438 22.09645 21.25985 20.86847 23.25077 25.98112 28.06799 28.2506 28.21101 29.03552 29.44861 29.1413 28.92862 27.09384
-128 -128 -128 -128 -128 -128 -128 -128 -128 -128 -128 -128 -128 -128 -128 -128 -128 -128 -128 -128 -128 -128 -128 -128 -128 -128 -128 -128 -128 -128 25.1106 21.1064 18.64262 23.6234 22.78603 22.82792 22.97902 23.36277 24.28106 25.77788 27.30693 27.6415 28.33404 28.79648 29.56042 30.37884 30.9627 31.05532 31.23587 31.11678 30.49338 30.26571 28.74603 27.03316 25.70137 24.08802 22.61795 21.85924 21.71914 20.89292 19.07663 18.50996 20.08571 21.54823 21.74513 21.01241 21.49239 25.16063 27.39019 28.28535 28.65412 29.64386 30.00125 30.13157 30.0724 30.04529 28.08774
-128 -128 -128 -128 -128 -128 -128 -128 -128 -128 -128 -128 -128 -128 -128 -128 -128 -128 -128 -128 -128 -128 -128 -128 -128 -128 21.56302 22.70537 -128 24.65953 25.23924 20.10839 20.76096 23.77083 22.43427 23.61362 22.57121 23.93203 24.68477 26.45405 27.38775 28.0191 28.73219 28.88192 29.22839 29.87033 30.79412 31.47618 31.73073 31.48667 30.85928 30.03584 28.5063 26.65514 25.07811 23.56205 21.38867 20.32569 20.14778 19.41657 17.42839 19.05083 19.95426 20.12113 20.57228 20.51507 21.35928 26.25345 28.47537 28.36691 28.70646 29.80034 30.34105 30.34309 30.50782 30.87579 28.94958
-128 -128 -128 -128 -128 -128 -128 -128 -128 -128 -128 -128 -128 -128 -128 -128 -128 -128 -128 -128 -128 -128 -128 -128 -128 21.23298 19.77115 22.93131 24.21744 24.58792 24.71145 20.72599 22.69765 23.457 22.70633 23.06306 22.53176 24.17433 25.39834 27.07079 27.53979 28.42956 28.97621 29.27726 29.47212 30.05892 30.94138 31.7295 31.92482 31.55977 30.95254 29.53055 27.80774 26.36036 24.73688 23.11773 20.7513 19.08946 18.92582 18.4263 17.26258 18.68089 17.38641 16.1694 18.8544 20.34197 22.60689 27.79478 28.71892 28.03799 29.42235 29.614 29.78601 29.96604 30.34012 30.88699 29.63523
-128 -128 -128 -128 -128 -128 -128 -128 -128 -128 -128 -128 -128 -128 -128 -128 -128 -128 -128 -128 -128 -128 -128 -128 -128 21.27722 19.90653 23.61107 24.5989 25.19867 25.00693 23.59851 24.11223 23.35602 22.4605 22.54251 23.80488 24.07037 25.75166 26.98923 27.4023 28.71879 29.09765 29.33827 29.8525 30.56464 31.09852 31.10156 31.05395 30.80337 30.17155 28.85915 27.20214 25.69024 23.91323 21.80649 20.17386 18.91767 19.49722 19.05902 18.41655 17.84466 16.8197 16.23652 18.84399 21.31396 26.24994 28.77914 27.71608 28.31642 29.27749 29.45511 29.35965 29.55964 30.17759 30.63693 30.14211
-128 -128 -128 -128 -128 -128 -128 -128 -128 -128 -128 -128 -128 -128 -128 -128 -128 -128 -128 -128 -128 -128 -128 -128 -128 22.15948 21.3855 24.53338 25.38343 25.76686 25.43836 23.43413 22.48441 22.7005 21.8511 23.21835 24.02725 24.58761 25.7252 26.84552 27.86024 28.72294 28.82921 29.70378 30.21218 30.20329 30.03171 29.76564 29.10529 28.83063 28.49877 28.06293 26.78932 24.83816 23.05424 20.74954 19.48141 19.3285 20.15448 19.74691 19.21368 19.44444 19.56661 20.17605 21.25195 24.53663 28.56295 29.1936 27.9418 29.20018 29.72766 29.86906 29.70433 29.8054 30.22878 30.69964 30.48311
-128 -128 -128 -128 -128 -128 -128 -128 -128 -128 -128 -128 -128 -128 -128 -128 -128 -128 -128 -128 -128 -128 -128 -128 21.66109 21.76312 22.37187 24.83717 25.57913 25.91131 24.20697 22.6247 21.06254 21.5605 22.12487 23.91726 24.23385 24.10927 25.80177 27.23617 28.19061 28.87711 29.33892 28.94183 28.35117 28.90596 29.31017 28.65658 28.22604 27.74215 27.45466 27.43206 26.12358 23.90577 22.25336 20.82632 19.05845 19.17306 20.60266 20.58568 20.79611 20.69967 20.6006 20.8518 23.58036 27.47896 29.27369 28.79562 28.94073 29.61123 29.71861 29.87559 29.90266 29.90015 30.50259 31.03428 30.97267
-128 -128 -128 -128 -128 -128 -128 -128 -128 -128 -128 -128 -128 -128 -128 -128 -128 -128 -128 -128 -128 -128 -128 -128 21.72352 21.63011 23.13965 24.65897 25.29403 25.22652 23.96435 21.81527 20.54529 20.87909 23.31597 24.24338 24.57438 24.56669 26.13174 27.64637 28.51862 29.14724 28.75979 27.79878 27.95417 28.36487 28.38869 28.32471 28.00956 27.29449 27.83315 27.45199 25.66055 23.35421 21.84504 20.58844 18.40448 19.56418 20.55998 21.05148 21.41028 21.21905 20.68149 21.29405 25.10045 28.06673 29.58079 29.14789 29.51272 29.7937 29.93779 29.77242 29.55981 29.7625 30.49362 31.12489 31.10918
-128 -128 -128 -128 -128 -128 -128 -128 -128 -128 -128 -128 -128 -128 -128 -128 -128 -128 -128 -128 -128 -128 -128 -128 21.46163 21.81654 23.00249 23.95724 24.91988 24.63114 23.4351 22.68761 21.22608 20.91926 24.02627 24.68492 24.22378 25.24015 27.1848 28.28411 28.84595 28.11889 27.53314 28.21723 28.67044 28.08576 26.87933 26.5945 27.44197 28.5977 28.56455 27.44015 25.94083 23.68897 22.45005 21.04842 18.46524 18.87726 20.27393 21.16598 21.73357 21.5375 20.70737 22.09045 26.02357 28.45961 29.34961 29.12041 29.25929 29.74471 29.72393 29.46429 29.39096 29.63266 30.67079 31.19801 31.06611
-128 -128 -128 -128 -128 -128 -128 -128 -128 -128 -128 -128 -128 -128 -128 -128 -128 -128 -128 -128 -128 -128 -128 -128 21.19025 21.32551 22.3666 23.42297 24.29125 24.37977 24.0557 22.49086 20.46597 22.57677 23.98006 24.49261 24.80939 26.8635 27.9271 28.14839 27.98329 26.89747 27.68067 28.48762 28.23089 28.18911 27.75675 27.42987 27.16791 28.97394 28.51827 27.84387 26.37356 24.53052 23.78553 22.23414 19.45776 19.73699 20.46423 21.79158 22.3811 21.74296 20.87069 22.77807 26.49578 28.77297 29.28924 29.41393 29.42487 29.43762 29.18794 29.18527 29.31367 29.56511 30.42208 31.08526 30.92807
-128 -128 -128 -128 -128 -128 -128 -128 -128 -128 -128 -128 -128 -128 -128 -128 -128 -128 -128 -128 -128 -128 -128 -128 20.90705 20.92372 22.09373 23.58711 23.87222 23.2548 22.50511 21.22777 21.74424 23.91341 24.65214 24.99729 26.64652 27.81418 28.10127 28.22723 27.8575 27.57892 27.58826 27.50531 26.48808 25.6451 26.77419 28.55687 28.69141 28.00014 27.20862 27.07045 26.13857 25.26561 24.68096 22.03602 21.36283 22.16121 23.0923 23.66511 23.34137 22.09712 20.88159 23.13922 26.79094 28.92563 29.12151 29.8905 29.77459 29.21012 29.14367 29.14643 29.23771 29.43103 30.1781 31.06523 30.81368
-128 -128 -128 -128 -128 -128 -128 -128 -128 -128 -128 -128 -128 -128 -128 -128 -128 -128 -128 -128 -128 -128 -128 -128 20.2899 17.41654 21.90724 24.14688 24.30486 22.76727 20.95294 21.26649 23.58725 25.04913 24.39088 25.00934 26.60191 27.75864 28.35725 28.7208 28.28526 27.78006 27.35958 26.79911 26.14873 25.59425 25.74902 26.89071 27.58173 27.12698 26.42773 25.5388 25.93423 26.13462 25.43437 23.52043 22.31915 22.889 24.49489 24.96325 24.32559 23.03369 21.91898 23.70542 27.18611 29.0527 29.16301 29.91125 29.6352 28.91891 29.00838 29.09687 29.19534 29.3011 29.83075 30.86729 30.64131
-128 -128 -128 -128 -128 -128 -128 -128 -128 -128 -128 -128 -128 -128 -128 -128 -128 -128 -128 -128 -128 -128 -128 -128 19.89635 19.95214 22.70799 -128 24.50233 22.6818 20.27001 22.09026 24.82112 25.01715 24.30586 23.99429 26.1503 27.33204 27.49427 29.11427 29.62428 28.51068 26.52566 26.01769 26.95264 26.01525 26.03476 26.30198 27.18902 27.4876 26.64741 25.9366 27.00586 27.15565 26.44127 25.20207 23.45777 24.12105 24.88325 25.1642 24.99505 24.02349 22.8129 23.60199 27.18734 29.04912 29.36922 29.26363 28.80617 28.97801 28.94139 28.99012 29.17983 29.34432 29.99477 30.57011 30.34688
-128 -128 -128 -128 -128 -128 -128 -128 -128 -128 -128 -128 -128 -128 -128 -128 -128 -128 -128 -128 -128 -128 -128 -128 -128 -128 -128 -128 24.16678 22.99002 19.6298 23.03086 25.05826 24.51369 24.43771 23.60162 24.81775 26.156 26.76655 30.27719 30.89722 30.08868 28.36686 27.77975 27.83854 26.60404 27.04808 26.88809 26.5453 27.8002 27.75109 27.67397 27.92203 27.44161 26.60345 24.51694 23.0573 23.91937 24.25959 24.78115 25.14329 23.85777 21.91755 23.41573 26.79864 28.92834 29.1755 29.16218 28.89931 28.62937 28.67185 28.85879 28.97403 29.18591 29.81028 30.58798 30.28166
-128 -128 -128 -128 -128 -128 -128 -128 -128 -128 -128 -128 -128 -128 -128 -128 -128 -128 -128 -128 -128 -128 -128 -128 -128 -128 -128 -128 23.44398 22.61912 20.67882 23.24252 24.28604 24.14669 23.67577 23.5943 23.72627 26.0998 28.13466 29.9031 30.49412 30.19286 29.38107 28.84015 28.57703 28.2102 27.6646 26.51102 25.8955 26.77316 27.35872 28.02761 27.9255 26.46924 24.89476 22.84505 23.95548 25.37299 25.61927 25.76655 25.1161 23.75832 22.01571 22.34734 26.18032 28.40283 29.11776 29.25325 29.05664 28.66973 28.59235 28.60279 28.71465 28.92153 29.59709 30.06055 28.93811
-128 -128 -128 -128 -128 -128 -128 -128 -128 -128 -128 -128 -128 -128 -128 -128 -128 -128 -128 -128 -128 -128 -128 -128 -128 -128 -128 -128 22.57158 20.75838 20.28655 23.32498 24.11798 24.37017 24.53032 25.62299 25.60002 27.54471 29.2938 29.45754 30.0129 29.88529 29.6496 29.05959 27.70593 27.50239 26.60419 26.55214 25.99695 25.76833 26.66112 27.69218 27.02783 24.73606 22.76448 22.89471 24.78793 26.15611 26.25435 25.55915 24.01859 22.85272 22.80454 22.02225 25.46263 27.6738 28.43899 29.03738 28.14481 26.81095 28.15323 28.29045 28.30009 28.73137 29.51312 29.34492 27.34342
-128 -128 -128 -128 -128 -128 -128 -128 -128 -128 -128 -128 -128 -128 -128 -128 -128 -128 -128 -128 -128 -128 -128 -128 -128 -128 -128 -128 20.50645 20.19088 20.76902 23.684 24.54064 25.42644 26.13586 27.32332 28.30482 28.99881 29.54365 29.75891 30.0535 30.02277 29.70505 28.28862 27.47411 27.62 26.37134 26.32801 26.68911 26.3783 27.72785 27.2987 25.75171 23.14891 23.42982 23.61612 25.26083 26.12086 25.55252 23.88111 21.3685 20.10572 20.70127 20.63156 24.49332 26.85196 28.02171 28.57663 26.68188 25.26318 27.42683 28.24583 28.38748 28.90474 29.53144 28.69483 26.15353
-128 -128 -128 -128 -128 -128 -128 -128 -128 -128 -128 -128 -128 -128 -128 -128 -128 -128 -128 -128 -128 -128 -128 -128 -128 -128 19.43053 19.02137 20.0773 20.2871 22.61802 23.88218 24.18997 24.78119 25.56585 26.95487 28.33535 29.33427 29.73148 29.94884 30.48365 30.49905 29.65137 27.61281 25.9421 27.26453 26.79565 27.53928 27.97342 27.20743 27.76768 26.81489 25.04364 21.98146 23.61671 25.17778 25.06209 25.94302 24.80443 21.89747 20.50059 20.60367 19.30482 20.04477 24.22587 26.83749 28.0425 27.97084 26.33689 24.61662 26.64804 28.47795 29.14455 29.14293 29.47036 28.08441 25.22957
-128 -128 -128 -128 -128 -128 -128 -128 -128 -128 -128 -128 -128 -128 -128 -128 -128 -128 -128 -128 -128 -128 -128 -128 -128 -128 20.097 17.61768 19.77973 20.92857 23.20282 24.06414 23.26529 24.3611 24.81569 25.48474 27.12351 29.38375 29.98162 30.15312 30.65631 31.02337 30.52745 28.21111 26.10487 27.64327 29.29003 29.3098 28.49921 27.28745 27.229 26.07908 23.33873 21.05108 22.85813 24.74806 23.423 24.65188 24.49138 21.29905 21.67402 21.64392 20.03809 20.61771 24.97209 27.82938 28.33447 27.03953 25.06391 23.35238 25.50854 26.98366 28.94369 28.66776 28.92156 27.09477 24.36777
-128 -128 -128 -128 -128 -128 -128 -128 -128 -128 -128 -128 -128 -128 -128 -128 -128 -128 -128 -128 -128 -128 -128 -128 -128 -128 21.00272 19.14795 19.76743 20.88979 22.93213 24.76739 23.73354 23.95199 25.21048 25.1619 26.55294 29.1565 30.3575 30.41354 30.87649 31.17301 31.23739 30.30837 29.19939 29.89959 30.13734 29.65174 27.23117 26.90274 26.31564 24.85534 22.29742 22.26306 23.15999 22.6949 22.33568 24.04177 24.60074 21.67987 22.05531 21.69695 19.86348 20.65798 25.69262 28.07276 27.34725 25.38728 23.03961 23.18695 23.65576 25.25264 27.80381 27.53282 27.3134 25.3232 22.36147
-128 -128 -128 -128 -128 -128 -128 -128 -128 -128 -128 -128 -128 -128 -128 -128 -128 -128 -128 -128 -128 -128 -128 -128 -128 -128 22.18327 19.8681 19.2804 21.53875 23.58454 25.10906 24.58147 24.40684 25.47758 26.00124 26.55502 28.63942 30.22283 30.87377 31.19918 31.31022 31.53215 31.42734 30.95405 30.73977 30.1667 29.80988 28.85762 27.56824 25.69929 23.30451 22.95857 24.27965 23.83209 22.73369 23.0543 24.90623 25.15827 22.85089 21.75766 21.43248 19.99814 21.77472 25.79129 26.95486 25.35121 22.39132 20.89128 22.03903 22.16294 23.36233 25.70916 26.16095 25.48732 23.59661 20.2932
-128 -128 -128 -128 -128 -128 -128 -128 -128 -128 -128 -128 -128 -128 -128 -128 -128 -128 -128 -128 -128 -128 -128 -128 -128 -128 23.07653 20.4271 20.26823 22.44084 22.94431 25.6353 25.22263 25.14163 25.87676 25.91592 26.418 27.98679 29.7059 30.57136 31.24706 31.25368 31.46827 31.36373 30.64954 30.32985 29.03582 28.91476 28.74423 27.32594 25.82329 24.43042 25.02663 25.37905 24.61505 23.88501 24.20526 25.01345 24.74463 23.73818 22.28385 21.42275 21.57569 21.82365 25.12837 25.90731 23.89383 20.89898 19.88978 20.88176 21.1955 21.89048 23.95206 24.86024 24.10107 22.39225 18.542
-128 -128 -128 -128 -128 -128 -128 -128 -128 -128 -128 -128 -128 -128 -128 -128 -128 -128 -128 -128 -128 -128 -128 -128 -128 -128 23.61621 19.24801 20.27595 21.90258 22.82805 25.57219 25.12513 24.86111 25.47033 26.652 28.13695 29.04757 30.01609 29.28443 31.10863 31.28643 31.33027 31.2084 30.99418 30.73524 30.08507 29.61837 28.67318 27.46243 26.65481 26.26805 25.64682 25.35638 24.50496 24.15079 24.45609 24.04289 22.57934 21.15009 19.60167 20.90484 22.18929 21.29548 24.29218 25.2752 22.99659 20.21342 20.26882 21.14897 21.4556 21.68895 24.05597 23.53955 23.10138 20.89318 17.50179
-128 -128 -128 -128 -128 -128 -128 -128 -128 -128 -128 -128 -128 -128 -128 -128 -128 -128 -128 -128 -128 -128 -128 -128 -128 -128 24.00872 20.7469 18.83507 20.93322 22.94665 25.30252 26.07027 26.7251 27.42411 28.38957 29.75088 30.97605 31.43666 31.35238 31.68607 31.35567 31.27191 30.83507 29.41394 30.5535 30.2396 29.95823 28.83455 27.80778 27.26601 26.19223 24.45478 24.39243 23.25146 23.48363 23.12697 21.47301 19.35948 18.28781 19.6732 21.88357 22.77278 22.29234 24.31744 24.67825 21.72799 19.23125 20.78346 21.57763 22.53095 23.03948 23.73076 21.27694 21.21945 19.1753 16.22174
-128 -128 -128 -128 -128 -128 -128 -128 -128 -128 -128 -128 -128 -128 -128 -128 -128 -128 -128 -128 -128 -128 -128 -128 -128 -128 23.90763 20.81145 18.56387 20.65934 23.40865 24.48672 24.43557 27.14005 27.533 28.62614 30.02175 30.14127 30.63055 31.59686 31.85019 31.72678 31.72375 31.18613 29.15568 29.40967 28.77431 29.38083 29.33628 28.59962 27.61181 26.22659 24.4145 23.71542 22.0205 21.30655 21.11623 18.93893 16.73935 16.76794 20.19591 22.21537 22.9737 22.77634 23.49928 23.66439 20.96889 19.38226 21.12363 22.48702 22.99437 23.45344 22.40993 19.58408 17.77829 14.83564 12.63748
-128 -128 -128 -128 -128 -128 -128 -128 -128 -128 -128 -128 -128 -128 -128 -128 -128 -128 -128 -128 -128 -128 -128 -128 -128 -128 24.07865 20.82361 19.6886 19.86916 22.90545 23.40146 23.33444 26.10364 27.21549 26.15928 27.82381 30.14552 30.52209 31.03231 31.50267 31.82572 31.91801 31.6206 30.36761 29.00772 27.28752 28.50236 28.68897 27.593 26.4663 25.06198 22.62192 21.5413 21.15123 19.11263 19.12291 18.48038 16.82893 17.38326 20.55599 22.85967 23.00125 21.42044 21.3856 20.89502 20.67696 19.99724 21.47148 22.82904 22.75421 22.36161 20.07049 17.62169 11.71252 6.567452 7.095272
-128 -128 -128 -128 -128 -128 -128 -128 -128 -128 -128 -128 -128 -128 -128 -128 -128 -128 -128 -128 -128 -128 -128 -128 -128 -128 23.25642 19.31372 19.23691 20.0088 21.79617 22.6786 22.95712 25.15791 27.27242 26.45619 28.49873 30.07361 30.56483 31.05036 31.20275 31.49804 31.63675 31.38111 30.45197 28.88782 27.51313 27.08673 27.60252 26.9162 25.72989 23.62986 20.86716 19.60891 18.9556 17.92488 18.68341 19.35873 18.90621 19.26634 21.26158 22.78826 22.73892 21.20199 19.40733 17.36461 17.68146 19.06425 21.68715 22.79539 22.86823 21.67463 18.73302 14.53943 5.774981 3.594147 9.070394
-128 -128 -128 -128 -128 -128 -128 -128 -128 -128 -128 -128 -128 -128 -128 -128 -128 -128 -128 -128 -128 -128 -128 -128 -128 -128 22.47203 18.79686 18.27237 18.94432 20.26669 21.80054 21.92018 24.84333 26.07729 28.03289 30.28853 31.1368 31.01524 31.04114 31.1168 31.16273 31.43034 31.07543 29.53109 28.31153 27.69518 26.91556 26.77567 25.84114 25.45877 23.48797 21.29677 20.0605 18.37542 18.63361 19.13561 18.2912 17.13403 18.24263 21.66857 22.59709 22.39685 20.08773 16.68937 14.88936 15.0716 18.40839 21.33195 22.30744 21.91313 19.74785 18.33081 14.12529 9.352228 8.609577 12.30043
