formato/VCI/bioclim_4.asc
ncols         186
nrows         781
xllcorner     -75.7
yllcorner     -56.55
cellsize      0.05
NODATA_value  -9999
[rows 170 to 203 of 781, columns 77 to 153 of 186]
-128 -128 -128 -128 -128 -128 -128 -128 -128 -128 -128 -128 -128 -128 -128 -128 -128 -128 -128 -128 -128 -128 -128 -128 212.2468 231.8055 223.4825 224.8306 224.9673 223.1124 223.6436 230.5173 241.0959 241.7628 238.3362 227.4707 217.9251 212.1126 214.0362 211.4059 201.7776 192.3764 189.4062 195.9991 196.3892 189.2242 183.8159 190.8867 198.4332 222.412 250.1762 243.1759 244.751 257.575 250.3962 240.0435 243.8531 257.0009 278.9456 272.8267 262.3391 262.6924 265.2454 274.2718 300.014 301.8403 274.7228 276.1525 269.6884 -128 -128 -128 -128 -128 -128 -128 -128
-128 -128 -128 -128 -128 -128 -128 -128 -128 -128 -128 -128 -128 -128 -128 -128 -128 -128 -128 -128 -128 -128 -128 204.0933 228.5333 228.9866 227.3986 231.4627 227.3127 228.8246 230.0937 240.2659 246.4163 250.0874 248.5235 237.2369 230.013 221.661 216.9843 214.2889 203.0025 193.7661 189.2342 186.4385 191.5829 192.6469 190.222 194.8078 203.7324 221.5067 239.7296 249.4218 262.3711 267.439 247.9877 228.8541 239.2931 249.0597 278.0094 271.8306 262.4348 261.5939 261.1098 272.5463 290.2129 285.9706 283.9036 285.0863 292.4612 280.6105 -128 -128 -128 -128 -128 -128 -128
-128 -128 -128 -128 -128 -128 -128 -128 -128 -128 -128 -128 -128 -128 -128 -128 -128 -128 -128 -128 -128 -128 -128 208.3606 224.5961 232.3689 243.0166 241.2751 235.7875 228.6561 233.1522 233.9429 242.7919 255.4552 253.0909 244.4443 239.7111 237.0275 229.156 222.0362 211.9309 199.8123 192.7214 189.9207 193.3776 197.0942 186.4773 188.3202 202.2802 225.093 248.3107 258.9727 257.6843 249.5258 235.7939 225.2202 247.6741 245.6566 253.0799 264.0731 272.8694 261.0934 258.5613 267.7947 292.0516 287.2781 297.1812 290.6437 287.9262 291.8195 -128 -128 -128 -128 -128 -128 -128
-128 -128 -128 -128 -128 -128 -128 -128 -128 -128 -128 -128 -128 -128 -128 -128 -128 -128 -128 -128 -128 -128 -128 209.9681 235.1531 246.8767 252.539 246.8867 240.7334 237.1622 234.9473 240.9957 243.0197 249.5814 253.2569 249.2925 247.4277 243.9406 233.5634 226.2002 214.0776 206.2556 204.5717 202.7288 206.9471 215.3804 202.6586 203.5099 220.3158 245.0771 244.7793 259.3806 267.9557 271.339 257.5301 257.9324 256.616 233.4617 245.5251 261.7331 277.1369 272.5885 265.001 273.6842 287.7889 283.6115 304.2036 295.9993 300.4029 301.0343 -128 -128 -128 -128 -128 -128 -128
-128 -128 -128 -128 -128 -128 -128 -128 -128 -128 -128 -128 -128 -128 -128 -128 -128 -128 -128 -128 -128 -128 -128 211.2495 233.5794 250.4524 255.5542 246.469 247.3068 239.842 242.9933 237.9117 243.2186 253.7872 257.7321 265.5629 261.7047 249.2551 242.1454 237.4215 222.3986 212.9016 212.056 208.2306 208.5673 216.9126 220.9857 222.1313 243.1974 246.8389 254.5044 280.7556 289.0941 301.3872 290.6346 266.46 258.4543 243.2276 246.5017 262.1595 268.9586 268.8016 267.3763 271.6553 270.0876 271.3586 284.6677 291.8364 289.1867 -128 -128 -128 -128 -128 -128 -128 -128
-128 -128 -128 -128 -128 -128 -128 -128 -128 -128 -128 -128 -128 -128 -128 -128 -128 -128 -128 -128 -128 -128 -128 214.0148 236.5184 248.3869 248.5899 248.4595 242.1516 241.7113 241.0664 239.2856 241.5497 249.3452 259.5959 269.7447 269.5893 255.0132 248.2131 244.3844 232.8867 221.7547 217.0345 224.3686 220.3622 236.3349 239.6749 228.267 241.3457 235.4899 258.5286 291.825 294.877 296.1238 274.1988 266.0858 256.7747 256.0776 255.5873 269.3342 287.2116 264.4955 268.0894 266.2637 259.0383 280.8355 285.8463 287.3513 -128 -128 -128 -128 -128 -128 -128 -128 -128
-128 -128 -128 -128 -128 -128 -128 -128 -128 -128 -128 -128 -128 -128 -128 -128 -128 -128 -128 -128 -128 -128 -128 211.7063 218.8663 229.4866 241.3976 244.4127 232.4671 240.8319 242.2353 243.5092 240.6255 256.7701 260.6644 255.4224 264.2534 253.96 246.3238 239.1206 220.4637 212.3629 211.5914 214.3364 217.0192 229.4354 223.4833 217.5132 228.1947 231.7934 262.0798 296.387 295.2306 281.5318 276.9961 272.2769 272.5432 267.7407 271.7677 290.1892 278.595 261.6284 265.2862 270.5613 263.1012 291.2208 -128 -128 -128 -128 -128 -128 -128 -128 -128 -128 -128
-128 -128 -128 -128 -128 -128 -128 -128 -128 -128 -128 -128 -128 -128 -128 -128 -128 -128 -128 -128 -128 -128 -128 216.0658 237.1551 234.2169 229.3658 233.3443 237.1355 237.9286 240.6148 249.2659 253.7401 258.3953 255.3907 258.4353 257.6709 253.2234 252.4473 248.6485 232.0579 221.9523 204.944 201.5003 204.1067 206.2643 201.2114 204.1672 219.4511 237.1056 274.0847 295.4681 301.6059 298.7362 297.1161 294.8857 298.2539 286.179 287.1579 311.6173 286.7672 267.7987 262.1535 259.1765 272.0767 260.7189 -128 -128 -128 -128 -128 -128 -128 -128 -128 -128 -128
-128 -128 -128 -128 -128 -128 -128 -128 -128 -128 -128 -128 -128 -128 -128 -128 -128 -128 -128 -128 -128 -128 -128 221.7285 238.8182 242.4895 236.385 231.225 234.7956 222.4926 229.8326 239.3715 240.462 240.0836 238.2737 241.4486 250.8499 249.7412 245.3436 243.739 232.8326 228.8374 205.8956 187.9682 188.3841 204.7051 216.4149 223.3461 222.4301 230.5771 278.1732 293.6584 292.7045 302.0262 317.1593 314.2459 313.5765 305.9099 296.7068 313.6131 297.997 307.4913 293.8362 270.6882 274.031 270.4852 -128 -128 -128 -128 -128 -128 -128 -128 -128 -128 -128
-128 -128 -128 -128 -128 -128 -128 -128 -128 -128 -128 -128 -128 -128 -128 -128 -128 -128 -128 -128 -128 -128 -128 217.2903 228.783 233.2031 232.7235 230.2782 227.7358 217.6994 221.935 224.9517 228.0044 225.5705 234.0067 234.9363 244.2058 242.5341 241.5262 242.5506 238.7952 220.1679 204.2518 204.2508 215.8393 228.4622 217.4037 231.7541 244.0121 237.4003 250.3912 295.9224 299.1814 305.3533 319.0086 316.7783 319.9571 311.1272 301.122 302.9411 295.344 297.7849 318.8247 298.4343 309.2809 322.3924 -128 -128 -128 -128 -128 -128 -128 -128 -128 -128 -128
-128 -128 -128 -128 -128 -128 -128 -128 -128 -128 -128 -128 -128 -128 -128 -128 -128 -128 -128 -128 -128 -128 204.6323 211.2231 228.1394 232.383 228.0566 226.9393 223.073 214.3531 223.0239 221.9308 225.153 221.6152 227.7192 237.1026 236.8726 244.7563 246.9982 245.2042 234.1094 213.4646 210.0897 214.4013 234.7448 266.6848 241.8583 246.0785 254.7974 235.8854 251.0011 291.9522 308.7906 311.1786 316.4572 314.7215 319.7495 312.527 303.1866 305.4041 293.4794 311.4821 312.7993 309.4092 305.5184 311.6326 306.2599 -128 -128 -128 -128 -128 -128 -128 -128 -128 -128
-128 -128 -128 -128 -128 -128 -128 -128 -128 -128 -128 -128 -128 -128 -128 -128 -128 -128 -128 -128 -128 -128 202.1285 200.2979 208.0924 212.5052 212.2099 216.2769 218.4095 210.847 220.6369 227.8919 228.4332 227.1817 227.0654 231.3804 240.4115 246.1302 241.0575 244.6227 232.8281 223.8972 231.9857 239.0355 257.5481 272.8925 230.4309 228.2178 237.6755 231.507 261.9635 282.5217 292.1969 304.3184 313.4729 311.4482 322.8484 317.7218 316.5712 320.6819 304.8409 303.0061 304.3594 299.9514 292.6514 281.11 286.3869 -128 -128 -128 -128 -128 -128 -128 -128 -128 -128
-128 -128 -128 -128 -128 -128 -128 -128 -128 -128 -128 -128 -128 -128 -128 -128 -128 -128 -128 -128 -128 -128 200.3042 210.1407 217.051 219.9338 217.2933 222.5185 221.1273 210.8233 214.5532 216.7275 229.7327 239.6115 231.2953 230.4368 236.2705 242.6261 242.3373 251.6496 240.9054 235.2474 228.3506 232.4717 223.2 223.9872 198.4505 208.2826 231.5329 234.0176 261.6731 293.326 278.8495 284.6797 299.7487 307.6806 317.9691 320.1829 327.1263 340.4659 302.2911 290.8459 296.722 297.2891 291.2925 276.7806 274.316 291.1875 -128 -128 -128 -128 -128 -128 -128 -128 -128
-128 -128 -128 -128 -128 -128 -128 -128 -128 -128 -128 -128 -128 -128 -128 -128 -128 -128 -128 -128 -128 205.2684 196.6946 217.7025 214.2383 215.2945 215.3154 215.8284 215.0112 211.1811 225.6542 222.5732 226.08 242.1312 243.2672 246.3792 246.4341 238.0364 246.271 261.2715 235.1518 220.6846 219.5003 209.8959 199.7707 203.9823 212.7566 223.4079 232.2982 232.7265 257.7886 302.0118 291.6724 281.912 294.1202 306.7979 315.274 315.7248 322.1385 341.0246 307.634 287.468 291.602 283.285 269.2061 281.6426 286.4757 294.2416 307.3171 -128 -128 -128 -128 -128 -128 -128 -128
-128 -128 -128 -128 -128 -128 -128 -128 -128 -128 -128 -128 -128 -128 -128 -128 -128 -128 -128 -128 -128 202.2502 191.7085 201.6124 206.5849 205.0165 209.1949 202.7329 198.197 206.0487 224.6711 240.1025 242.7495 239.5534 247.7856 261.6709 253.4767 246.2047 244.7051 250.0937 245.4183 242.9209 228.5703 226.0823 228.5553 217.813 231.1342 230.3617 221.6593 214.4617 244.6893 282.2698 281.0315 277.0906 288.5785 300.1166 307.9101 312.7876 320.4097 331.4826 304.058 286.0161 286.2332 279.8755 276.2917 290.1432 310.0561 307.255 299.5313 -128 -128 -128 -128 -128 -128 -128 -128
-128 -128 -128 -128 -128 -128 -128 -128 -128 -128 -128 -128 -128 -128 -128 -128 -128 -128 -128 -128 -128 198.4887 195.053 203.3288 205.3859 207.7505 212.3716 217.6774 216.7516 222.9222 216.857 231.1695 242.069 248.6469 253.1745 263.7766 253.3786 244.9741 249.4727 252.3714 245.3106 255.854 239.3264 232.9121 246.7207 243.4543 232.9946 214.1617 217.816 224.479 249.1719 282.2652 281.776 279.1765 284.2724 287.1736 315.2476 312.1619 325.8094 337.8973 313.2483 294.6653 318.3683 293.0116 316.7544 312.1312 308.5632 303.9849 316.2666 333.3078 -128 -128 -128 -128 -128 -128 -128
-128 -128 -128 -128 -128 -128 -128 -128 -128 -128 -128 -128 -128 -128 -128 -128 -128 -128 -128 -128 216.8128 210.7889 213.0743 206.8057 209.8546 206.4084 212.6147 214.864 225.6131 234.4789 223.3848 232.3188 237.5619 245.6205 247.2867 263.8795 259.601 258.1917 258.5389 249.7967 242.1641 248.5204 241.7647 226.6437 232.2027 243.9864 222.7872 206.9138 223.4814 234.5048 249.4295 265.2312 286.2013 277.2335 279.208 288.1091 305.6627 310.9626 333.4446 340.048 318.3028 312.6796 317.3724 307.0719 303.9545 285.7804 301.7805 296.8177 318.1269 343.7296 333.8618 -128 -128 -128 -128 -128 -128
-128 -128 -128 -128 -128 -128 -128 -128 -128 -128 -128 -128 -128 -128 -128 -128 -128 -128 -128 -128 215.5863 208.8511 215.0333 206.9443 210.4475 213.6775 218.4105 221.5931 230.6387 224.6002 234.764 251.5418 237.4354 241.4411 254.4336 262.8846 260.4572 261.9708 249.2358 249.6773 239.6763 238.0424 234.1026 241.0445 230.308 232.022 208.048 207.312 218.6349 236.8176 253.875 270.8096 280.0453 287.0449 267.3416 283.5324 298.5997 316.0279 339.5762 324.0235 322.1418 312.1953 314.9072 296.4305 285.8452 277.3891 275.5792 291.6191 318.8389 326.1904 319.6789 315.0246 -128 -128 -128 -128 -128
-128 -128 -128 -128 -128 -128 -128 -128 -128 -128 -128 -128 -128 -128 -128 -128 -128 -128 -128 -128 218.383 214.3821 220.2142 216.6027 219.6231 220.6949 218.5685 222.9444 238.8945 232.151 246.9733 260.3932 254.6785 246.4626 256.437 262.0233 260.3543 264.6664 256.1987 256.2767 248.441 241.8887 247.781 238.0907 229.2419 217.2004 211.5866 221.4537 234.3667 258.7771 268.199 280.9729 295.4251 270.2487 257.8023 278.0412 290.5577 314.3475 332.8617 313.2149 314.7264 317.5057 317.058 306.2961 288.3888 282.3871 301.0947 290.2248 324.8077 324.8726 325.2693 337.8969 -128 -128 -128 -128 -128
-128 -128 -128 -128 -128 -128 -128 -128 -128 -128 -128 -128 -128 -128 -128 -128 -128 -128 -128 -128 220.5841 212.7362 223.404 228.8681 225.8276 220.537 220.1963 222.6933 229.2084 232.2691 244.8197 261.1281 252.2428 248.8 257.5497 261.32 261.7261 257.4809 259.3563 256.9666 251.2236 244.7036 249.0013 229.9605 222.7572 227.3152 233.8164 246.4787 249.2005 255.5271 263.6259 298.8585 310.5113 288.1635 278.8959 288.9117 276.3351 307.2705 326.7151 307.9005 312.5747 315.5273 315.1246 326.087 301.4211 286.687 314.207 294.0208 302.5125 307.501 314.4896 307.8323 -128 -128 -128 -128 -128
-128 -128 -128 -128 -128 -128 -128 -128 -128 -128 -128 -128 -128 -128 -128 -128 -128 -128 -128 236.7321 223.8577 216.289 223.1285 231.687 230.7581 219.843 217.0732 220.4145 228.5543 228.0499 236.8053 250.7722 253.5119 254.8316 256.5386 249.901 260.5303 266.924 261.4776 254.5893 265.9307 256.6369 236.3167 232.1763 249.2511 254.2985 249.6534 238.023 236.807 237.6126 258.8764 289.4683 313.2424 286.6324 278.6438 284.4424 278.2026 299.8531 313.2037 307.9941 333.7951 343.9831 310.7512 295.2376 288.0121 282.358 290.9262 318.43 320.1591 316.167 334.3293 332.5654 -128 -128 -128 -128 -128
-128 -128 -128 -128 -128 -128 -128 -128 -128 -128 -128 -128 -128 -128 -128 -128 -128 -128 -128 240.478 226.3659 224.1002 224.731 229.8147 233.5943 231.6448 227.5349 226.8596 234.0286 238.7969 248.1259 254.7113 256.4861 255.4668 257.7407 258.4142 272.7373 273.6804 261.713 261.0169 264.9975 242.8853 236.217 250.9145 259.604 244.4179 223.9949 217.2661 223.4826 237.7207 259.4359 291.2369 303.8951 289.2602 282.1208 288.4439 290.6139 299.8841 302.9422 303.6466 327.5773 349.1883 299.6076 279.7828 259.8884 299.1171 312.3725 319.9448 315.6111 304.9131 -128 -128 -128 -128 -128 -128 -128
-128 -128 -128 -128 -128 -128 -128 -128 -128 -128 -128 -128 -128 -128 -128 -128 -128 237.3572 241.2932 241.0432 236.223 238.4686 241.408 236.2626 237.1353 235.4037 231.9248 237.7193 247.3849 250.4976 252.8757 254.7427 256.0176 252.1035 251.0354 254.964 262.6111 260.0866 244.7786 244.424 242.0972 229.5845 240.4374 259.6493 268.6449 234.5385 231.5304 233.7092 246.4302 264.9737 289.9626 317.364 301.5544 297.1157 286.5811 300.3973 303.2028 301.0816 318.043 324.0157 317.3036 311.1339 288.0477 277.9024 277.3239 332.2416 319.3668 314.7634 -128 -128 -128 -128 -128 -128 -128 -128 -128
-128 -128 -128 -128 -128 -128 -128 -128 -128 -128 -128 -128 -128 -128 -128 -128 -128 240.6636 247.9538 250.651 247.8416 247.7574 253.7398 247.5133 246.8596 245.8201 246.9784 249.0988 251.6006 248.8497 254.1626 258.7236 258.3127 249.4062 249.9268 249.7885 255.9176 254.0009 233.8179 242.9251 254.6474 248.4464 254.0317 243.1075 238.1477 245.3165 248.4118 252.2923 272.9041 289.8999 291.7603 311.9355 314.7012 309.9268 295.3096 310.8842 302.7 304.0445 317.7523 316.6706 316.9362 -128 -128 -128 303.1162 336.4 -128 -128 -128 -128 -128 -128 -128 -128 -128 -128 -128
-128 -128 -128 -128 -128 -128 -128 -128 -128 -128 -128 -128 -128 -128 -128 -128 -128 243.8489 251.2427 256.6531 254.6893 255.1649 258.9088 260.5961 261.9761 265.2296 259.612 259.7397 250.7119 239.7764 250.0959 259.116 260.865 251.9826 250.5598 249.7179 245.4876 241.5345 238.1585 251.0533 262.8095 269.6662 280.2048 242.7424 207.5464 227.2766 246.9664 276.3225 299.4481 272.2188 274.8851 296.1674 317.0374 307.4266 297.0416 292.048 302.6383 308.0953 328.2766 324.5752 -128 -128 -128 -128 -128 -128 -128 -128 -128 -128 -128 -128 -128 -128 -128 -128 -128
-128 -128 -128 -128 -128 -128 -128 -128 -128 -128 -128 -128 -128 -128 -128 -128 -128 246.0008 250.4868 258.5298 258.2152 262.0367 268.4296 270.261 265.4409 268.0871 258.1865 252.0087 248.1079 253.9711 257.9138 262.8236 262.5797 256.0107 252.2149 245.7455 240.8083 249.4432 251.5937 268.6275 270.5939 269.9276 280.0746 237.6823 204.9829 218.3641 260.7755 283.7344 273.6821 258.5381 271.1328 298.6492 318.9403 313.4091 314.4546 297.9179 296.1463 316.7361 343.4338 326.3912 336.4902 -128 -128 -128 -128 -128 -128 -128 -128 -128 -128 -128 -128 -128 -128 -128 -128
-128 -128 -128 -128 -128 -128 -128 -128 -128 -128 -128 -128 -128 -128 -128 -128 -128 245.7556 249.0998 257.2789 257.3844 261.8004 266.945 267.5663 262.4595 258.1435 252.8381 255.941 258.7785 260.0615 265.7336 266.6063 254.1821 253.9901 257.0827 257.6822 252.6421 251.689 256.0455 271.1867 269.9407 255.2384 250.6469 240.5548 213.4205 229.873 265.3631 279.6126 260.589 265.9738 286.4293 315.8415 312.7634 311.1651 319.113 288.366 296.9872 318.8308 329.9031 328.426 330.3598 -128 -128 -128 -128 -128 -128 -128 -128 -128 -128 -128 -128 -128 -128 -128 -128
-128 -128 -128 -128 -128 -128 -128 -128 -128 -128 -128 -128 -128 -128 -128 -128 -128 245.813 252.6419 260.5699 263.8232 267.2691 268.9698 266.0844 264.2867 268.179 271.4218 280.3936 274.4115 278.0854 274.3356 274.5529 269.2164 272.4837 274.4153 268.3268 255.001 255.1575 266.4814 267.9088 255.4209 257.3835 253.543 242.6775 237.818 243.2592 267.8272 260.4268 252.6057 277.3236 317.2017 317.8163 294.6974 308.9453 285.911 289.3992 289.2254 310.4817 329.9255 333.4754 -128 -128 -128 -128 -128 -128 -128 -128 -128 -128 -128 -128 -128 -128 -128 -128 -128
-128 -128 -128 -128 -128 -128 -128 -128 -128 -128 -128 -128 -128 -128 -128 -128 -128 -128 252.3955 269.0377 269.1846 271.2643 272.3599 272.0527 274.0056 279.7332 287.8723 284.0663 283.9377 279.6643 267.6493 262.5408 276.8331 267.1833 274.3529 288.7448 287.407 257.9534 265.5109 260.4458 263.4012 261.8405 268.7033 255.6395 251.1231 267.3924 267.9112 253.9733 254.3846 273.7583 315.3629 318.7864 305.8907 298.9977 288.4563 299.4963 293.4115 317.1779 319.9647 323.6585 -128 -128 -128 -128 -128 -128 -128 -128 -128 -128 -128 -128 -128 -128 -128 -128 -128
-128 -128 -128 -128 -128 -128 -128 -128 -128 -128 -128 -128 -128 -128 -128 -128 -128 -128 251.3197 261.3183 266.4374 271.6464 277.8277 279.0112 277.6996 286.4742 291.5312 287.9843 278.7106 277.2643 270.974 259.2358 269.3798 266.3564 267.6201 275.4445 278.8661 276.2727 274.9649 260.4727 241.918 241.295 246.2066 243.9492 247.9106 267.1353 284.1617 252.9095 248.8033 290.9102 340.9651 308.7612 334.0383 343.1755 314.1053 300.1033 311.1333 315.1719 311.2671 -128 -128 -128 -128 -128 -128 -128 -128 -128 -128 -128 -128 -128 -128 -128 -128 -128 -128
-128 -128 -128 -128 -128 -128 -128 -128 -128 -128 -128 -128 -128 -128 -128 -128 -128 -128 252.9187 261.0928 266.8421 273.1361 278.9054 278.5601 284.4302 285.4208 285.9962 281.8633 266.1718 271.0929 261.3616 259.7472 268.4475 273.4025 282.1169 292.4325 274.6456 276.1339 280.2529 266.1664 236.4664 237.1356 253.783 276.4555 247.8931 266.0321 271.057 243.2195 253.3633 301.4565 312.2695 316.4808 318.052 316.5261 326.417 327.8671 312.8746 332.1216 314.1965 -128 -128 -128 -128 -128 -128 -128 -128 -128 -128 -128 -128 -128 -128 -128 -128 -128 -128
-128 -128 -128 -128 -128 -128 -128 -128 -128 -128 -128 -128 -128 -128 -128 -128 -128 -128 254.1734 266.3297 273.9671 276.2254 281.498 286.7248 288.5627 283.6724 281.2925 274.8136 260.0986 258.3315 252.6472 249.2894 247.9154 261.4684 270.856 275.9756 273.5106 273.7035 283.1744 278.4197 249.0488 253.8728 277.9467 292.8537 263.5538 271.1164 236.3923 224.1857 271.0033 294.53 289.8157 306.2815 302.1628 299.5228 331.3281 313.1336 332.0766 331.022 -128 -128 -128 -128 -128 -128 -128 -128 -128 -128 -128 -128 -128 -128 -128 -128 -128 -128 -128
-128 -128 -128 -128 -128 -128 -128 -128 -128 -128 -128 -128 -128 -128 -128 -128 -128 -128 254.7459 264.923 273.7049 278.0985 284.8048 289.5759 296.2388 289.1188 280.9009 271.3493 260.0708 254.6547 245.0361 232.297 235.1469 259.0959 270.9252 261.2368 263.9104 268.7054 273.9321 269.4886 256.0081 268.0592 274.0642 273.3711 277.0968 251.3131 209.9783 235.5177 264.9932 280.1406 289.8742 310.0341 314.0805 308.1909 315.4664 316.2671 321.0951 -128 -128 -128 -128 -128 -128 -128 -128 -128 -128 -128 -128 -128 -128 -128 -128 -128 -128 -128 -128
-128 -128 -128 -128 -128 -128 -128 -128 -128 -128 -128 -128 -128 -128 -128 -128 235.8873 240.5095 250.5539 260.5116 268.0073 277.0422 286.7115 292.8372 294.1125 291.3113 286.8861 274.9752 266.8622 261.9784 250.8806 237.0411 238.6269 268.2553 289.1466 294.4314 262.2878 255.5494 252.229 261.562 259.3794 265.2615 265.3907 270.0285 260.8096 217.2825 215.2891 248.458 265.1753 284.873 304.0296 320.041 352.1054 319.413 306.4711 314.4827 328.5757 -128 -128 -128 -128 -128 -128 -128 -128 -128 -128 -128 -128 -128 -128 -128 -128 -128 -128 -128 -128
