formato/VCI/bioclim_15.asc
ncols         186
nrows         781
xllcorner     -75.7
yllcorner     -56.55
cellsize      0.05
NODATA_value  -9999
[rows 680 to 713 of 781, columns 0 to 76 of 186]
-128 -128 -128 -128 -128 -128 -128 24.41126 28.60802 38.66271 36.96524 26.09145 26.35858 26.67338 30.89697 29.88773 27.90793 27.49629 27.91265 27.85168 28.21494 28.60482 28.99707 -128 -128 -128 30.47703 30.31713 30.16193 30.1659 30.3254 30.48593 30.9255 31.16735 32.06897 34.72926 41.88651 45.02862 55.33244 53.18893 40.50586 42.4895 46.36389 44.19235 64.8732 109.9582 92.68917 66.13367 52.01545 45.91891 51.84149 54.94875 62.33329 41.48877 40.56243 44.75562 43.3573 65.49718 69.13711 45.39492 48.39697 63.20515 66.42637 56.50749 63.72662 67.66477 67.35784 66.71801 -128 -128 -128 -128 -128 -128 -128 -128 -128
-128 -128 -128 -128 -128 -128 23.5371 26.18799 42.94658 36.77148 29.67708 25.22893 -128 -128 -128 26.87784 26.99958 -128 27.61235 28.13407 28.3899 28.7238 29.02927 29.27354 -128 29.78103 30.70015 29.86031 29.64941 29.6293 -128 30.08019 31.68571 31.28209 31.50633 33.87188 38.4673 49.47127 52.47521 57.36321 45.47379 40.21266 54.43192 65.64151 65.8736 73.72698 60.65742 41.7618 53.56989 68.0687 67.32955 62.97429 44.44316 56.05111 56.34307 45.62099 44.0542 39.50108 41.4575 42.71683 47.11796 51.85773 54.87658 52.3493 63.01347 82.49329 85.83241 84.99812 -128 -128 -128 -128 -128 -128 -128 -128 -128
-128 -128 -128 -128 -128 -128 -128 24.6424 27.44071 26.98596 24.61486 -128 -128 -128 -128 27.52527 29.19812 28.21774 27.84455 -128 -128 28.77384 29.45648 29.17769 29.30104 -128 29.70799 29.41211 29.14885 29.09765 29.25216 31.48428 35.28663 34.49108 31.51142 32.90438 37.6013 43.27744 47.92954 48.3536 48.76447 38.44125 52.59674 62.58725 78.23392 49.05735 53.68 60.8053 45.20929 39.05877 43.15282 48.36682 83.15415 87.96875 83.3401 104.2134 96.27215 62.54308 44.62476 43.16579 45.11983 48.58738 48.71056 49.84405 63.91483 90.76243 79.42725 65.45068 59.26059 -128 -128 -128 -128 -128 -128 -128 -128
-128 -128 -128 -128 -128 -128 -128 -128 -128 -128 -128 -128 -128 -128 25.54887 26.81846 32.1933 36.18011 29.0226 27.51746 27.53872 28.07237 -128 28.75044 29.14288 28.67323 28.77618 28.70788 28.62806 29.68777 31.37299 35.42984 40.36785 41.6489 32.3486 37.65906 36.00808 34.20381 38.37547 57.66228 58.98822 42.73202 55.99575 44.53263 43.96574 71.82682 42.11156 64.01566 51.66653 37.68116 38.68803 44.78211 43.57518 67.99549 72.70151 58.67118 91.78049 107.1731 80.81294 47.77121 43.79064 45.91666 46.0626 47.1784 50.53839 65.69884 57.75978 56.86662 57.6868 58.26334 -128 -128 -128 -128 -128 -128 -128
-128 -128 -128 -128 -128 -128 -128 -128 -128 -128 -128 -128 24.33158 26.02232 26.34319 24.79524 26.19551 32.52234 29.07901 27.90562 27.3852 28.01115 29.94271 28.28873 32.3699 31.84033 28.71942 -128 27.68065 29.3486 35.0745 37.81177 43.1966 39.1794 32.51943 33.02166 36.21447 35.86094 35.50656 45.79992 44.58831 36.51302 39.54731 39.16324 55.22597 65.20688 74.58973 40.6221 69.2717 44.1814 48.41751 48.27045 50.24248 37.40894 41.51551 41.21819 43.93055 50.45382 54.42286 54.36684 49.39729 46.13992 44.51912 43.76795 45.84702 47.69357 48.99215 52.8846 55.88007 55.4112 55.08335 54.16431 -128 -128 -128 -128 -128
-128 -128 -128 -128 -128 -128 -128 -128 -128 -128 -128 -128 25.56785 35.93488 28.81313 25.27355 26.7224 30.69226 31.24578 28.78507 28.29517 27.22738 28.22392 27.50024 28.13931 36.3271 37.01141 30.85272 27.36034 27.14998 27.97301 29.53883 33.03202 39.281 39.57174 37.25788 32.67267 37.26315 36.67464 34.11063 34.82827 36.39679 36.68365 53.86834 58.03866 108.3188 106.0988 35.86286 72.05156 47.12762 43.83548 41.2755 49.95506 36.57904 36.21286 37.5776 37.99478 39.55995 52.3854 56.9828 58.18442 48.24467 44.82657 43.18677 44.55228 46.68381 48.2446 50.67378 53.87046 53.47124 52.01208 51.49018 52.10651 51.9024 -128 -128 -128
-128 -128 -128 -128 -128 -128 -128 -128 -128 -128 -128 25.02387 30.24731 37.78271 30.07191 27.42947 24.46592 34.53628 34.0701 29.43156 31.35874 29.36347 27.34421 26.66642 26.88894 29.05259 34.18987 36.27934 31.46562 34.04419 28.02971 27.24359 30.01214 30.64343 30.62935 36.27697 38.55404 33.23554 34.59529 33.60211 33.38101 44.78295 37.06537 38.98453 50.44004 80.95638 105.0955 41.08592 57.4745 65.2582 76.61154 72.0213 51.55754 37.30797 45.40401 38.89451 -128 -128 41.90258 43.06226 44.9383 45.56264 44.13917 44.21358 48.24398 48.51854 47.72569 48.5675 48.4922 47.96062 47.47815 47.26606 48.32347 51.46335 52.08289 -128 -128
-128 -128 -128 -128 -128 -128 -128 -128 -128 -128 -128 23.47304 26.73769 38.26644 29.3654 33.07639 25.59654 33.22211 30.60824 32.95773 29.03053 29.11611 29.13102 26.55991 26.54619 26.63426 29.93396 41.19792 43.18077 43.25622 35.08282 29.00905 28.83752 27.48384 28.36666 31.77294 36.91371 38.67879 40.03024 41.1184 33.38587 37.25727 51.34455 36.08784 41.48701 59.34055 105.8345 40.5739 39.21582 48.81231 41.98223 40.13344 42.55569 75.68272 57.66576 41.93675 40.8545 -128 -128 43.54181 -128 -128 -128 -128 46.20345 47.30802 46.89074 47.21148 47.53269 47.92765 47.89633 48.32357 49.1158 51.13478 53.12034 53.57072 -128
-128 -128 -128 -128 -128 -128 -128 -128 -128 -128 23.35069 23.6058 24.41387 25.35853 34.16985 36.03627 32.96315 35.02441 38.51806 42.17982 35.35179 31.37419 29.31646 27.21947 26.47914 26.5513 26.8641 28.32346 31.51342 40.7315 37.00151 32.2535 34.62915 37.13002 28.90572 28.08821 30.03724 33.4034 38.65421 35.7791 32.78809 33.78858 41.00068 42.51948 34.73466 52.14547 73.61778 54.70402 35.55719 64.03262 57.61156 47.19227 39.20167 42.45087 44.25669 40.63843 39.71679 40.9062 41.90426 42.64134 43.05533 44.14129 43.8517 44.26159 46.349 48.46807 46.91478 46.70615 47.88371 47.42768 46.95649 47.27831 48.41714 50.22757 51.71325 51.75188 -128
-128 -128 -128 -128 -128 -128 -128 -128 -128 -128 -128 -128 23.24586 24.14931 34.37706 41.55856 34.44389 31.36764 40.3682 37.71991 31.92272 28.10645 32.89133 30.89834 27.31111 27.26858 26.84847 27.54149 26.78922 26.65045 28.30999 29.8603 37.9813 53.89056 37.28936 35.40726 30.73954 33.24389 46.64325 40.62103 31.96614 33.30708 35.28416 54.91764 44.61001 40.99429 80.51816 52.21108 34.77706 64.53435 55.97522 35.31003 53.09643 77.48418 52.88917 37.93508 44.33492 64.44579 56.39949 41.85872 43.2025 59.5758 46.95108 45.96804 45.33859 46.81871 49.15149 48.38037 49.89431 50.0859 49.30384 49.27792 50.04617 50.44432 50.34236 50.39727 -128
-128 -128 -128 -128 -128 -128 -128 -128 -128 -128 -128 -128 23.26876 30.6694 41.81593 38.22677 28.53441 28.61933 33.2176 34.06787 33.15639 39.58414 44.05917 35.20953 28.99928 27.64709 28.05732 27.55382 27.37139 27.07556 26.47556 26.78562 30.43967 41.59424 41.77824 51.1982 40.43065 31.60887 30.56254 34.55817 34.32711 33.04268 33.58279 51.31223 50.57548 40.64104 49.327 50.28816 36.85583 61.59161 52.95676 37.8727 68.25952 61.94157 39.59141 38.18831 66.2057 75.06953 71.53702 41.94978 43.55808 81.19438 75.41197 46.05594 43.99506 45.10197 49.70292 52.03364 58.05164 54.19316 52.04319 50.98386 50.6266 51.44831 50.10024 49.13189 48.99385
-128 -128 -128 -128 -128 -128 -128 -128 -128 -128 -128 -128 23.33022 24.79145 30.0058 32.31517 28.87999 30.38503 36.9073 30.21292 36.0144 32.41029 29.19544 28.43967 27.87934 27.46108 28.38461 30.80883 27.84116 26.89515 27.29087 27.19875 27.08657 30.83733 36.15936 38.16107 34.38376 33.67291 42.05618 34.64285 40.24669 33.91745 -128 35.09541 38.27655 39.72052 68.52459 81.34201 37.83864 48.83244 59.75881 38.23632 48.13754 42.79087 38.57104 42.22039 86.72632 56.74079 42.99069 43.34146 41.59988 59.91497 74.87215 47.92606 43.78736 47.24909 69.15113 62.43346 78.19581 69.67506 66.18652 59.11276 53.3744 57.16989 60.68849 53.28849 55.65609
-128 -128 -128 -128 -128 -128 -128 -128 -128 -128 -128 -128 -128 23.21659 25.49545 26.37495 28.01511 32.83876 26.37584 27.07785 31.56057 28.34301 26.4666 25.29192 26.34431 26.29299 27.30883 30.92344 39.74585 35.14468 31.92415 35.80987 37.01499 27.81636 29.14228 27.08524 27.3198 41.15047 45.6987 35.48198 34.75017 44.53014 35.16433 34.95733 38.48666 36.92962 41.53333 62.27368 50.94544 40.53794 42.07938 39.54118 47.65471 44.81921 40.88119 85.8158 56.00021 46.69098 78.90211 66.59929 43.18592 42.35091 43.61938 43.72718 44.30632 48.58964 80.94416 65.28984 70.31806 66.87021 57.66522 53.7145 51.86113 71.35239 72.18326 66.08515 72.14769
-128 -128 -128 -128 -128 -128 -128 -128 -128 -128 -128 -128 -128 23.21 -128 23.57744 24.06317 25.60927 29.13162 36.4535 29.92762 25.57011 24.90292 25.79076 26.39472 31.1072 30.24065 32.33344 31.44045 32.75188 33.08604 30.66064 29.94362 32.05475 30.45764 30.01498 31.43978 29.45885 31.43279 38.4946 33.97371 35.18188 38.96418 35.52217 39.60444 54.21019 35.6435 36.84173 38.45564 45.84789 48.95273 63.52887 43.98656 45.75784 41.6488 65.90477 44.36206 71.85603 59.87753 53.16095 70.66936 76.12796 44.19168 41.91741 42.68552 48.10217 61.96592 65.13992 56.09255 54.77169 54.54164 56.01723 64.82222 64.17029 75.17701 67.07017 67.89213
-128 -128 -128 -128 -128 -128 -128 -128 -128 -128 -128 -128 -128 -128 -128 23.19523 29.5244 28.00982 26.15552 27.83739 27.31861 30.05268 26.3219 25.10694 25.59408 26.93352 27.77572 27.42233 28.33093 27.53835 28.67636 29.5722 30.898 28.66787 37.36538 44.88434 35.01387 29.33929 28.19089 31.23742 32.72676 32.89275 34.70569 36.38188 41.16571 49.01022 47.22494 36.87354 40.04579 52.31724 64.15364 46.40295 50.91835 88.756 55.89184 41.69554 42.2261 58.84081 69.71272 81.6179 73.36771 85.55599 49.13376 42.16434 43.32782 50.08952 59.73494 58.71898 57.41062 74.73689 78.83401 73.77322 79.37344 80.69391 85.28957 73.8517 66.06809
-128 -128 -128 -128 -128 -128 -128 -128 -128 -128 -128 -128 -128 -128 -128 23.54336 26.33072 27.40803 28.25645 29.63841 33.08881 30.69663 31.02805 26.5426 25.56455 25.96435 29.51445 29.0184 26.68613 26.4561 32.80749 30.4315 30.09035 31.84775 31.10526 35.89913 34.96487 41.12442 34.16536 31.28659 31.63799 32.9282 34.29456 42.69251 44.78967 57.11411 50.19612 48.51711 43.58235 41.04715 39.88047 42.0576 65.14215 67.1015 47.98244 41.84991 45.17077 82.19782 81.40959 75.80115 64.54413 47.65866 42.87289 42.12702 44.41471 54.42492 55.50801 57.36104 69.15616 82.64205 87.17525 87.60088 73.05011 73.36158 91.33453 86.82418 65.51755
-128 -128 -128 -128 -128 -128 -128 -128 -128 -128 -128 -128 -128 -128 -128 -128 23.8377 24.74971 25.22247 29.48731 28.60131 27.25642 26.66748 27.72151 26.13946 25.79958 26.07001 26.07245 26.41457 26.42893 27.85553 32.90357 34.24442 33.32018 33.23466 27.25889 28.67634 34.22738 32.19929 29.32806 30.6314 32.89587 33.39667 37.47413 43.49622 59.22354 101.2942 67.74205 45.79026 47.8721 59.03149 43.50198 48.96252 51.44093 53.87855 57.57162 52.43514 61.72941 57.60931 62.04346 51.32442 44.93911 42.03931 41.87835 43.98775 48.76642 51.37608 64.98047 85.2679 86.1835 93.23438 94.66761 93.50162 71.20941 66.90662 81.56255 70.02903
-128 -128 -128 -128 -128 -128 -128 -128 -128 -128 -128 22.87127 23.03597 -128 -128 -128 -128 23.75627 23.92299 24.95828 28.56826 29.93489 25.97031 25.7959 25.35405 25.68484 25.96596 25.71024 25.55361 25.52535 26.5048 34.87442 40.06244 29.87254 27.67409 26.27178 26.86887 31.81115 36.68408 31.2905 30.69604 32.66704 32.69328 34.4177 39.3384 45.55404 48.78624 56.19416 46.73428 44.34476 75.10236 76.44324 74.47266 61.20436 72.93484 73.17352 58.97847 47.82187 45.96971 41.91188 41.93364 42.55606 42.43771 62.39929 47.86238 43.95784 59.01955 53.10021 73.99398 75.88055 87.86926 71.2968 68.52184 57.34144 59.06915 80.09214 73.92081
-128 -128 -128 -128 -128 -128 -128 -128 -128 -128 -128 -128 22.84014 -128 -128 -128 -128 -128 -128 -128 23.62195 24.52007 25.25638 26.73454 25.74071 25.209 25.65395 25.75076 25.84856 25.45087 25.38237 25.61633 26.96018 27.60113 26.53291 30.01386 32.90574 28.50282 30.06639 32.77311 31.06499 39.39871 42.8708 37.42609 42.67324 47.55807 60.92807 75.4656 47.74583 47.11719 49.65339 68.31602 83.57748 74.06425 74.74847 59.90765 44.78973 41.04224 41.75304 43.68681 42.67184 44.98449 52.10316 80.03503 54.3709 42.6321 48.00525 51.75114 83.25394 72.51662 49.55434 50.28629 53.37988 55.12027 53.44152 71.20518 82.90287
-128 -128 -128 -128 -128 -128 -128 -128 -128 -128 -128 -128 -128 -128 -128 -128 -128 -128 -128 23.34013 23.43011 23.51658 24.26086 26.66065 24.86371 -128 -128 25.28501 25.37485 25.34477 25.26989 25.26685 25.42079 25.32664 25.98039 29.60822 27.93721 28.51172 37.22381 42.92939 34.15031 32.57625 34.1629 37.41808 49.80195 60.27182 54.65756 79.04789 55.62966 67.94325 42.20856 55.13035 89.90317 53.71822 55.89219 46.4822 44.90825 56.72629 87.76259 98.11172 77.15118 49.34582 41.48575 48.49572 60.88193 64.76622 41.90407 57.34452 99.54143 81.03061 46.91494 43.67278 47.62088 48.91753 48.50759 51.9882 60.4769
-128 -128 -128 -128 -128 -128 -128 -128 -128 -128 -128 -128 -128 -128 -128 -128 -128 -128 -128 -128 23.4131 23.53959 23.84651 24.48765 25.72694 25.47149 25.20485 25.21445 25.29055 25.36711 25.39639 -128 25.51326 25.46111 27.11405 29.12966 28.35938 33.3531 39.79518 33.51699 30.94595 32.15808 33.15645 42.63672 52.56999 64.66077 65.33886 65.09819 57.42488 48.77133 40.58475 38.78699 48.48502 48.72847 44.01623 40.78877 53.68787 61.18726 91.91675 85.63988 67.20216 49.50566 60.51667 75.02929 60.72137 41.5088 40.51973 43.17621 52.93717 47.49518 40.69992 40.7639 42.72135 44.18272 43.74761 44.50978 45.70088
-128 -128 -128 -128 -128 -128 -128 -128 -128 -128 -128 -128 -128 -128 -128 -128 -128 -128 -128 -128 -128 -128 -128 24.28302 24.64562 25.07474 25.29227 25.28831 25.422 25.54037 25.98654 27.02647 26.63541 26.67166 28.93973 29.07942 28.15233 31.7015 32.07463 30.37293 30.76007 32.56278 35.78171 42.87394 62.75 53.50221 40.02922 74.86904 83.85374 74.28285 60.20293 38.72498 43.63147 56.2896 54.33472 45.60881 40.12349 39.29644 48.46264 43.05684 40.65219 42.84828 48.12447 44.9863 76.38212 79.12524 49.20147 40.15049 41.33094 41.85128 -128 42.51524 43.34794 44.20354 44.59127 -128 44.27359
-128 -128 -128 -128 -128 -128 -128 -128 -128 -128 -128 -128 -128 -128 -128 -128 -128 -128 -128 -128 -128 -128 -128 -128 -128 24.91026 25.50393 25.35863 25.55781 25.74137 26.74028 27.1045 26.51183 28.53623 27.88939 28.77413 28.16086 29.77939 32.61936 30.4082 30.26671 37.47852 50.65329 49.67213 48.35866 47.34585 42.67943 42.56313 70.61362 62.28988 42.70153 46.9651 72.34055 59.5694 51.21659 50.19988 43.68812 48.67657 40.18763 40.24458 40.11406 40.64666 39.28515 43.14218 67.20753 45.24043 40.46823 -128 42.31875 42.94424 43.69939 44.55994 -128 -128 47.37108 -128 -128
-128 -128 -128 -128 -128 -128 -128 -128 -128 -128 -128 -128 -128 -128 -128 -128 -128 -128 -128 -128 -128 -128 -128 -128 -128 -128 -128 -128 -128 25.56436 26.31846 27.25213 26.29112 25.92642 26.52 28.01061 29.04074 33.08749 29.85523 28.80271 29.96518 32.48905 36.79211 37.969 38.49676 34.97449 38.45316 37.63139 55.33809 36.91023 38.07533 54.71381 72.47702 94.02917 73.23391 48.37201 48.05764 69.51456 58.39811 54.68587 38.74955 37.50728 -128 -128 36.28185 37.48362 37.5178 39.21811 39.18105 -128 43.7853 51.62318 47.13816 44.2384 46.40856 44.74306 44.6274
-128 -128 -128 -128 -128 -128 -128 -128 -128 -128 -128 -128 -128 -128 -128 -128 -128 -128 -128 23.04286 25.32623 23.39746 -128 -128 -128 -128 -128 -128 -128 -128 25.70356 26.09871 26.0147 25.99545 26.05428 29.15249 29.83549 27.7947 27.47498 28.51796 30.57689 32.26611 33.60746 32.97488 33.29365 34.51402 36.16637 35.00749 34.62384 52.73156 51.01834 50.06149 79.9109 57.73003 42.36112 52.32212 74.12182 65.51939 61.2184 42.1341 40.24763 35.17315 34.43243 33.45032 34.50031 39.65015 36.22538 -128 37.03177 41.62478 70.97691 87.09837 74.80651 51.94236 50.91641 52.63367 52.36582
-128 -128 -128 -128 -128 -128 -128 -128 -128 -128 -128 -128 -128 -128 -128 -128 -128 -128 -128 23.17899 34.15158 29.76807 25.15196 23.4721 23.54775 -128 -128 -128 -128 -128 -128 -128 -128 -128 -128 26.52825 26.8153 -128 27.51359 28.4564 30.37238 31.9455 32.38971 33.0805 34.0993 34.73246 34.50003 33.92779 35.70743 45.10019 81.67834 84.89935 111.3261 88.77457 45.32167 56.61408 62.37851 46.11418 39.98066 51.56744 65.08556 47.56132 33.18116 32.7079 35.12935 40.10353 35.56411 37.81169 39.93134 43.224 63.48523 69.41831 74.25993 69.61552 57.74052 63.35864 68.77906
-128 -128 -128 -128 -128 -128 -128 -128 -128 -128 -128 -128 -128 -128 -128 -128 -128 -128 -128 22.46038 24.30893 27.95606 31.69473 31.82275 27.20565 23.97202 -128 -128 -128 -128 -128 -128 -128 -128 -128 -128 -128 -128 27.78483 28.62823 29.97906 31.9791 33.24807 40.64221 43.59304 41.07292 40.84148 39.88088 45.02299 45.92365 109.3328 112.9947 114.3826 93.40976 50.36547 36.45355 47.23374 47.34779 58.96634 72.34059 68.43545 40.01591 38.48709 33.69546 33.56561 37.05648 68.67272 75.2671 64.23078 60.99998 72.28021 47.64104 48.93428 53.03539 50.59459 53.56369 60.84602
-128 -128 -128 -128 -128 -128 -128 -128 -128 -128 -128 -128 -128 -128 -128 -128 -128 -128 -128 -128 -128 23.58504 27.03033 35.4773 31.70027 26.66068 24.11514 -128 -128 -128 -128 -128 -128 -128 -128 -128 -128 28.85688 28.32684 29.88766 31.99051 34.02847 39.41559 40.44484 42.67898 44.50121 43.92924 70.36407 54.62458 79.88454 60.99007 100.0976 114.3777 73.29128 41.30569 68.2524 98.94732 106.8564 90.44647 55.71894 42.79042 43.97789 54.9357 60.9356 53.01878 39.22898 66.02921 75.59672 78.01086 83.51138 54.02314 41.4566 50.70193 51.68565 45.98712 49.16248 57.70518
-128 -128 -128 -128 -128 -128 -128 -128 -128 -128 -128 -128 -128 -128 -128 -128 -128 -128 -128 -128 -128 22.31486 28.08089 30.84038 32.34383 34.2516 27.13507 24.91357 24.46742 24.49633 24.78804 25.16534 -128 -128 -128 -128 -128 27.94159 28.05272 28.92541 30.982 31.81117 33.91826 35.34888 39.50372 51.14889 45.57989 37.26479 44.79835 44.1565 38.5928 47.64303 76.77335 90.12734 52.4314 52.32641 80.67497 73.32303 69.22628 44.3738 69.29865 90.50653 113.3721 81.55919 51.47292 52.68218 71.53773 77.53706 68.4197 56.18982 61.3426 77.55991 81.66047 82.3232 50.14315 45.03671 50.69788
-128 -128 -128 -128 -128 -128 -128 -128 -128 -128 -128 -128 -128 -128 -128 -128 -128 -128 -128 -128 -128 22.59705 23.34786 25.26328 27.55967 31.74145 40.54641 35.06374 29.83211 29.20455 28.28694 26.71433 28.62238 26.74433 25.81851 25.74172 -128 -128 -128 -128 -128 -128 35.18502 36.30871 35.54729 41.438 39.28358 47.88252 46.16026 51.80451 66.90688 43.26709 78.60331 100.5808 53.62595 54.43946 104.2698 65.81463 54.23236 93.76964 103.8832 114.133 115.7641 82.42636 72.13795 69.16677 97.30553 85.50603 100.12 104.3121 88.89017 78.59135 83.35258 65.13754 52.16148 45.34051 41.26534
-128 -128 -128 -128 -128 -128 -128 -128 -128 -128 -128 -128 -128 -128 -128 -128 -128 -128 -128 -128 -128 -128 -128 23.00095 23.53625 25.81438 36.81765 34.647 41.27911 43.42552 35.48956 34.63502 55.62544 60.55017 34.84389 28.18506 29.75081 26.21032 26.44286 -128 -128 -128 31.56631 32.59531 33.55022 37.75781 46.38692 48.78305 69.36747 54.17031 42.03197 47.23284 77.19837 74.21409 51.02378 50.66144 73.55691 77.29341 76.05478 104.478 110.3071 75.06536 64.20084 93.98289 73.12983 53.804 54.38305 66.99717 86.64055 101.7259 97.94384 83.21785 76.99589 58.27992 48.09015 40.60554 38.67989
-128 -128 -128 -128 -128 -128 -128 -128 -128 -128 -128 -128 -128 -128 -128 -128 -128 -128 -128 -128 -128 -128 -128 -128 -128 23.06001 26.02537 27.50518 35.20327 33.56098 42.1483 40.54966 39.48765 34.75832 34.84373 32.18363 32.29528 31.34391 29.00373 27.25335 27.94773 30.71544 30.2155 -128 31.8786 32.60053 34.72069 40.68314 66.44292 52.73735 38.54365 52.56612 54.90753 40.63031 40.91574 41.81153 63.17213 89.62794 99.9192 95.41958 82.21549 63.162 54.23351 62.65493 51.71352 47.70261 43.15777 42.83841 42.74209 48.09875 77.08781 68.68158 56.26358 47.30826 42.01749 39.10912 39.83622
-128 -128 -128 -128 -128 -128 -128 -128 -128 -128 -128 -128 -128 -128 -128 -128 -128 -128 -128 -128 -128 -128 -128 -128 -128 -128 23.11238 24.42258 25.20284 25.51167 26.66558 25.05824 27.05011 31.26776 26.75379 32.83236 32.43053 28.25336 28.69553 33.12919 30.96769 32.99029 30.75054 29.90463 30.86738 -128 31.79898 32.62331 33.65907 34.92699 35.36629 35.29183 36.23357 37.37527 38.29321 43.57857 56.3923 59.55243 52.26999 49.3354 62.41502 57.06252 102.7824 92.07864 66.36282 72.09089 61.01797 42.4705 40.46556 39.56781 41.21875 44.80032 41.63688 39.39167 38.98838 -128 41.1955
-128 -128 -128 -128 -128 -128 -128 -128 -128 -128 -128 -128 -128 -128 -128 -128 -128 -128 -128 -128 -128 -128 -128 -128 -128 -128 23.46124 25.66636 24.3552 22.32729 21.98599 22.28228 23.37403 29.25376 29.47185 26.81258 27.94851 28.01455 28.86151 29.05367 31.31056 31.88371 38.32655 30.29315 39.43884 34.66019 30.18622 30.64696 33.88605 33.73178 34.17327 34.29777 38.92526 39.68012 38.82105 39.08433 37.89194 37.92461 40.42411 41.27097 48.546 46.81955 55.82347 55.26202 65.87755 64.96753 47.00373 41.89954 46.3547 39.84027 36.69912 -128 35.56893 -128 -128 -128 -128
