formato/VCI/bioclimatica_2.asc
ncols         186
nrows         781
xllcorner     -75.7
yllcorner     -56.55
cellsize      0.05
NODATA_value  -9999
[rows 180 to 215 of 781, columns 83 to 165 of 186]
nan nan nan nan nan nan nan nan nan nan nan nan nan nan nan nan 1.400072 3.022053 4.85082 6.822526 8.777781 10.29411 11.46054 13.24691 14.56798 15.06852 15.57817 16.46184 16.92907 16.88274 18.15425 17.98224 17.30028 16.65097 15.09386 13.95436 12.64699 11.35209 9.857749 7.385665 8.622931 9.49333 8.458025 10.4741 12.34868 11.41807 11.91594 13.01892 14.57968 16.3937 17.4052 17.20115 16.25755 15.13267 14.26177 12.33584 11.16228 10.76368 9.634236 9.085097 9.376221 nan nan nan nan nan nan nan nan nan nan nan nan nan nan nan nan nan nan nan nan nan nan
nan nan nan nan nan nan nan nan nan nan nan nan nan nan nan nan 1.552559 3.295853 5.28019 7.257872 9.309721 10.6677 11.51041 13.15361 14.48514 14.92429 15.38759 15.65404 16.2899 17.04764 17.9249 18.34377 17.35643 16.38893 15.08926 13.63818 11.23057 9.628885 8.329874 5.958838 8.924687 9.785951 9.97801 11.50474 11.57522 11.62864 12.95905 14.44038 15.38089 16.42152 17.07425 16.79229 15.64023 13.51149 13.84992 12.20735 11.47714 10.82112 10.16175 11.4041 11.17799 nan nan nan nan nan nan nan nan nan nan nan nan nan nan nan nan nan nan nan nan nan nan
nan nan nan nan nan nan nan nan nan nan nan nan nan nan nan nan 1.702882 3.245722 5.142859 7.169824 9.405933 10.04985 10.48426 12.05803 13.66549 15.28241 15.09785 14.97931 15.80392 16.36191 17.66017 17.90799 17.04651 15.36469 14.22546 12.9066 11.80102 10.2468 9.37848 8.087569 9.626885 10.75528 9.771212 10.58476 11.22999 10.26848 12.3332 14.08753 16.01127 17.03147 17.28006 16.44817 14.81209 12.24131 13.53769 13.74697 11.8909 10.55983 10.41739 11.24608 12.44867 10.26891 nan nan nan nan nan nan nan nan nan nan nan nan nan nan nan nan nan nan nan nan nan
nan nan nan nan nan nan nan nan nan nan nan nan nan nan nan 1.024142 1.819851 2.957054 4.961648 7.028955 9.683329 11.22344 11.655 12.62973 12.75622 14.20179 15.42985 14.95184 15.22092 15.56835 16.68222 17.62549 17.02081 14.73179 13.66733 12.54005 12.12069 11.47389 11.24467 10.81778 10.45037 9.714523 9.516117 10.07975 11.25903 9.601606 11.47537 13.62833 15.17398 16.71024 17.11366 16.41432 14.63262 12.33488 13.95907 13.91057 12.62748 11.78887 12.47052 12.00442 11.81071 12.11249 11.43577 nan nan nan nan nan nan nan nan nan nan nan nan nan nan nan nan nan nan nan nan
nan nan nan nan nan nan nan nan nan nan nan nan nan nan nan 1.148474 2.032053 3.263656 4.728763 6.718931 8.764338 10.69152 12.0652 12.86663 12.87169 13.8507 14.96341 15.16757 15.11656 14.89704 16.767 17.79589 17.29842 15.67575 13.33197 11.7559 11.3649 10.98841 9.552019 9.935603 9.266308 9.0891 9.917013 11.76899 11.91706 11.14628 12.1926 14.37809 15.71129 16.43925 17.07903 16.62513 14.88796 13.21476 14.12901 14.1061 13.45193 13.74238 12.8998 12.23822 11.03611 11.3953 12.45993 nan nan nan nan nan nan nan nan nan nan nan nan nan nan nan nan nan nan nan nan
nan nan nan nan nan nan nan nan nan nan nan nan nan nan nan 1.362437 2.21092 3.805001 5.56912 7.085439 9.008032 10.24256 10.77374 11.96876 14.24744 15.18007 15.69807 15.73962 15.60531 15.25613 16.54389 17.32902 16.90812 16.1186 14.25126 11.44951 11.61942 12.05429 9.623502 9.694444 9.268888 11.29309 11.80067 12.29003 12.04186 10.97299 12.49659 13.62894 15.15457 16.2595 15.72979 15.98734 14.48909 12.51258 13.46419 13.06099 10.76698 11.77779 9.779847 9.36318 10.01963 11.73654 11.75503 10.88451 nan nan nan nan nan nan nan nan nan nan nan nan nan nan nan nan nan nan nan
nan nan nan nan nan nan nan nan nan nan nan nan nan nan 1.435928 1.6256 2.358898 4.31272 5.713637 7.789682 8.949456 10.14148 11.62026 12.24664 13.89046 14.98832 15.8353 15.40155 15.70066 15.66687 16.22793 16.25289 15.67101 15.94219 14.81182 13.15589 12.42312 12.85278 11.84726 9.948919 11.40752 13.34903 12.70317 12.53833 12.25334 12.3881 11.85707 13.6226 14.89039 15.90114 15.317 15.11978 13.32266 11.79461 12.82088 12.57902 10.27017 9.539683 9.16398 11.15049 10.34892 11.31512 11.31434 9.105038 10.33808 nan nan nan nan nan nan nan nan nan nan nan nan nan nan nan nan nan nan
nan nan nan nan nan nan nan nan nan nan nan nan nan nan 1.761209 2.303955 2.978214 4.781243 6.436804 7.937119 9.028785 9.517188 10.73203 12.79391 13.70885 12.76126 15.40875 15.9914 15.79847 15.51645 16.106 16.30935 15.66279 15.37164 14.49423 13.11571 12.63316 11.48681 11.71368 10.85851 13.36415 13.94497 13.76905 13.13759 13.31203 13.16424 13.22538 12.52347 14.73448 15.70303 15.47954 14.90329 12.30372 12.30435 12.92235 13.48229 12.32732 11.93465 11.56692 12.11391 11.44876 11.31174 11.89367 11.98089 12.1539 12.20272 nan nan nan nan nan nan nan nan nan nan nan nan nan nan nan nan nan
nan nan nan nan nan nan nan nan nan nan nan nan nan nan 2.253317 2.881256 3.596003 5.078498 7.258497 9.135336 10.54877 11.30222 11.15062 12.90499 13.25238 13.11021 14.69006 16.63596 16.79218 16.72091 17.11695 16.55707 15.95517 15.87378 15.02178 13.34847 11.22233 11.07616 11.64698 12.53059 13.55654 13.19791 13.26856 12.2706 12.53689 13.37835 12.56383 13.03871 14.42747 14.88998 14.90275 14.3126 12.19321 13.77961 13.68081 13.43064 12.23846 11.77092 12.0808 12.16903 9.585353 10.95509 11.14587 12.18604 12.30529 10.30179 nan nan nan nan nan nan nan nan nan nan nan nan nan nan nan nan nan
nan nan nan nan nan nan nan nan nan nan nan nan nan nan 2.78301 3.786786 4.673491 6.039396 7.668471 10.10864 12.09511 12.67846 12.57876 13.88593 14.48106 13.30127 14.86056 16.62549 17.47919 17.34203 17.47891 17.23588 17.06491 16.87987 15.7579 14.15672 11.636 12.00776 13.06164 13.47841 12.70323 11.45788 11.75084 11.5155 13.76047 13.0892 12.36669 13.94435 15.72029 14.56123 15.54414 14.8233 13.18516 14.10945 13.93798 13.04043 11.18714 8.541925 9.215537 11.00604 9.263288 10.52476 11.43987 12.1173 11.75806 12.90958 nan nan nan nan nan nan nan nan nan nan nan nan nan nan nan nan nan
nan nan nan nan nan nan nan nan nan nan nan nan nan 2.430017 3.448801 4.645694 6.073528 7.704493 8.975812 10.14883 11.81589 12.8588 13.1104 13.84678 14.71307 14.91105 15.13538 15.64168 16.28581 17.17434 17.3046 17.05864 17.03787 16.46165 14.4671 12.63393 12.54258 13.68855 12.50299 11.64448 11.46146 11.68864 12.19192 12.9534 13.60926 12.81555 11.81416 14.09008 16.53489 16.33789 16.73343 15.1247 13.36699 13.70577 11.331 9.407424 10.84571 10.2437 9.323198 10.17829 9.665075 9.116828 9.985349 11.10298 10.34468 9.988338 nan nan nan nan nan nan nan nan nan nan nan nan nan nan nan nan nan
nan nan nan nan nan nan nan nan nan nan nan nan nan 3.145534 4.233009 5.548223 7.088544 8.538384 9.942681 11.18068 12.03063 12.53033 12.24574 12.32366 13.10375 13.83181 14.92021 16.41417 16.07164 16.04039 14.89854 16.00412 16.9109 16.25211 13.0218 12.69728 13.91779 13.06733 12.22693 12.25998 13.19027 13.62755 13.25179 12.77519 13.34852 12.49926 12.51142 14.99772 16.06759 16.07153 15.94107 15.29479 13.61255 12.69592 9.636091 7.4455 10.05597 10.54292 10.76585 8.321558 7.926883 7.5431 8.609859 10.19411 nan nan nan nan nan nan nan nan nan nan nan nan nan nan nan nan nan nan nan
nan nan nan nan nan nan nan nan nan nan nan 1.512642 2.36065 3.817912 5.142667 6.419198 7.58877 9.281178 10.3795 11.47966 12.70616 13.98576 14.08675 14.02037 14.4166 14.6359 15.57883 17.21385 17.14512 16.18163 15.22447 15.63785 15.44161 15.72467 14.08395 13.97155 12.98391 12.67638 11.77497 13.75718 13.36726 12.67689 12.19522 11.4775 11.92489 11.30174 12.67314 13.76433 15.52711 14.84948 14.55403 14.02976 11.8997 10.66182 9.520346 8.256265 9.647741 9.955126 9.124044 5.745331 6.307043 7.379216 nan nan nan nan nan nan nan nan nan nan nan nan nan nan nan nan nan nan nan nan nan
nan nan nan nan nan nan nan nan nan nan nan 1.95404 3.082686 4.683792 6.135431 7.506893 8.479269 9.795402 10.65254 11.87676 13.32899 13.81987 14.51706 15.21092 15.29189 15.01828 15.41917 17.0292 17.70545 17.42033 16.00152 14.0021 14.93655 14.74267 12.80091 12.65377 11.42207 12.06724 13.56242 13.08637 12.10645 11.61358 10.91322 10.07217 11.36699 11.74011 12.45026 12.6608 14.48666 13.13875 13.80903 14.20066 11.89906 10.45183 9.887014 nan nan nan 8.664683 6.421766 nan nan nan nan nan nan nan nan nan nan nan nan nan nan nan nan nan nan nan nan nan nan nan
nan nan nan nan nan nan nan nan nan nan nan 2.596958 3.912309 5.594943 7.089013 8.476491 9.648211 10.71713 11.98106 12.26824 13.6012 13.92751 14.54697 15.74024 14.46956 13.69079 14.43735 16.57259 17.57085 17.34724 16.97217 17.01767 16.41684 14.38838 13.08363 12.0222 9.837469 11.15964 14.879 14.22338 12.2457 10.27048 8.283346 10.81253 12.64608 13.07095 12.31791 13.02531 13.91584 14.7073 14.7177 14.50992 12.58088 11.27496 nan nan nan nan nan nan nan nan nan nan nan nan nan nan nan nan nan nan nan nan nan nan nan nan nan nan nan nan nan
nan nan nan nan nan nan nan nan nan nan nan 2.983835 4.459211 6.022979 7.565426 8.962507 9.949752 10.85851 12.02189 12.52564 13.98024 14.97072 15.94467 16.03901 15.05601 13.9172 14.59606 16.26646 17.21946 17.42607 18.20707 17.51619 16.11516 14.06964 12.62165 11.88301 9.185643 11.7632 14.06285 13.5401 11.25016 9.522305 10.72801 12.98425 12.9676 12.30423 11.26647 11.45732 11.06817 13.08533 14.28167 13.71902 11.273 11.53706 9.779564 nan nan nan nan nan nan nan nan nan nan nan nan nan nan nan nan nan nan nan nan nan nan nan nan nan nan nan nan
nan nan nan nan nan nan nan nan nan nan nan 3.041333 4.431767 5.938781 7.576053 9.064014 10.08731 11.13062 12.39798 13.34399 14.35095 14.66591 14.96636 15.38808 14.95082 14.80983 16.0874 17.03434 16.88922 16.68031 17.12349 16.54481 15.70641 14.11024 12.50569 11.73921 11.34444 11.47462 12.65867 12.15452 9.802782 9.614594 12.74753 13.53159 12.58406 10.84113 11.04257 10.60003 9.226793 12.54322 14.02671 12.95896 11.32257 10.81856 10.07278 nan nan nan nan nan nan nan nan nan nan nan nan nan nan nan nan nan nan nan nan nan nan nan nan nan nan nan nan
nan nan nan nan nan nan nan nan nan nan nan 3.092671 4.387764 5.909506 7.519066 8.918203 10.24092 11.54291 12.60932 13.09721 13.47292 13.30771 13.94887 14.45943 15.3076 15.19664 16.0699 16.54756 16.27537 15.19341 15.45919 15.17528 13.85406 13.25858 13.10755 11.88927 10.65257 10.81211 10.72147 10.30315 9.005442 10.83007 13.42997 12.83217 10.52558 10.07739 11.82047 10.40884 11.24057 12.28098 13.7274 13.57267 11.55489 10.02122 nan nan nan nan nan nan nan nan nan nan nan nan nan nan nan nan nan nan nan nan nan nan nan nan nan nan nan nan nan
nan nan nan nan nan nan nan nan nan nan nan nan 4.430511 5.505136 7.402125 9.132301 10.36223 11.50325 12.42892 12.81056 12.5753 13.2648 13.59512 13.71943 14.98285 15.88295 15.26363 15.79626 15.89795 14.50528 13.49483 14.58371 12.74538 13.22569 12.87045 11.76484 9.485395 9.491994 9.399865 8.736754 8.868733 11.92138 13.94345 12.67111 9.872421 10.138 12.82021 12.87979 12.57991 12.08345 13.25156 12.05824 12.24366 11.19865 nan nan nan nan nan nan nan nan nan nan nan nan nan nan nan nan nan nan nan nan nan nan nan nan nan nan nan nan nan
nan nan nan nan nan nan nan nan nan nan nan nan 4.72895 5.988033 7.577961 9.432221 10.69408 11.78921 12.82877 12.90616 12.55325 13.65729 14.48094 13.49375 14.22633 15.71507 15.00984 15.45109 15.33559 14.50829 14.20991 14.31938 13.14208 12.90936 13.53295 12.4882 10.75125 10.63211 9.942459 8.850898 7.808947 11.10962 13.65254 12.67524 8.612452 10.42529 11.65915 12.11573 13.05241 12.74578 11.98173 11.04647 12.365 nan nan nan nan nan nan nan nan nan nan nan nan nan nan nan nan nan nan nan nan nan nan nan nan nan nan nan nan nan nan
nan nan nan nan nan nan nan nan nan nan nan nan 5.052002 6.444632 8.058226 9.856583 11.15875 12.30008 13.10487 13.67123 14.10875 14.08693 14.4504 13.47025 14.15011 15.45488 14.57072 14.28898 14.03524 12.76378 14.44596 14.37353 13.34793 12.67642 13.93184 12.57802 10.37343 8.050906 10.20047 8.9144 7.577609 10.69545 12.62868 9.995521 8.980773 10.31989 11.87321 13.16069 12.66312 11.45255 11.51753 9.620087 11.42421 nan nan nan nan nan nan nan nan nan nan nan nan nan nan nan nan nan nan nan nan nan nan nan nan nan nan nan nan nan nan
nan nan nan nan nan nan nan nan nan nan nan nan 5.403484 6.662987 8.159159 10.07128 11.50897 12.23287 13.15261 14.10152 14.81703 14.97875 14.35816 13.1236 14.30822 15.1181 15.50548 14.84522 14.5086 13.90103 14.91535 14.98052 13.71984 12.44307 13.82854 12.50212 9.720879 7.476697 9.887018 7.801795 9.680719 12.22674 10.63133 9.589888 11.05876 10.70392 11.75494 12.75765 10.93648 11.27082 10.37487 9.686601 nan nan nan nan nan nan nan nan nan nan nan nan nan nan nan nan nan nan nan nan nan nan nan nan nan nan nan nan nan nan nan
nan nan nan nan nan nan nan nan nan nan nan nan 5.766484 7.060673 8.519401 10.25957 11.32269 12.2813 13.03537 13.83038 14.62255 14.85762 14.4716 12.9903 13.38066 14.73773 15.5139 14.2422 13.22248 13.26336 14.30423 14.32399 13.08092 12.56404 13.41282 11.88181 9.754609 9.497642 8.392118 9.071978 13.12177 12.34528 10.80321 10.90918 11.44942 10.7436 10.374 11.32062 10.15857 10.82 10.54433 nan nan nan nan nan nan nan nan nan nan nan nan nan nan nan nan nan nan nan nan nan nan nan nan nan nan nan nan nan nan nan nan
nan nan nan nan nan nan nan nan nan nan 3.229352 4.430102 5.942254 7.452798 9.013421 10.61617 11.61499 12.28996 13.20851 13.65471 14.06111 14.22612 13.06013 11.79625 12.14435 13.59724 15.13922 13.70858 13.05195 11.93234 14.5786 14.72481 14.28995 13.29504 12.90828 11.9892 11.20309 9.939022 8.677568 12.26774 14.04614 12.14483 11.51832 11.2692 10.7174 9.547395 7.121681 9.170328 10.33532 10.67031 10.59812 nan nan nan nan nan nan nan nan nan nan nan nan nan nan nan nan nan nan nan nan nan nan nan nan nan nan nan nan nan nan nan nan
nan nan nan nan nan nan nan nan nan 2.619124 3.553234 4.780626 6.170211 7.857913 9.267873 10.52819 11.85443 12.80815 13.4865 13.67672 13.28037 13.77897 13.26846 11.72781 12.16049 13.9635 14.69956 14.52098 12.78265 12.51132 14.95396 15.06089 13.96237 12.84048 11.72295 10.60391 11.80845 12.55574 12.66817 13.51943 12.97247 11.20391 10.16628 10.11788 8.507009 8.715377 8.853173 9.506018 10.55544 9.5303 10.58523 nan nan nan nan nan nan nan nan nan nan nan nan nan nan nan nan nan nan nan nan nan nan nan nan nan nan nan nan nan nan nan nan
nan nan nan nan nan nan nan nan nan 2.917687 4.019782 5.245553 6.252812 7.897768 9.317727 10.4874 11.90329 12.96623 13.71094 13.96909 14.18177 14.08388 12.73982 12.10902 12.06468 14.34676 14.5758 14.64588 12.98316 13.37833 14.9085 14.60246 12.70377 10.57999 12.12959 12.62879 14.04987 12.36033 11.36819 12.49772 12.34048 12.28404 9.883595 8.059263 8.45678 11.81589 10.71372 9.905673 9.116058 8.570907 nan nan nan nan nan nan nan nan nan nan nan nan nan nan nan nan nan nan nan nan nan nan nan nan nan nan nan nan nan nan nan nan nan
nan nan nan nan nan nan nan nan 2.289684 3.429372 4.778121 5.926163 7.001093 8.180409 9.342185 10.48392 12.10043 13.25313 14.11073 14.62258 14.94305 14.60086 14.06384 13.5864 12.83292 14.22551 15.17357 13.97938 14.84646 14.68626 14.98567 13.76395 12.42717 11.47985 11.41005 15.30837 14.55777 11.17995 10.75701 13.1409 11.37073 12.56507 9.793333 7.714599 10.39742 12.87647 11.67955 9.101238 9.007575 9.65665 nan nan nan nan nan nan nan nan nan nan nan nan nan nan nan nan nan nan nan nan nan nan nan nan nan nan nan nan nan nan nan nan nan
nan nan nan nan nan nan nan nan 2.632181 3.555272 4.884258 6.680046 7.813259 9.290352 10.53082 11.67087 12.89812 13.84784 14.46661 15.01833 15.36991 15.42258 14.93154 13.72035 13.38102 12.73566 14.95685 15.66584 15.43343 16.29264 16.24253 12.7575 13.18104 12.41883 11.33427 16.61941 14.29777 11.72805 12.96265 13.1586 11.0998 11.92538 12.35365 11.55238 12.96041 14.26633 12.76185 9.990468 8.782517 nan nan nan nan nan nan nan nan nan nan nan nan nan nan nan nan nan nan nan nan nan nan nan nan nan nan nan nan nan nan nan nan nan nan
nan nan nan nan nan nan nan nan 2.774419 3.672968 5.076179 6.944533 8.134843 9.683184 11.21719 12.53862 13.59033 14.2177 14.69322 15.31311 15.69939 15.65589 14.98964 13.91968 14.20362 13.94325 14.86186 15.14071 16.35738 16.26575 18.53237 16.92369 15.15968 14.35848 13.96974 16.51052 11.50894 13.26621 13.52721 12.80873 12.15417 13.52977 13.816 14.31478 15.03376 13.83405 11.76835 9.998816 9.34565 nan nan nan nan nan nan nan nan nan nan nan nan nan nan nan nan nan nan nan nan nan nan nan nan nan nan nan nan nan nan nan nan nan nan
nan nan nan nan nan nan nan nan 2.910307 3.822387 5.130372 7.135553 8.309697 10.11146 11.22545 12.27617 13.72176 14.41634 14.94791 15.58761 15.98813 16.0007 15.44534 15.20508 14.98864 14.40318 14.83533 14.05058 15.02699 15.05277 17.74971 18.00552 14.55916 15.67592 17.54801 13.1088 11.59781 15.25411 14.16599 13.1176 11.37206 14.102 13.55291 13.86704 15.34467 12.65179 9.803981 9.578777 nan nan nan nan nan nan nan nan nan nan nan nan nan nan nan nan nan nan nan nan nan nan nan nan nan nan nan nan nan nan nan nan nan nan nan
nan nan nan nan nan nan nan 2.120113 3.296632 4.408252 5.616012 7.014429 9.049513 10.20039 11.34432 12.06743 13.69508 14.23313 14.8632 15.58162 15.86346 16.03109 15.7953 15.25625 15.05721 14.74613 15.27698 15.01707 12.89438 14.72004 16.18962 18.71003 17.43031 15.25552 12.76056 11.53039 15.60808 14.28384 14.06335 12.90209 11.61057 13.42521 12.83753 12.7952 13.89705 10.50611 nan nan nan nan nan nan nan nan nan nan nan nan nan nan nan nan nan nan nan nan nan nan nan nan nan nan nan nan nan nan nan nan nan nan nan nan nan
nan nan nan nan nan nan nan 2.433727 3.585915 4.712272 5.729371 7.391927 8.676918 9.769383 11.2209 12.13116 13.74445 14.76285 15.17617 15.46959 15.07183 15.09568 14.65975 13.42725 12.02782 13.36674 14.69528 14.3709 12.89449 13.08875 14.98901 18.76215 15.82609 11.56392 12.92688 11.58255 16.90199 14.47128 13.50022 12.42693 9.069088 10.79732 12.9674 11.92617 11.49773 11.00408 nan nan nan nan nan nan nan nan nan nan nan nan nan nan nan nan nan nan nan nan nan nan nan nan nan nan nan nan nan nan nan nan nan nan nan nan nan
nan nan nan nan nan nan nan 2.600172 3.750745 5.381684 6.889844 8.682403 9.414947 11.0237 12.2816 13.28352 14.05809 14.7374 15.23629 15.16342 15.12099 14.93441 13.37948 12.19735 11.59257 12.64523 12.82415 13.97123 13.29151 12.77824 14.16788 18.29812 15.86461 14.41803 10.44879 15.1942 15.62898 14.61215 13.79838 10.64338 8.730932 9.788247 11.69026 11.08323 10.18211 nan nan nan nan nan nan nan nan nan nan nan nan nan nan nan nan nan nan nan nan nan nan nan nan nan nan nan nan nan nan nan nan nan nan nan nan nan nan
nan nan nan nan nan nan nan 3.105931 3.471823 5.953593 7.688651 8.201986 9.678349 11.33988 13.11392 14.04149 14.52712 14.7616 14.85251 15.6107 15.46022 14.68588 12.86323 10.18113 12.57434 12.32319 11.83958 13.70918 13.1824 11.97378 15.6901 15.03883 12.75115 14.78195 13.94628 15.49958 13.52705 12.91532 13.22782 9.961269 7.472438 7.409849 10.39352 10.27036 9.747196 nan nan nan nan nan nan nan nan nan nan nan nan nan nan nan nan nan nan nan nan nan nan nan nan nan nan nan nan nan nan nan nan nan nan nan nan nan nan
nan nan nan nan nan nan nan 3.505991 4.377707 6.294294 8.159275 8.303995 9.803908 11.65172 13.23115 14.2931 14.76776 14.80909 14.46837 15.10917 15.95618 14.64501 12.0359 11.97997 12.84501 10.70821 12.8059 13.37567 12.43491 11.9286 14.56032 13.76229 13.9184 11.70786 12.83552 15.21407 15.02456 13.57942 10.95249 10.24002 7.758324 7.322707 10.14842 8.952927 nan nan nan nan nan nan nan nan nan nan nan nan nan nan nan nan nan nan nan nan nan nan nan nan nan nan nan nan nan nan nan nan nan nan nan nan nan nan nan
nan nan nan nan nan nan nan 4.252275 4.700042 6.38726 8.121922 8.258503 9.239664 10.67779 12.68424 14.03687 14.84911 15.20046 14.95035 14.18036 15.52687 15.28482 13.73349 13.23538 12.44748 13.31976 13.33572 13.42459 12.50445 10.43987 10.44346 13.96486 12.27321 9.837736 10.95572 14.26988 14.3956 11.57982 7.865237 7.303522 7.951889 8.548841 nan nan nan nan nan nan nan nan nan nan nan nan nan nan nan nan nan nan nan nan nan nan nan nan nan nan nan nan nan nan nan nan nan nan nan nan nan nan nan nan nan
