formato/VCI/bioclim_15.asc
ncols         186
nrows         781
xllcorner     -75.7
yllcorner     -56.55
cellsize      0.05
NODATA_value  -9999
[rows 612 to 645 of 781, columns 0 to 76 of 186]
-128 -128 -128 28.47983 34.23333 37.50702 38.02882 34.72548 31.02812 30.18015 30.2982 37.9636 35.18054 37.59787 35.06075 32.54141 31.25816 35.72149 31.70377 31.88389 33.91239 33.85758 34.05009 34.29856 37.97657 47.96224 59.81011 55.76301 48.11148 44.60044 49.33932 51.71543 53.34082 83.44149 84.29079 61.79462 40.58758 55.48945 44.62796 43.26365 49.73854 48.43128 38.26065 35.2078 34.51072 54.50723 68.45715 57.22773 55.79965 39.70697 80.71579 36.24716 59.14142 89.65679 60.65261 47.16508 55.2585 48.29236 50.97775 52.05539 89.75686 102.141 94.18538 63.2159 52.91703 70.72074 89.01669 106.3252 -128 -128 -128 -128 -128 -128 -128 -128 -128
-128 -128 -128 27.80749 30.72214 38.14466 36.94518 37.54906 34.97896 29.88877 28.78366 35.05753 34.33788 47.30771 52.28646 40.17756 35.48981 32.72212 33.98832 35.46321 36.52787 35.01739 34.02924 42.77451 43.56409 40.06462 46.74394 50.94704 51.94023 37.36602 44.2905 55.81725 67.19824 61.0415 85.03358 64.52813 53.05296 76.66045 58.11691 48.29958 84.6894 70.1143 37.75119 33.11438 32.15661 35.98523 33.00909 32.49406 41.02376 72.70251 54.61279 43.07887 39.53424 84.29066 86.25778 62.99944 89.77677 79.56376 51.45106 68.57275 89.16903 95.15405 99.82468 107.8249 96.72617 72.52281 56.65941 61.31302 -128 -128 -128 -128 -128 -128 -128 -128 -128
-128 -128 -128 27.96197 27.97513 32.62653 35.49283 36.78498 36.11148 30.07325 29.10483 32.81441 34.36289 45.96682 43.14332 45.53191 36.08709 37.00124 35.65049 35.47839 38.05564 36.34969 34.39601 51.5387 42.07834 50.74113 43.98247 36.39636 36.87031 36.72374 53.81393 47.07771 70.67464 66.92043 87.28721 77.84782 62.653 74.08344 76.29085 48.88847 78.70372 50.68922 33.61182 32.54055 30.86826 36.86722 47.80429 29.47769 33.86325 44.6945 37.03085 69.53589 47.32116 69.44394 97.34334 80.3745 106.6716 84.45686 102.2323 67.04403 55.381 87.12822 69.67042 98.21304 92.09548 102.0537 80.50182 45.94396 44.95285 -128 -128 -128 -128 -128 -128 -128 -128
-128 -128 -128 28.26221 27.92113 35.8768 37.68251 35.93414 36.21853 35.53865 31.18846 29.37667 39.09536 42.18692 45.66508 53.2362 47.74783 38.22023 34.55161 43.09945 49.39953 36.67471 34.40472 35.91256 47.65031 58.89005 47.20708 38.9438 35.23429 34.5774 54.18232 66.506 59.16687 57.3193 69.61784 76.96153 47.51194 68.6068 79.73982 60.85637 63.43544 36.1677 56.59066 39.18589 31.5872 40.46711 59.36129 31.25328 43.2854 58.06557 34.63553 60.80439 76.34151 43.27664 75.88371 93.08875 98.97755 68.05977 93.70219 107.6243 47.08213 52.26653 49.74075 52.5589 49.1323 58.68064 67.5582 49.24233 53.97808 48.07455 -128 -128 -128 -128 -128 -128 -128
-128 -128 28.81507 28.3324 28.54981 30.2909 31.955 33.88109 36.58241 36.49622 34.32828 31.92645 32.34122 39.24068 52.94981 56.66943 48.02353 40.55514 35.09615 42.60244 60.88469 43.90743 37.02396 33.57349 41.59565 45.59042 41.45159 55.1889 43.91543 36.40641 41.26161 47.23615 51.0293 56.97074 59.1286 44.79525 53.68991 73.46495 75.99784 89.4537 44.3956 68.96133 75.64715 50.64131 36.67492 62.82056 53.88074 38.89721 30.30818 40.44187 60.34629 61.82415 55.88765 37.63232 46.80009 80.2354 74.54926 61.04903 100.8984 105.6788 71.07584 52.63715 52.66029 50.49389 47.87379 72.38711 75.42732 81.36185 58.75879 50.58273 -128 -128 -128 -128 -128 -128 -128
-128 -128 28.99426 28.67302 30.17201 37.99344 36.87295 34.27312 33.06674 40.03294 37.24207 32.89113 30.32627 33.28905 45.13157 45.79611 38.28651 31.90724 33.04993 38.86209 65.32054 45.64947 38.30769 34.20183 33.6431 42.49876 46.57944 42.7134 49.21089 40.80354 45.61334 48.34605 44.02338 52.63401 64.33938 50.62994 57.83035 51.8114 48.66468 56.2927 90.66843 110.5522 106.6458 56.47595 53.54106 86.5158 66.41393 47.47662 43.2095 81.14658 69.34491 60.5364 71.56023 70.41457 45.0703 54.73287 47.16265 81.63779 104.4709 106.8372 65.35973 53.11864 47.17121 46.50811 68.33722 91.26133 90.10345 98.96371 87.05009 56.20156 -128 -128 -128 -128 -128 -128 -128
-128 29.22211 28.91722 29.22397 29.18096 31.20587 31.8663 32.0431 32.68457 35.16889 35.77783 32.94637 34.51415 30.14232 43.27289 36.43856 40.94138 36.50134 35.88311 31.93609 34.81592 35.75296 33.75545 33.22245 33.84373 49.79731 42.75522 38.69244 39.99227 42.51765 44.57244 43.6013 69.97218 50.86811 37.00706 39.18812 37.06975 37.22291 43.41636 73.11469 85.63797 91.42159 69.66529 63.36391 79.80489 111.4888 111.0215 86.13806 65.61229 85.21585 77.28136 104.9393 80.89162 45.61775 46.63697 46.03171 38.95468 54.01868 79.49939 108.3985 102.8695 46.10028 42.44457 51.10677 94.78239 106.9144 107.7291 -128 -128 -128 -128 -128 -128 -128 -128 -128 -128
-128 29.16983 29.26041 30.40505 34.95699 34.24794 34.77583 34.35235 35.6938 44.86671 39.0215 35.77109 34.82922 31.8481 31.58463 45.94937 52.7366 52.1589 37.49807 32.80502 36.45805 52.5078 38.47839 -128 33.98692 35.51146 55.30604 64.40605 53.8336 39.47642 43.65371 38.00982 38.52562 46.46473 45.4365 77.42869 55.28571 56.81612 69.0012 101.6137 108.7975 107.4565 87.98291 84.81979 112.7574 117.6316 117.3883 115.4591 107.9876 101.0008 110.3719 116.6673 94.47177 49.96994 82.37726 80.31259 76.05428 46.30927 41.61768 81.00773 55.66023 49.78736 39.78494 72.07809 82.00975 104.4368 116.4972 -128 -128 -128 -128 -128 -128 -128 -128 -128 -128
-128 29.14337 29.41289 32.72229 37.67746 37.1749 34.78627 35.54235 34.8098 36.93821 45.74968 42.92027 43.3528 33.21324 31.75607 47.32403 46.89927 59.89795 42.29498 40.21353 52.79416 59.58848 35.83481 32.60316 -128 33.6759 38.6441 42.37458 38.39532 52.04264 54.57708 53.42383 41.42953 33.34376 38.54454 62.03237 95.13257 85.50375 77.11605 86.05475 111.909 113.9379 109.5472 109.9887 115.9169 116.8991 116.8279 115.4651 117.9908 110.5079 107.769 118.5221 97.4819 95.99143 88.69603 75.85527 97.90395 51.57931 40.94159 62.65078 81.6003 77.2957 37.34905 78.05578 106.9825 106.6143 -128 -128 -128 -128 -128 -128 -128 -128 -128 -128 -128
-128 29.14359 29.72122 37.06071 35.74215 37.83717 37.97438 38.2425 35.86488 34.81868 38.57027 44.86986 45.25175 37.36095 31.7091 37.63324 44.23584 46.84508 43.49176 45.93664 44.14485 56.04647 43.78656 34.56442 34.2527 35.04749 36.70855 45.33238 75.22446 81.40456 69.86971 71.17176 64.14192 44.09779 37.1467 33.83866 45.87304 53.88227 45.50179 89.43396 109.5247 115.268 113.9061 112.8633 113.5246 113.3047 115.1543 114.5461 114.2758 109.2916 117.9326 115.8783 95.02826 80.93665 92.75336 76.00392 105.1392 51.23005 36.2318 95.59991 82.59651 93.8325 37.36458 -128 -128 -128 -128 -128 -128 -128 -128 -128 -128 -128 -128 -128 -128
-128 29.23425 28.9881 33.47386 35.86336 34.27606 37.38699 38.57993 33.70851 33.39705 40.61573 42.40347 37.58553 33.80791 31.93477 31.97695 39.48047 38.31955 41.14433 42.10727 34.78105 49.4991 58.58796 44.60828 39.89642 35.37899 36.0918 42.10504 61.66104 52.31635 50.42759 70.17191 67.21454 44.55846 47.74383 59.81431 38.64747 42.2188 66.04398 106.4858 113.4938 112.3907 111.8223 111.6991 111.3178 111.0045 111.5807 112.9434 89.46232 49.98161 90.08295 48.20733 102.0844 86.29108 47.29916 106.4681 107.6679 60.06556 34.84525 84.01594 91.41161 61.29486 53.67945 45.40729 -128 -128 -128 -128 -128 -128 -128 -128 -128 -128 -128 -128 -128
28.9398 29.23064 29.48743 33.41959 35.06514 37.33616 39.45315 34.20863 31.93304 31.56277 34.89819 35.4285 36.72449 38.46083 33.52805 34.81822 42.7024 39.89943 33.51403 39.77779 34.69415 32.55844 36.1195 46.11523 36.98937 34.21148 -128 34.26904 36.15573 46.05448 54.25886 54.22304 57.63044 67.70672 38.11125 41.51101 43.52751 51.82867 54.36481 86.38413 106.8574 107.6131 108.7042 109.503 109.7736 111.2044 115.7432 116.5656 105.5144 48.5137 70.97623 33.83876 39.90298 54.8404 46.61592 106.444 109.0048 52.05046 35.6813 95.94135 108.0934 91.64668 58.58094 42.0278 -128 -128 -128 -128 -128 -128 -128 -128 -128 -128 -128 -128 -128
-128 29.27115 29.69323 34.85285 39.09728 35.14397 31.66083 31.01398 30.62095 30.84118 34.95374 40.04914 39.9271 35.68856 34.37376 37.52548 37.11737 40.37851 35.12666 45.04847 51.11275 37.92281 32.08923 39.04953 38.79402 -128 34.6757 33.98891 33.92893 48.73679 50.09796 45.50664 34.86012 34.20772 35.68962 45.20564 62.88309 72.70322 69.49917 91.08186 94.46677 100.3761 104.7304 108.519 113.3184 116.4543 114.5011 112.1031 117.7709 79.53145 37.9488 96.78606 80.30338 52.78382 35.71372 43.13516 73.47077 49.01431 36.83925 85.22827 106.3941 104.8106 71.36298 39.75287 -128 -128 -128 -128 -128 -128 -128 -128 -128 -128 -128 -128 -128
-128 29.30524 29.26729 32.06883 31.03342 32.706 35.11723 30.89868 30.71072 35.86391 36.17453 44.40071 44.51904 34.6716 36.00793 35.73211 45.76326 49.49148 36.78155 59.60093 47.1912 50.85878 36.87178 50.92118 35.67929 33.13553 41.8479 49.49605 38.21846 40.30836 56.80609 72.75616 73.99491 61.53543 57.32067 56.79354 67.84949 75.24631 78.1665 85.67067 88.14859 96.47618 104.595 106.8334 111.5732 116.6516 106.5235 98.88079 105.6471 113.8295 113.0028 109.6354 92.4948 81.99075 56.33751 35.37178 39.03646 35.6036 37.28375 71.31406 111.1569 108.1109 73.86559 36.26472 -128 -128 -128 -128 -128 -128 -128 -128 -128 -128 -128 -128 -128
28.94047 29.25188 29.53189 31.79065 32.31948 32.53582 36.66484 36.60929 38.31396 39.98018 39.37533 44.08237 40.10023 35.43793 45.14311 42.84881 37.70222 41.5536 40.5045 42.78287 40.64462 45.48525 39.86488 50.60445 36.53247 32.69048 60.01711 56.75918 61.59179 44.48618 35.5811 49.16196 62.36203 48.79577 52.76866 57.10213 66.0067 71.12585 71.73201 79.20747 87.51711 95.16247 105.9971 108.678 106.4101 101.0398 92.73341 90.49824 100.0509 109.1129 114.2583 106.2822 77.50167 41.26291 36.09165 34.803 38.91539 45.90501 39.58427 39.5591 59.03932 67.15837 42.83076 49.15334 -128 -128 -128 -128 -128 -128 -128 -128 -128 -128 -128 -128 -128
28.91324 29.44104 32.817 37.47598 37.46169 42.0644 41.34004 43.68502 44.18743 36.22946 41.59102 40.55435 38.80258 34.43332 35.52094 39.15869 44.61035 48.72514 53.67778 59.3382 51.61156 46.22343 52.25509 47.02868 36.42973 32.32334 41.98109 54.19915 72.61366 49.60129 45.08012 36.10752 41.60399 49.30144 53.72911 51.32648 57.99257 66.18542 69.05662 74.70579 85.28699 94.39014 99.22202 103.5011 103.115 95.92869 87.45146 82.07529 77.18654 62.95839 78.09518 78.73865 37.48384 36.52309 37.43499 41.27493 89.44914 96.43884 58.27556 42.51957 38.09058 38.38808 -128 -128 -128 -128 -128 -128 -128 -128 -128 -128 -128 -128 -128 -128 -128
28.95406 29.41892 38.83055 37.51386 41.78777 39.5014 41.82803 39.24294 37.49133 44.15291 43.91835 40.44698 37.6325 35.43069 33.53057 38.91488 50.33806 49.82352 38.15077 49.06911 61.85603 54.65398 56.01878 50.83696 44.59464 34.43486 33.56278 38.6783 45.64317 42.6829 45.97247 45.22801 47.20688 65.95499 56.72158 40.67108 41.5748 49.32081 69.30131 85.50997 99.05891 105.3933 105.5593 106.9156 106.4419 105.2634 91.90726 84.80355 84.2837 75.49385 47.86989 35.31636 58.37523 61.81071 38.93243 99.28371 106.0292 91.32378 84.84568 69.15185 -128 -128 -128 -128 -128 -128 -128 -128 -128 -128 -128 -128 -128 -128 -128 -128 -128
29.09129 30.56477 30.80921 31.56938 38.81572 46.70703 37.58924 40.81968 38.21896 41.87863 38.77201 36.96797 35.60126 36.38518 35.77475 35.20362 37.62484 35.3424 45.63747 63.07666 64.30225 44.83493 45.19256 63.00819 64.15951 34.52892 35.13524 39.48698 56.56022 64.82821 59.78677 47.86232 35.91209 59.72395 58.92203 38.2158 31.8983 45.84893 58.47555 79.94027 81.41799 106.1218 109.006 113.0149 117.5736 104.8838 93.79307 93.51536 111.2693 111.5579 61.92969 56.09074 76.00109 43.25692 61.06382 -128 81.00037 79.88189 103.5122 -128 -128 -128 -128 -128 -128 -128 -128 -128 -128 -128 -128 -128 -128 -128 -128 -128 -128
29.12121 30.77937 35.06067 35.73309 37.17975 34.54193 38.03904 38.09307 35.06793 44.16978 37.18736 35.59511 41.79356 38.42213 38.67178 40.93673 38.60073 43.74803 43.03441 50.52707 54.87421 53.69475 58.35297 42.30066 42.32954 36.51466 41.11379 40.28446 44.44315 58.42348 73.27248 60.83059 48.01544 34.20922 34.23142 34.88235 44.69502 34.28787 43.4402 38.43391 32.9907 85.33096 116.9351 100.5745 105.6796 111.0805 103.7585 104.5092 112.0969 105.4444 96.77263 77.46158 50.05463 77.32896 99.4212 -128 -128 -128 -128 -128 -128 -128 -128 -128 -128 -128 -128 -128 -128 -128 -128 -128 -128 -128 -128 -128 -128
28.87095 29.34988 29.64781 32.36659 32.93565 42.18785 43.29955 41.89468 43.55453 33.20608 36.89575 49.09619 45.07908 56.68166 52.42626 49.47157 48.7641 34.64021 44.0455 46.80371 66.09274 66.509 51.19839 84.59721 51.65426 34.85838 35.16103 48.382 61.06969 65.09747 54.60956 67.06266 66.27772 44.10344 33.38162 51.1986 73.23174 58.35796 52.44358 31.86854 57.40366 103.6638 111.4426 116.9566 105.8828 115.1329 107.0136 107.4193 115.8549 103.2164 83.51451 78.7008 89.93996 104.2204 -128 -128 -128 -128 -128 -128 -128 -128 -128 -128 -128 -128 -128 -128 -128 -128 -128 -128 -128 -128 -128 -128 -128
28.71702 29.32338 31.3956 34.65352 38.15203 43.51847 38.01633 34.22305 33.78675 32.42975 37.94454 40.31993 46.31377 48.42721 62.58357 58.78366 51.6456 33.05863 44.91805 59.59589 64.47983 69.92676 55.91681 57.88051 50.21149 34.41615 33.72142 69.96799 67.97038 66.12585 48.18973 49.80473 78.57717 61.22379 39.67638 52.04857 58.3273 57.65488 54.67286 49.56374 94.68099 98.67177 99.21829 108.7251 116.9931 114.7546 107.6936 106.4684 105.6777 105.726 86.54253 107.5637 118.0951 -128 -128 -128 -128 -128 -128 -128 -128 -128 -128 -128 -128 -128 -128 -128 -128 -128 -128 -128 -128 -128 -128 -128 -128
28.67562 29.36277 29.95641 41.59654 43.04256 32.66056 32.26039 30.70288 31.64317 32.49068 37.74118 34.64244 33.7341 37.46188 52.0549 57.87909 50.92317 48.45135 49.32599 68.0905 67.5648 67.19448 60.45978 75.40138 63.74887 39.68559 33.9839 46.46979 44.40397 55.20238 59.70854 36.69052 71.1964 49.62844 38.79291 45.10028 59.34163 57.7096 65.81942 88.85098 90.83352 90.40533 91.91607 95.6733 106.0896 116.9094 111.3195 105.0952 102.7691 99.90112 96.88316 105.4413 -128 -128 -128 -128 -128 -128 -128 -128 -128 -128 -128 -128 -128 -128 -128 -128 -128 -128 -128 -128 -128 -128 -128 -128 -128
28.70445 29.20212 29.51601 31.59287 33.55489 30.29444 30.07354 30.50317 32.48685 32.84166 39.31183 39.96595 36.95134 34.40269 38.31469 54.50077 51.74801 48.27131 56.09446 48.39354 62.4576 60.08496 72.83252 69.6368 74.34655 47.77673 35.65569 72.71124 62.17945 55.73185 45.64115 31.92172 35.57095 30.09841 34.71715 58.15213 59.04554 62.44145 67.05613 73.17419 81.00854 82.17731 94.35752 108.4904 113.175 113.6283 109.6108 106.3523 98.68533 95.73037 102.9701 94.89075 -128 -128 -128 -128 -128 -128 -128 -128 -128 -128 -128 -128 -128 -128 -128 -128 -128 -128 -128 -128 -128 -128 -128 -128 -128
-128 -128 -128 -128 29.62045 33.65588 33.91036 31.56555 42.46387 34.23837 32.23124 32.15456 36.21719 47.68966 44.52597 39.48684 41.93574 71.8942 57.00256 65.5022 69.99588 47.65119 49.73788 83.73456 84.90715 48.74086 36.26944 53.6917 77.45555 80.59464 62.13953 41.12309 30.01336 34.95937 33.81831 38.50608 66.06502 65.35864 86.19926 84.99886 83.19392 82.22869 99.84966 113.4772 107.0022 110.769 111.5172 115.7314 93.98784 91.2084 94.45925 108.0194 106.5354 107.6861 -128 -128 -128 -128 -128 -128 -128 -128 -128 -128 -128 -128 -128 -128 -128 -128 -128 -128 -128 -128 -128 -128 -128
28.43309 28.95205 28.89683 28.84127 28.91166 33.00996 36.30854 39.07734 34.16419 36.05647 35.77882 34.30424 40.65893 50.96916 62.62159 50.89302 39.2738 48.62564 45.06338 64.33974 71.95544 56.70299 43.05695 64.46515 87.68951 42.23784 34.50215 51.66991 87.33954 68.54591 82.52784 39.00758 30.45737 42.79839 48.45011 33.5627 35.16653 42.1594 36.67656 80.16646 87.99122 85.30634 99.22945 115.2544 110.6908 95.24871 111.1241 106.6004 86.93727 85.39374 88.943 110.9328 111.1447 -128 -128 -128 -128 -128 -128 -128 -128 -128 -128 -128 -128 -128 -128 -128 -128 -128 -128 -128 -128 -128 -128 -128 -128
28.24289 -128 28.60364 28.46588 28.51961 30.66182 45.70553 43.68593 37.20945 35.61493 35.86377 38.34908 50.67508 60.7683 49.03966 51.19302 42.50518 51.93747 41.62226 45.4551 47.91863 65.65272 62.93943 42.8596 61.46161 36.94089 43.26612 75.62241 55.97083 80.69318 61.81837 34.59091 32.73797 65.79852 69.37071 55.77459 50.98119 39.33979 28.43193 66.32515 92.35054 88.77662 98.96854 118.149 110.8916 109.1618 104.1512 86.9278 74.97155 76.62556 80.01157 105.0733 -128 -128 -128 -128 -128 -128 -128 -128 -128 -128 -128 -128 -128 -128 -128 -128 -128 -128 -128 -128 -128 -128 -128 -128 -128
-128 -128 28.1804 28.29989 28.71095 30.20019 35.74149 35.71246 44.12064 34.47016 36.47199 53.20585 45.58611 49.73498 48.361 39.07858 38.70987 58.85918 56.73262 37.44971 45.41481 42.13825 53.10589 53.31335 56.04561 38.04251 39.08871 44.37109 64.01098 78.35468 55.16053 33.31698 34.55263 63.46044 74.63739 79.72021 67.74365 57.49823 45.41981 48.6583 96.40642 95.80667 102.646 118.5607 108.2412 111.0958 82.75432 75.06152 61.99059 63.71253 60.24641 -128 -128 -128 -128 -128 -128 -128 -128 -128 -128 -128 -128 -128 -128 -128 -128 -128 -128 -128 -128 -128 -128 -128 -128 -128 -128
-128 -128 27.74609 27.85556 28.51155 28.77037 31.00267 32.64035 39.75502 36.55761 43.20094 43.2788 56.5508 44.06001 42.8558 42.18383 49.83479 50.28846 40.09826 52.83286 72.29868 55.31864 59.8171 58.32774 56.90431 44.17624 70.85542 48.5554 40.51358 74.09591 57.14601 33.63643 35.0002 51.0987 69.76467 60.50879 74.63959 75.80097 76.18024 72.33907 102.8023 101.0654 106.2706 118.1807 115.5151 105.5249 78.19316 69.89798 66.43517 60.22443 -128 -128 -128 -128 -128 -128 -128 -128 -128 -128 -128 -128 -128 -128 -128 -128 -128 -128 -128 -128 -128 -128 -128 -128 -128 -128 -128
-128 -128 -128 -128 27.60003 27.98544 28.20782 29.12502 29.00026 31.23317 41.71432 44.79296 47.9775 49.41702 40.57741 41.77145 37.90523 54.93258 70.39262 53.05192 70.30311 76.25397 71.83437 48.29229 40.76903 41.16803 52.31358 63.80861 47.79189 41.2977 50.3009 34.2893 34.12389 37.25515 40.89327 34.05717 42.17897 35.35373 37.14934 43.89061 104.6655 116.4245 114.8121 118.3529 111.1967 107.1506 91.33955 82.74329 90.33961 98.06284 -128 -128 -128 -128 -128 -128 -128 -128 -128 -128 -128 -128 -128 -128 -128 -128 -128 -128 -128 -128 -128 -128 -128 -128 -128 -128 -128
-128 -128 27.21353 27.084 27.38248 27.72832 28.30544 30.55654 30.16121 36.0668 42.92605 47.82952 52.9109 36.38951 33.8713 32.381 37.26212 53.08725 51.27337 51.18993 73.94177 85.73189 82.993 71.56932 66.47005 39.59225 78.14471 58.16819 51.98574 37.90211 41.10553 38.9665 48.536 68.87799 39.55957 47.41813 32.45223 38.09028 73.10719 78.9707 111.4303 99.78518 113.0281 110.3722 108.082 104.9474 98.30428 92.57569 96.3876 -128 -128 -128 -128 -128 -128 -128 -128 -128 -128 -128 -128 -128 -128 -128 -128 -128 -128 -128 -128 -128 -128 -128 -128 -128 -128 -128 -128
-128 27.13552 27.17373 28.19023 30.47616 30.72317 33.11729 32.40477 29.3652 30.45576 36.9826 42.36416 39.01898 38.95566 34.5214 34.70483 43.84942 51.45681 40.96497 43.4479 41.77497 62.06259 63.26231 46.36278 51.87675 42.3521 48.13885 37.72913 48.95576 58.32904 52.99379 59.02115 60.12636 47.93293 50.05259 67.57599 38.37357 35.28967 56.06321 42.88911 104.9592 68.91214 69.65242 110.2185 113.3946 106.3167 96.92312 91.94208 -128 -128 -128 -128 -128 -128 -128 -128 -128 -128 -128 -128 -128 -128 -128 -128 -128 -128 -128 -128 -128 -128 -128 -128 -128 -128 -128 -128 -128
-128 26.96701 27.38624 32.26692 33.10865 33.92658 35.76873 37.88508 29.25937 29.5162 32.54387 35.33178 44.23627 42.55167 35.11502 32.88117 50.19994 48.82218 55.30373 58.8451 82.26203 67.26845 58.76284 50.14349 72.33121 66.70027 39.588 38.85125 70.51163 79.37872 71.07238 66.19629 69.77307 39.69715 58.8523 85.85765 55.44839 44.3181 24.49685 29.27091 50.76181 41.55964 97.77665 117.9907 116.4144 103.9498 91.30311 85.24569 -128 -128 -128 -128 -128 -128 -128 -128 -128 -128 -128 -128 -128 -128 -128 -128 -128 -128 -128 -128 -128 -128 -128 -128 -128 -128 -128 -128 -128
-128 26.78686 26.96839 27.49792 29.23706 35.5049 33.28533 36.97942 34.35479 29.10111 40.1143 45.7494 43.1871 34.85467 33.79915 32.36989 40.14148 44.17196 41.06918 44.5277 67.37523 65.89394 54.39631 54.02747 55.49657 78.42854 42.9544 39.46186 62.23371 52.45181 44.96113 48.92252 54.86082 44.17135 48.41307 57.24617 79.64478 67.85487 38.5647 45.03402 20.82492 42.40879 103.6033 116.7621 116.2022 108.9093 95.82648 -128 -128 -128 -128 -128 -128 -128 -128 -128 -128 -128 -128 -128 -128 -128 -128 -128 -128 -128 -128 -128 -128 -128 -128 -128 -128 -128 -128 -128 -128
-128 26.77118 29.54262 30.63813 27.19678 28.07586 28.65155 34.08706 36.66014 34.41 31.06466 38.52491 43.31912 33.86635 34.31248 33.21268 43.0641 46.45097 38.24253 49.11984 62.79789 53.06487 68.23518 68.3352 68.50448 51.59935 41.19717 40.13662 41.28203 53.50586 70.66511 51.5907 57.46779 42.79348 45.99328 49.54045 82.09362 81.16259 65.09446 69.38281 22.61411 89.06434 108.4689 111.2443 118.1127 113.3063 -128 -128 -128 -128 -128 -128 -128 -128 -128 -128 -128 -128 -128 -128 -128 -128 -128 -128 -128 -128 -128 -128 -128 -128 -128 -128 -128 -128 -128 -128 -128
