formato/VCI/bioclim_6.asc
ncols         186
nrows         781
xllcorner     -75.7
yllcorner     -56.55
cellsize      0.05
NODATA_value  -9999
[rows 510 to 543 of 781, columns 0 to 76 of 186]
-128 -128 -128 -128 -128 -128 -128 -128 -128 -128 -128 -128 -128 -128 -128 -128 -128 -128 -128 -128 -128 -128 -128 -128 -128 -128 -128 -128 4.315713 3.95454 3.499051 3.325118 2.975673 2.483295 2.450189 2.647133 2.78065 2.848748 3.032475 2.994493 3.133874 3.527026 3.699022 4.277556 4.418203 4.39706 4.352948 4.340009 -128 -128 -128 -128 -128 -128 -128 -128 3.994391 3.194254 3.480288 1.525801 1.443763 1.479089 0.6750659 1.729514 1.276883 -1.4482 -0.257813 -0.3661082 -2.097501 -3.563356 -3.072787 -3.937882 -2.305581 -3.315699 -2.970423 -1.698221 -128
-128 -128 -128 -128 -128 -128 -128 -128 -128 -128 -128 -128 -128 -128 -128 -128 -128 -128 -128 -128 -128 -128 -128 -128 -128 -128 -128 4.428358 4.108486 3.653394 3.372305 3.24341 3.025442 2.679993 2.4239 2.526056 2.586398 2.722359 3.050949 3.250132 3.142092 3.427074 3.690043 4.075857 4.433281 4.407954 -128 -128 -128 -128 -128 -128 -128 -128 -128 -128 3.508181 1.809428 2.283394 2.190418 0.854419 0.7355133 0.4466719 1.86798 2.032943 0.4623361 -0.08463059 -1.532754 -2.007917 -1.855324 -4.183717 -2.855314 -2.843479 -1.932676 -3.747097 -3.910144 -128
-128 -128 -128 -128 -128 -128 -128 -128 -128 -128 -128 -128 -128 -128 -128 -128 -128 -128 -128 -128 -128 -128 -128 -128 -128 -128 -128 4.347204 3.868548 3.540297 3.300128 3.114053 2.927435 2.871637 2.76581 2.791162 2.764953 2.785765 3.236459 3.603228 3.465598 3.871849 3.944268 4.135524 4.430976 -128 -128 -128 -128 -128 -128 -128 -128 -128 -128 4.097719 3.203939 1.404178 0.9179327 0.7407111 1.224618 0.1939559 0.1816112 -1.253613 1.814098 0.3676361 -1.769792 -1.624542 -1.961842 -1.314405 -2.335356 -3.482496 -2.824362 -1.319948 -2.200342 -3.688769 -3.36414
-128 -128 -128 -128 -128 -128 -128 -128 -128 -128 -128 -128 -128 -128 -128 -128 -128 -128 -128 -128 -128 -128 -128 -128 -128 -128 4.493337 4.043767 3.795704 3.610326 3.336214 3.207614 2.868484 2.620624 2.722272 2.729547 2.69385 2.841065 3.15747 3.804625 4.056571 4.103937 4.159176 4.413378 4.468828 -128 -128 -128 -128 -128 -128 -128 -128 -128 -128 4.06914 3.378751 0.5272025 -0.4918384 0.5302758 0.1472667 0.3407215 -0.7301214 -0.3825321 1.612319 1.473961 -0.7424957 -2.426046 -1.209894 -1.673231 -3.588226 -3.388285 -2.980709 -2.082723 -2.667489 -2.06935 -1.456901
-128 -128 -128 -128 -128 -128 -128 -128 -128 -128 -128 -128 -128 -128 -128 -128 -128 -128 -128 -128 -128 -128 -128 -128 -128 4.601538 4.291152 3.905647 3.687877 3.521717 3.262876 3.133379 2.897327 2.686686 2.723541 2.785048 2.782532 2.86159 2.961408 3.780751 4.034985 4.153008 4.421909 -128 -128 -128 -128 -128 -128 -128 -128 -128 -128 -128 -128 -128 3.587196 1.516779 0.1334582 -0.1110527 0.5527298 -0.7623309 -0.3184859 0.2391086 -0.8655723 1.802737 1.938337 0.5292577 -1.908186 -3.619412 -2.986422 -3.777711 -4.7035 -3.926082 -2.034462 -1.183904 -0.8896583
-128 -128 -128 -128 -128 -128 -128 -128 -128 -128 -128 -128 -128 -128 -128 -128 -128 -128 -128 -128 -128 -128 -128 -128 -128 4.598097 4.258246 3.813238 3.423094 3.475441 3.625924 3.283072 3.308512 3.040678 3.074554 3.039265 3.214872 3.242697 2.843807 3.351727 4.169764 4.390267 4.441006 -128 -128 -128 -128 -128 -128 -128 -128 -128 -128 4.288815 4.10858 3.596996 3.428075 3.004086 1.975389 0.2487132 0.7244537 -1.341668 -2.528675 -3.764693 -1.943009 0.668453 0.7024783 1.170414 -0.1371609 -3.196857 -3.088403 -2.924154 -2.393966 -2.366877 -2.00231 -1.48465 -2.018326
-128 -128 -128 -128 -128 -128 -128 -128 -128 -128 -128 -128 -128 -128 -128 -128 -128 -128 -128 -128 -128 -128 -128 -128 -128 -128 -128 4.439768 4.142159 3.929221 3.918486 3.811523 3.757515 3.528078 3.449598 3.461023 3.291302 3.589331 3.418711 3.375597 4.162558 -128 -128 -128 -128 -128 -128 -128 -128 -128 -128 -128 4.207369 3.978202 3.336377 2.49278 2.591575 2.799367 2.6512 1.262506 -0.5783628 0.3505376 -1.434615 -4.023846 -4.149587 -1.276153 -1.24516 -1.731365 1.217872 0.1135258 -2.061153 -4.08205 -3.362442 -0.7591554 -1.140836 -3.099272 -4.371474
-128 -128 -128 -128 -128 -128 -128 -128 -128 -128 -128 -128 -128 -128 -128 -128 -128 -128 -128 -128 -128 -128 -128 -128 -128 -128 -128 -128 4.48483 4.456681 4.293519 4.112789 4.0918 3.993602 3.943599 3.7682 3.620421 3.733659 3.730883 3.530087 4.275243 -128 -128 -128 -128 -128 -128 -128 -128 -128 -128 -128 4.113883 3.620507 3.33518 2.622804 2.093281 1.517936 1.495786 1.935513 0.7439802 0.6575997 -0.7422251 -1.718507 -3.217191 -2.908333 -0.3569598 -0.5716216 -0.5598647 1.443259 0.1325529 -2.869606 -0.9830801 -2.660205 -3.083441 -4.199107 -4.044476
-128 -128 -128 -128 -128 -128 -128 -128 -128 -128 -128 -128 -128 -128 -128 -128 -128 -128 -128 -128 -128 -128 -128 -128 -128 -128 -128 -128 4.487581 4.505071 4.454891 4.400113 4.342522 -128 -128 -128 4.09544 4.238873 4.2877 4.342464 -128 -128 -128 -128 -128 -128 -128 -128 -128 -128 -128 -128 4.001899 3.666093 2.667501 2.451925 1.686627 0.7630021 -0.7797277 -0.2328807 0.3117707 0.1149879 -1.443259 -3.147688 -2.775087 -1.197012 0.3088432 -1.631396 -2.528243 -0.07877905 0.4325425 -0.8369459 -1.745222 -4.005272 -3.981948 -5.026952 -4.129809
-128 -128 -128 -128 -128 -128 -128 -128 -128 -128 -128 -128 -128 -128 -128 -128 -128 -128 -128 -128 -128 -128 -128 -128 -128 -128 -128 -128 4.56594 4.527048 4.478044 -128 -128 -128 -128 -128 -128 -128 -128 -128 -128 -128 -128 -128 -128 -128 -128 -128 -128 -128 -128 -128 3.833274 2.040193 2.697109 1.596244 0.784282 -1.874226 -2.747179 -2.817287 -1.922017 -1.23863 -0.5174332 -3.136367 -2.907451 -2.165297 -0.5983229 -1.511596 -3.889548 -4.214387 -2.530849 0.5029743 -1.729542 -2.877754 -2.800555 -4.285201 -4.275413
-128 -128 -128 -128 -128 -128 -128 -128 -128 -128 -128 -128 -128 -128 -128 -128 -128 -128 4.656736 4.569287 4.605401 4.661829 -128 -128 -128 -128 -128 -128 -128 -128 -128 -128 -128 -128 -128 -128 -128 -128 -128 -128 -128 -128 -128 -128 -128 -128 -128 -128 -128 -128 -128 -128 3.970293 3.262575 2.955884 2.218175 0.1710007 -1.968987 -0.3290045 0.4743531 -0.7030472 -3.096975 -2.692999 -2.836486 -3.917979 -3.708679 -1.500916 -1.284159 -3.916511 -4.322204 -2.860975 -1.698323 -0.8331252 -2.991041 -4.236661 -4.154058 -3.330269
-128 -128 -128 -128 -128 -128 -128 -128 -128 -128 -128 -128 -128 -128 -128 -128 -128 4.478403 4.249195 3.967872 3.93328 4.160602 4.592848 -128 -128 -128 -128 -128 -128 -128 -128 -128 -128 -128 -128 -128 -128 -128 -128 -128 -128 -128 -128 -128 -128 -128 -128 -128 -128 -128 -128 -128 -128 3.712513 2.754445 2.682225 2.229795 2.075822 1.75794 -0.0649948 -1.448835 -2.71422 -3.049969 -2.474488 -2.368569 -3.724984 -2.139584 -0.5015088 -3.626765 -4.515443 -3.156916 -1.857312 -0.02387444 -0.4876882 -2.065298 -3.615527 -4.082197
-128 -128 -128 -128 -128 -128 -128 -128 -128 -128 -128 -128 -128 -128 -128 -128 -128 4.540982 3.719752 3.64881 3.617589 3.922868 4.432008 -128 -128 -128 -128 -128 -128 -128 -128 -128 -128 -128 -128 -128 -128 -128 -128 -128 -128 -128 -128 -128 -128 -128 -128 -128 -128 -128 -128 -128 -128 3.754114 3.642621 3.347092 2.297964 2.214133 1.985624 1.232321 0.01435831 -0.735711 -1.317194 -3.029889 -1.618368 -2.016771 -1.834764 0.05380853 -3.739341 -3.961052 -2.659785 -1.053701 -2.606797 -0.234334 -0.2885605 -0.4578963 -0.2710059
-128 -128 -128 -128 -128 -128 -128 -128 -128 -128 -128 -128 -128 -128 -128 -128 -128 -128 4.369811 4.448186 -128 -128 -128 -128 -128 -128 -128 -128 -128 -128 -128 -128 -128 -128 -128 -128 -128 -128 -128 -128 -128 -128 -128 -128 -128 -128 -128 -128 -128 -128 -128 -128 -128 3.709617 3.126745 1.58448 1.834898 2.164476 1.218862 1.770633 0.5488293 -1.409721 -2.27954 -2.588028 -3.500824 -1.787992 -0.9928529 0.4063926 -2.488391 -3.477319 -0.5210683 -0.6618904 -1.353649 -2.823536 -2.208009 -2.007588 -2.67391
-128 -128 -128 -128 -128 -128 -128 -128 -128 -128 -128 -128 -128 -128 -128 -128 -128 -128 -128 -128 -128 -128 -128 -128 -128 -128 -128 -128 -128 -128 -128 -128 -128 -128 -128 -128 -128 -128 -128 -128 -128 -128 -128 4.359293 4.314506 -128 -128 -128 -128 -128 -128 -128 -128 2.902078 1.921087 0.971854 1.540952 1.88521 0.2700676 0.6771176 -0.7486472 -0.2583091 -0.3438519 -1.394507 -3.950604 -2.775244 -1.540822 -0.03335414 -0.1085744 -0.7974887 0.09121228 -2.280321 -2.443047 -3.72279 -3.689749 -4.579099 -4.370987
-128 -128 -128 -128 -128 -128 -128 -128 -128 -128 -128 -128 -128 -128 -128 -128 -128 -128 -128 -128 -128 -128 -128 -128 -128 -128 -128 -128 -128 -128 -128 4.354792 4.310805 4.247178 4.232988 4.218134 4.186254 4.136558 -128 -128 -128 -128 -128 -128 -128 -128 -128 -128 -128 -128 -128 -128 3.56654 3.509374 3.346757 2.979981 2.342962 2.116108 -0.7770556 0.154367 -1.914798 -1.891786 -2.923138 -2.045387 -3.010253 -1.77029 -0.02515262 -1.103359 -3.022878 -3.32202 -0.8288675 -4.108267 -4.651509 -3.234185 -4.562398 -4.347016 -3.285269
-128 -128 -128 -128 -128 -128 -128 -128 -128 -128 -128 -128 -128 -128 -128 -128 -128 -128 -128 -128 -128 -128 -128 -128 -128 -128 -128 -128 -128 -128 -128 4.214556 3.724074 3.639077 3.919174 4.101006 3.831831 3.696941 4.057843 4.15986 -128 -128 -128 -128 -128 -128 -128 -128 -128 -128 -128 -128 3.42659 3.358658 2.785057 2.671911 0.4510614 1.811908 1.687281 1.323285 -0.3866164 -0.7151179 -1.177903 -2.522289 -3.626857 -2.053557 0.4865696 -1.100642 -4.461984 -3.422636 -2.78769 -1.655663 -3.37041 -4.533817 -5.01586 -4.089654 -2.821883
-128 -128 -128 -128 -128 -128 -128 -128 -128 -128 -128 -128 -128 -128 -128 -128 -128 -128 -128 -128 -128 -128 -128 -128 -128 -128 -128 -128 -128 -128 4.331977 4.050869 3.690935 3.448519 3.340447 3.64971 3.74035 3.582336 3.732497 4.057435 4.123483 4.154393 -128 -128 -128 -128 -128 -128 -128 -128 3.223243 3.19863 3.246034 2.52867 2.910428 2.496882 2.171514 1.523887 0.7956504 -0.280659 -0.5962608 -1.470969 -1.146483 -1.740814 -2.807256 -1.3346 0.7324697 0.1326656 -0.9549376 -2.681805 -4.760509 -4.328002 -2.401864 -3.281798 -5.170418 -4.322118 -4.143954
-128 -128 -128 -128 -128 -128 -128 -128 -128 -128 -128 -128 -128 -128 -128 -128 -128 -128 -128 -128 -128 -128 -128 -128 -128 -128 -128 -128 -128 -128 4.294086 4.223606 4.144686 3.869129 3.577603 3.419254 3.58097 3.702954 3.803649 3.833361 4.021924 4.087229 4.119029 -128 -128 -128 -128 -128 3.514312 2.492548 1.294476 2.453975 2.957683 2.355767 2.267895 1.25854 0.2626639 0.8259799 1.906106 -0.09074402 -1.749953 -2.785217 -2.331876 -1.609707 -0.1063129 1.402532 0.8895751 -0.4998457 0.2814083 -0.01597988 -2.194549 -4.109129 -4.146443 -4.281636 -5.586188 -5.928278 -5.066607
-128 -128 -128 -128 -128 -128 -128 -128 -128 -128 -128 -128 -128 -128 -128 -128 -128 -128 -128 -128 -128 -128 -128 -128 -128 -128 -128 -128 -128 4.213061 4.194813 4.207517 4.156254 -128 4.059434 3.765213 3.418278 3.619976 3.729287 3.686446 3.601453 3.93633 4.063654 -128 4.021394 -128 -128 -128 3.34696 2.173814 1.355692 2.360225 2.113207 1.771623 1.117744 1.518359 0.6768921 -0.3716337 1.172085 1.06047 0.1877558 -1.064984 0.1571922 0.9240773 1.19979 1.546759 0.5013597 0.7222217 0.6222442 0.6137461 -1.083423 -2.601564 -2.481913 -4.456161 -4.304706 -4.217463 -4.252831
-128 -128 -128 -128 -128 -128 -128 -128 -128 -128 -128 -128 -128 -128 -128 -128 -128 -128 -128 -128 -128 -128 -128 -128 -128 -128 -128 -128 4.116885 3.848451 4.055225 4.115229 4.087967 -128 -128 3.996868 3.982234 3.936162 3.823866 3.799037 3.530539 3.59108 3.78269 4.004815 3.964795 -128 -128 -128 3.276634 2.942735 2.675132 2.554749 1.007378 0.4744398 0.5695595 -0.6706001 -1.443201 -0.4986559 -0.03120534 -1.803248 0.2410839 0.8567829 1.441729 1.056625 0.9171384 0.6078911 -2.761195 0.4160631 0.03680021 -0.662735 -3.16528 -2.846423 -2.640896 -1.498441 -2.072843 -2.893845 -3.926765
-128 -128 -128 -128 -128 -128 -128 -128 -128 -128 -128 -128 -128 -128 -128 -128 -128 -128 -128 -128 -128 -128 -128 -128 -128 -128 4.215994 3.95752 3.765031 3.665172 3.896486 3.968852 3.95526 3.94868 3.93202 3.904984 3.886738 3.900479 3.88937 3.904058 3.751372 3.305689 3.667008 3.852338 -128 -128 -128 -128 3.269898 3.129586 1.563245 2.893723 1.417145 1.174334 -0.8132483 -3.466265 -7.06936 -4.44484 -2.083108 -1.328453 -2.086257 -1.396904 -0.5749618 -2.47309 -0.3642924 -1.09696 -1.997344 0.6638415 -0.6601959 0.5153139 -0.2135605 -3.018491 -4.350559 -4.415559 -4.151778 -3.253545 -1.803304
-128 -128 -128 -128 -128 -128 -128 -128 -128 -128 -128 -128 -128 -128 -128 -128 -128 -128 -128 -128 -128 -128 -128 -128 -128 4.177012 4.101747 3.360992 3.249608 3.506374 3.694851 3.385243 3.2168 3.76984 3.553184 2.59903 3.37141 3.837836 3.864853 3.879093 3.859535 3.667751 3.654665 3.493791 3.573375 3.713104 -128 -128 3.174702 2.914617 1.764454 1.834171 2.210035 1.577518 1.016661 0.512069 -0.7886906 -1.913248 -1.978864 -2.886505 -2.448642 -2.298405 -2.08229 -2.464002 0.2048179 -1.509276 -0.4500486 -0.9317482 -2.854944 -0.5252064 0.4918713 -1.77965 -4.073964 -3.605672 -3.920102 -2.72379 -2.43563
-128 -128 -128 -128 -128 -128 -128 -128 -128 -128 -128 -128 -128 -128 -128 -128 -128 -128 -128 -128 -128 -128 -128 -128 -128 4.086989 3.998869 3.657256 3.298465 3.690142 3.682216 3.140309 3.027454 3.170047 3.108313 2.684221 3.128195 3.625108 3.822003 3.754653 3.577796 3.844686 3.81492 3.712957 3.715536 -128 -128 -128 3.122057 2.445518 1.596741 2.412142 1.951204 0.7838449 -0.6738363 -0.6074714 -0.7815019 -1.057095 -0.7424714 -1.668481 -2.924676 -2.0584 -3.111998 -2.42547 0.2221835 -3.52807 -0.8998682 -1.062995 -1.890333 -1.450078 -0.9364724 -1.6533 -1.791167 -2.829774 -3.812654 -1.765827 -1.473998
-128 -128 -128 -128 -128 -128 -128 -128 -128 -128 -128 -128 -128 -128 -128 -128 -128 -128 -128 -128 -128 -128 -128 -128 -128 4.003514 3.679771 3.164922 3.53709 3.534686 3.596606 3.592974 2.783616 2.748495 2.748318 2.827352 3.434698 3.664292 3.754407 3.733188 3.726497 3.792076 -128 3.82364 -128 -128 -128 -128 -128 3.017766 2.337102 1.345565 1.209747 0.8650277 0.3550052 -0.7625893 -1.680339 -1.418477 -3.705918 -3.185301 -1.533444 -1.203633 -2.7151 -1.560442 -0.9517465 -3.035715 -2.364731 0.1470205 -3.46333 -2.981206 -1.865076 -2.904815 -3.647086 -2.853948 -1.7962 -1.162407 -0.2935432
-128 -128 -128 -128 -128 -128 -128 -128 -128 -128 -128 -128 -128 -128 -128 -128 -128 -128 -128 -128 -128 -128 -128 -128 4.030725 3.92752 3.022447 1.226728 1.483099 3.280479 3.465845 3.28811 2.998626 1.879365 2.915829 2.844905 3.207733 3.341429 3.622253 3.426247 3.455753 3.730491 3.771509 3.759306 3.621663 3.584967 -128 -128 -128 2.996148 3.056374 2.653935 2.521937 1.845826 1.269834 -0.7571236 0.3396341 0.6973084 -0.4431738 -0.4117742 -0.58141 -2.346665 -2.401518 -0.4184513 -2.571597 -4.466055 -3.954645 -0.9907371 -4.481142 -4.50036 -3.400543 -3.27348 -2.616275 -1.871108 -1.268965 -0.6906139 -0.8543046
-128 -128 -128 -128 -128 -128 -128 -128 -128 -128 -128 -128 -128 -128 -128 -128 -128 -128 -128 -128 -128 -128 -128 -128 3.965016 3.867617 3.697733 2.814355 3.165305 3.342582 3.469046 3.202688 3.185936 2.771289 2.98386 2.935382 3.048566 2.954575 3.521219 3.653748 3.621561 3.666244 3.691963 3.745572 3.694693 -128 3.486362 3.387392 2.762125 2.406705 2.966018 2.515638 2.703557 2.13255 2.478585 2.18287 0.4778894 -0.6105307 -1.171943 -2.921873 -2.795685 -1.820125 0.4239091 -1.177447 -2.48308 -3.732805 -2.579115 -2.556172 -4.606602 -3.724701 -3.162982 -2.714775 -1.992973 -2.141342 -2.405201 -2.015052 -2.586675
-128 -128 -128 -128 -128 -128 -128 -128 -128 -128 -128 -128 -128 -128 -128 -128 -128 -128 -128 -128 -128 -128 -128 3.961726 3.902882 3.77606 3.595969 2.617758 3.007046 3.360636 3.021127 2.524964 3.069334 1.544816 1.798148 2.942268 3.093052 3.216474 3.367151 3.08449 3.252341 3.584579 3.657362 3.704976 -128 -128 -128 3.452572 2.017274 1.644364 2.525345 2.843117 2.469389 2.430298 2.379072 2.487045 1.304188 0.5760649 -0.1471245 -0.4932986 -0.118453 0.7230697 1.153033 -1.420586 -5.323966 -5.695204 -5.022627 -4.866373 -3.235411 -2.545569 -4.151541 -2.419801 -2.833231 -3.591722 -4.003559 -4.518674 -4.241273
-128 -128 -128 -128 -128 -128 -128 -128 -128 -128 -128 -128 -128 -128 -128 -128 -128 -128 -128 -128 -128 -128 -128 3.802157 3.239171 3.614363 3.166322 1.767943 0.9426101 2.906772 3.328777 3.072745 3.361172 3.375271 2.92953 2.557732 2.879587 2.831139 3.040565 3.095276 3.162315 3.485392 3.602149 -128 -128 -128 -128 -128 3.465784 2.550049 1.139976 2.857298 2.355009 1.276609 0.18359 1.860732 2.217444 2.072921 1.0221 -0.6917776 -0.1955203 1.732503 -0.3213788 -4.303038 -5.774387 -6.332695 -5.134036 -5.22367 -4.719222 -3.631023 -1.28667 -1.446821 -4.771427 -3.785219 -4.128523 -5.298195 -5.629803
-128 -128 -128 -128 -128 -128 -128 -128 -128 -128 -128 -128 -128 -128 -128 -128 -128 -128 -128 -128 -128 -128 3.840659 3.050675 1.709261 2.767881 1.446183 1.129157 1.848484 2.160831 3.113864 3.281526 3.12487 3.139747 3.148793 3.293051 2.770657 3.119232 3.243604 3.36102 3.250739 3.169679 3.415637 3.63928 -128 -128 -128 3.617549 3.544069 1.696493 0.7558099 0.9282796 0.8600677 1.971956 0.5236629 1.702022 -0.4931989 -1.167565 0.5619597 1.203143 0.4138952 1.916332 1.057832 -1.023731 -2.573426 -4.223986 -5.505548 -4.536561 -3.835435 -2.650789 -3.047713 -5.095197 -5.366649 -5.504846 -6.101125 -5.866317 -5.330201
-128 -128 -128 -128 -128 -128 -128 -128 -128 -128 -128 -128 -128 -128 -128 -128 -128 3.956507 3.908167 -128 -128 -128 -128 3.494858 2.352012 2.108779 2.705267 1.488836 0.87748 1.043483 1.405657 3.030375 2.694256 2.438913 2.68012 3.0559 3.020911 3.255748 3.193923 3.021672 3.003099 3.191615 3.532751 -128 -128 -128 3.579159 3.354674 3.54958 2.844781 2.011323 0.8743618 -0.1443097 -0.01031911 1.842882 1.573352 -0.8267151 -1.249308 -2.052083 -0.3508498 1.814384 1.145609 -0.6189473 -0.4637999 -3.074077 -4.398892 -4.141263 -5.214523 -5.982007 -4.716565 -2.289743 -3.947891 -3.911344 -3.495057 -4.166016 -4.233337 -3.659745
-128 -128 -128 -128 -128 -128 -128 -128 -128 -128 -128 -128 -128 -128 -128 -128 -128 3.858266 3.430388 3.723177 -128 3.795217 -128 -128 -128 3.658023 3.51826 3.169093 2.79957 2.878446 2.880666 2.925902 3.263602 3.236663 3.151332 2.445224 3.164743 3.172853 1.709053 1.483654 1.99269 3.149233 3.557305 -128 -128 3.563521 3.443555 3.098519 3.152584 1.037539 1.895262 2.620841 1.890206 -0.1387236 1.760232 -0.5516146 -1.754966 -2.091183 -0.7245664 1.249251 1.366568 -1.701106 -3.424093 -3.620231 -1.902161 -0.8259088 -2.2285 -3.10448 -3.54367 -4.663149 -4.250335 -4.675179 -5.17281 -5.484577 -5.887602 -4.862875 -4.422679
-128 -128 -128 -128 -128 -128 -128 -128 -128 -128 -128 -128 -128 -128 -128 -128 -128 3.853314 3.395174 3.617433 3.649436 3.625654 3.454799 3.483611 3.630222 3.596214 3.400498 2.995805 2.651594 1.698609 1.172907 1.507511 1.43995 1.432322 1.612763 1.824001 2.923535 2.797385 2.026549 0.561195 1.254107 2.871096 3.536143 -128 3.60226 2.900701 2.286856 1.814759 1.7732 2.659542 0.5936039 1.031273 0.8901457 1.564282 1.451046 2.243099 0.9324055 0.4196358 1.551106 1.888611 1.196178 -1.479355 -2.50486 -4.665473 -4.621264 -2.441729 -2.037313 -1.682343 -1.24649 -4.290082 -4.622228 -2.277593 -4.765095 -4.421667 -4.108883 -2.718911 -2.814976
-128 -128 -128 -128 -128 -128 -128 -128 -128 -128 -128 -128 -128 -128 -128 -128 -128 3.863137 3.771027 3.693439 3.623226 3.489421 3.068613 2.141174 2.631618 3.275907 1.876984 1.384393 1.516998 1.779449 1.334549 0.7575616 1.429462 1.549892 2.469339 1.753687 2.569164 3.003212 2.118269 -0.4202007 1.181526 2.912281 3.490378 -128 3.562789 2.732879 1.889164 1.658325 0.7415609 0.6497191 1.920115 0.3070794 -1.855179 0.4622355 -0.7709816 -0.8282709 0.04057752 1.472426 1.847563 1.653892 0.4940825 -3.162649 -3.225335 -1.351896 -0.5027853 -1.1673 -0.9955689 -0.5360857 -0.8361307 -2.439772 -3.751765 -1.793975 -2.88181 -1.633307 -1.726056 -2.457856 -2.534731
