formato/VCI/bioclim_7.asc
ncols         186
nrows         781
xllcorner     -75.7
yllcorner     -56.55
cellsize      0.05
NODATA_value  -9999
[rows 714 to 747 of 781, columns 77 to 153 of 186]
13.20935 -128 13.52194 14.07821 14.11403 14.38831 14.63788 14.84803 15.21084 15.32161 15.37258 15.40046 15.26189 14.96863 14.69185 14.81939 14.70984 14.5496 14.26208 -128 -128 -128 -128 -128 -128 -128 -128 13.73592 14.26056 14.86226 15.15132 15.44035 15.6419 15.71583 15.78228 16.05254 16.26463 16.41945 16.4407 16.60918 16.89433 17.04943 17.08605 17.08394 17.02539 17.07015 17.13981 17.23589 17.34595 17.48437 17.51698 17.57887 17.68035 17.85495 18.00546 18.10719 18.20362 18.18967 18.06134 17.94891 17.902 17.78878 17.53881 17.10604 16.64067 -128 -128 -128 -128 -128 -128 -128 -128 -128 -128 -128 -128
13.08927 13.13505 13.43131 14.11019 14.09191 14.3211 14.73116 14.79543 14.77361 14.99726 15.25477 15.4161 15.34015 14.99476 14.59415 14.66224 14.6615 14.52732 14.22314 -128 -128 -128 -128 -128 -128 -128 -128 13.51267 14.05021 14.61211 14.82766 15.07828 15.21417 15.27642 15.28334 15.6244 15.91499 16.07137 16.15383 16.39168 16.61196 16.85973 16.89989 16.89092 16.92329 16.97151 17.0998 17.23236 17.40966 17.53382 17.61452 17.66022 17.76557 17.88886 18.02792 18.08408 18.10091 18.0285 17.85805 17.74324 17.69026 17.62219 17.40748 16.96981 16.54075 -128 -128 -128 -128 -128 -128 -128 -128 -128 -128 -128 -128
13.01599 13.01674 13.31811 13.84116 13.9644 14.02743 14.22478 14.47909 14.43574 14.55175 14.80236 15.17695 15.06668 14.80125 14.55666 14.64713 14.6625 14.51689 14.24997 -128 -128 -128 -128 -128 -128 -128 -128 13.23907 13.6935 14.14788 14.27096 14.41096 14.50737 14.47299 14.3801 14.62671 14.90239 15.15598 15.32861 15.59297 15.79135 15.96114 16.11619 16.29861 16.4784 16.64966 16.83633 17.012 17.24857 17.49925 17.64255 17.75479 17.86825 17.96561 18.00988 18.00993 18.03356 17.95072 17.75612 17.57282 17.51768 17.49599 17.34532 17.03572 16.7106 -128 -128 -128 -128 -128 -128 -128 -128 -128 -128 -128 -128
12.81836 12.82167 13.01183 13.32527 13.57815 13.72843 13.89932 13.98067 14.00042 13.97943 14.23663 14.55717 14.69016 14.60356 14.49853 14.57007 14.66696 14.44384 -128 -128 -128 -128 -128 -128 -128 -128 -128 12.96448 13.24785 13.62192 13.64894 13.65921 13.65473 13.54671 13.30565 13.59539 13.84574 14.03367 14.34489 14.63577 14.87502 15.11797 15.36883 15.6776 15.99849 16.24287 16.47814 16.73218 17.0533 17.42076 17.63772 17.85857 17.97048 18.0226 18.03115 18.01569 17.93115 17.82537 17.63643 17.40372 17.37794 17.39212 17.28425 17.13782 16.91138 -128 -128 -128 -128 -128 -128 -128 -128 -128 -128 -128 -128
13.06754 13.03448 13.10649 13.29566 13.55283 13.76367 13.97381 14.05685 14.05706 14.09234 14.36132 14.51144 14.61989 14.48933 14.43816 14.58276 14.55045 14.39423 -128 -128 -128 -128 -128 -128 -128 -128 -128 -128 -128 -128 13.03796 13.06242 13.14533 12.89053 12.66324 12.76155 12.84166 13.13633 -128 -128 -128 -128 -128 -128 -128 -128 -128 -128 -128 -128 16.95151 17.38918 17.61878 17.63069 17.62818 17.6463 17.6616 17.61785 17.51362 17.33358 17.29406 17.29729 17.21136 17.09925 17.02244 -128 -128 -128 -128 -128 -128 -128 -128 -128 -128 -128 -128
13.18523 13.16927 13.19963 13.3798 13.51063 13.72554 14.00338 14.04913 14.06403 14.10999 14.25543 14.51668 14.62887 14.5136 14.43066 14.5388 14.60817 14.37282 -128 -128 -128 -128 -128 -128 -128 -128 -128 -128 -128 -128 -128 12.15507 12.12378 11.97259 11.85405 12.0864 -128 -128 -128 -128 -128 -128 -128 -128 -128 -128 -128 -128 -128 -128 16.37988 16.83142 17.17229 17.24882 17.30525 17.39354 17.47587 17.4453 17.35002 17.17286 17.1922 17.13321 17.12208 17.14645 17.13135 -128 -128 -128 -128 -128 -128 -128 -128 -128 -128 -128 -128
13.13676 13.16604 13.35567 13.45428 13.49661 13.65633 13.85472 13.9929 13.9924 14.02347 14.30528 14.52372 14.55826 14.41362 14.34007 14.61565 14.66836 14.51227 14.19611 -128 -128 -128 -128 -128 -128 -128 -128 -128 -128 -128 -128 -128 -128 -128 -128 -128 -128 -128 -128 -128 -128 -128 -128 -128 -128 -128 -128 -128 15.49871 15.81962 16.25778 16.74161 16.96426 16.98685 16.95559 17.06907 17.10605 17.08712 17.05868 16.95424 17.01713 17.03797 17.08642 17.12752 17.26838 -128 -128 -128 -128 -128 -128 -128 -128 -128 -128 -128 -128
13.24433 13.22789 13.3097 13.36815 13.42649 13.60249 13.7745 13.83844 13.92008 13.98187 14.27298 14.58484 14.61485 14.38945 14.20535 14.24907 14.50587 14.57065 14.27634 -128 -128 -128 -128 -128 -128 -128 12.67232 12.59896 -128 -128 -128 -128 -128 -128 -128 -128 -128 -128 -128 -128 -128 -128 -128 -128 -128 14.70282 14.89795 15.17849 15.65626 16.06758 16.39948 16.68907 16.78584 16.66557 16.60213 16.65417 16.70653 16.79283 16.80691 16.79112 16.86271 17.00847 17.07024 17.21043 17.35844 -128 -128 -128 -128 -128 -128 -128 -128 -128 -128 -128 -128
13.13149 13.13588 13.16758 13.20906 13.28478 13.52014 13.80154 13.86022 13.91821 13.93347 14.19943 14.35082 14.43297 14.33013 14.179 14.25174 14.29876 14.36283 14.3434 -128 -128 -128 -128 -128 -128 12.94858 12.99577 12.78977 -128 -128 -128 -128 -128 -128 -128 -128 -128 -128 -128 -128 -128 -128 14.19483 14.41322 14.67114 14.94244 15.26753 15.51184 15.80656 16.07456 16.31181 16.53251 16.56175 16.41359 16.25755 16.30707 16.37623 16.47201 16.46886 16.57199 16.70729 16.84593 16.98694 17.20289 17.44927 -128 -128 -128 -128 -128 -128 -128 -128 -128 -128 -128 -128
13.14271 13.28539 13.35898 13.58727 13.58359 13.76214 13.97122 14.17181 14.16572 14.21574 14.4317 14.80823 14.75033 14.55854 14.4843 14.4852 14.4089 14.35495 14.41605 -128 -128 -128 13.68766 13.46113 13.30311 13.30283 13.15425 12.85555 -128 -128 -128 -128 -128 -128 -128 -128 -128 -128 12.97493 13.29627 13.6474 13.95486 14.26226 14.53023 14.84342 15.03886 15.26118 15.55995 15.86872 16.15012 16.41971 16.6703 16.73925 16.59383 16.4503 16.48017 16.59696 16.59183 16.62614 16.73237 16.87059 16.96932 17.15105 17.40198 17.64852 -128 -128 -128 -128 -128 -128 -128 -128 -128 -128 -128 -128
12.98787 13.22467 13.36733 13.56896 13.77679 14.02479 14.32183 14.43947 14.47651 14.44176 14.69561 14.89371 15.07893 14.97922 14.87195 14.97736 14.81609 14.50357 -128 -128 -128 -128 13.97157 13.85724 13.86938 13.63012 13.38044 12.99361 -128 -128 -128 -128 -128 -128 12.14256 12.22352 12.31131 12.50273 12.84812 13.19136 13.55491 13.83186 14.11151 14.40659 14.67643 14.89302 15.11602 15.44293 15.76069 16.1272 16.33329 16.58057 16.66577 16.5319 16.46378 16.54329 16.60046 16.6805 16.85474 16.95456 17.11813 17.28823 17.49329 17.70916 17.9471 -128 -128 -128 -128 -128 -128 -128 -128 -128 -128 -128 -128
12.8077 13.19492 13.46059 13.76085 14.11847 14.47353 14.67493 14.67129 14.62272 14.68242 14.9247 15.16104 15.1444 15.01683 14.98003 14.78086 14.73317 14.41194 -128 -128 -128 -128 14.06552 13.87297 13.75639 13.68486 13.50635 13.11838 12.70868 -128 -128 -128 -128 11.84433 12.20707 12.38417 12.38773 12.4954 12.70603 12.94543 13.34191 13.71759 14.0298 14.31112 14.51256 14.75571 15.00564 15.33286 15.69788 16.06951 16.32847 16.61781 16.70377 16.63568 16.6249 16.65298 16.75965 16.87302 17.01918 17.15154 17.35331 17.56924 17.77271 17.94278 18.13052 -128 -128 -128 -128 -128 -128 -128 -128 -128 -128 -128 -128
-128 -128 -128 13.6895 13.97857 14.31758 14.63961 14.85236 14.79825 14.97676 15.06627 15.22615 15.24637 15.06406 14.69394 14.46828 14.31262 -128 -128 14.3079 14.27749 14.22131 13.99164 13.71481 13.61242 13.46053 13.35544 13.01693 12.66475 12.45395 -128 -128 -128 11.83661 12.17158 12.304 12.40524 12.5431 12.67562 12.8794 13.27298 13.67401 13.89997 14.10702 14.39078 14.74198 15.0474 15.41227 15.79829 16.17153 16.44858 16.70726 16.86174 16.87266 16.9169 16.96537 17.00412 17.08727 17.18521 17.34688 17.53884 17.69667 17.86412 18.06003 18.21932 -128 -128 -128 -128 -128 -128 -128 -128 -128 -128 -128 -128
13.25315 13.4314 13.66184 -128 -128 -128 -128 -128 14.71959 14.74358 15.16753 15.19652 14.93813 14.72082 14.62695 -128 -128 -128 14.1123 14.20217 14.44333 14.61832 14.33424 13.9521 13.67354 13.46954 13.25757 12.91214 12.62386 -128 -128 -128 -128 11.79435 12.11901 12.25338 12.36302 12.3907 12.49896 12.61715 12.9729 13.35931 13.66414 13.92726 14.2176 14.62014 15.02063 15.38668 15.77279 16.13828 16.4376 16.75692 16.9561 17.06443 17.09302 17.15933 17.22453 17.27328 17.40056 17.49984 17.65417 17.82282 17.9663 18.10849 18.28315 -128 -128 -128 -128 -128 -128 -128 -128 -128 -128 -128 -128
13.34315 13.42397 13.7433 13.8119 14.04288 14.15993 14.32218 14.36651 14.26169 -128 -128 -128 -128 -128 -128 -128 -128 -128 13.86287 14.04846 14.53695 14.51073 14.2684 13.8256 13.59807 13.42951 13.36883 13.08459 12.69716 12.35601 -128 -128 -128 -128 12.36116 12.44062 12.50353 12.59858 12.75169 12.89643 13.25173 13.61177 13.84957 13.96591 14.28357 14.58098 14.96782 15.27123 15.49197 15.77383 16.13167 16.40028 16.58545 16.76719 16.84628 16.90958 16.913 16.99142 17.08605 17.21365 17.44971 17.64602 17.80116 17.94345 18.12276 -128 -128 -128 -128 -128 -128 -128 -128 -128 -128 -128 -128
13.27716 13.4709 13.57859 13.81811 14.00844 14.28155 14.31847 14.28862 14.16901 13.92121 13.9306 13.91305 -128 -128 -128 -128 -128 -128 -128 13.92591 14.24245 14.37298 14.22939 13.62175 13.28548 13.18073 13.19177 13.0787 12.82074 12.40895 12.07043 -128 -128 -128 12.6176 12.75568 12.78959 12.87048 12.99182 13.11685 13.45801 13.87528 14.08376 14.25341 14.46247 14.60667 14.92009 15.15989 15.28694 15.50939 15.83253 16.13942 16.39699 16.59155 16.62015 16.4234 16.26798 16.29688 16.65706 16.8672 17.20971 17.37677 17.57863 17.83668 18.01412 -128 -128 -128 -128 -128 -128 -128 -128 -128 -128 -128 -128
13.03057 13.06143 13.14839 13.50142 13.73018 14.25984 14.4536 14.28552 13.88661 13.7614 13.75069 13.61575 13.50333 -128 13.43536 13.30288 -128 -128 -128 13.42476 14.07735 14.24183 14.00752 13.64777 13.11757 12.89765 12.80557 12.77891 12.70757 12.45832 12.17197 -128 -128 -128 -128 12.92648 13.12682 13.28997 13.41356 13.57284 13.86049 14.08825 14.3174 14.45505 14.51249 14.72284 14.89976 14.98161 15.1042 15.22919 15.55964 15.75366 16.03866 16.13826 16.31693 15.97681 15.68538 15.94083 16.0754 16.40427 16.83806 17.12111 17.46134 17.58529 17.74637 -128 -128 -128 -128 -128 -128 -128 -128 -128 -128 -128 -128
12.47853 12.62951 12.8559 12.99287 13.22695 13.44644 13.81629 13.75835 13.54055 13.41219 13.3886 13.2909 13.20175 13.15781 13.12087 13.01574 12.82115 12.74929 -128 13.03399 13.4463 13.66022 13.4976 13.20895 12.87576 12.84285 12.88434 12.74816 12.67273 12.58449 12.5936 12.32227 -128 -128 -128 13.222 13.32888 13.71026 13.86512 13.85513 14.11444 14.34892 14.51803 14.52927 14.5983 14.78255 14.75695 14.8439 14.92182 14.98234 15.20006 15.50362 15.77321 15.84039 16.02925 15.68629 15.60142 15.81886 16.04283 16.17345 16.54081 16.93452 17.19348 17.34768 17.65627 -128 -128 -128 -128 -128 -128 -128 -128 -128 -128 -128 -128
11.96934 12.14403 12.40661 12.64829 12.8001 12.95711 13.07607 13.14327 13.07306 12.96655 13.01265 12.96682 12.97994 12.91819 12.88041 13.20534 12.68636 12.54801 12.5743 12.64771 12.73607 12.98632 13.07887 13.03875 12.7667 12.78617 12.80053 12.78777 12.81754 12.83628 12.58996 12.54858 -128 -128 -128 -128 13.43227 13.51974 13.85423 14.03109 14.34198 14.68763 14.73896 14.69091 14.67045 14.70728 14.72956 14.76131 14.81694 14.79883 15.10782 15.30167 15.60191 15.84169 15.89034 15.79208 15.77441 15.96692 15.98221 15.95052 16.25073 16.54537 16.96927 17.17807 17.56326 -128 -128 -128 -128 -128 -128 -128 -128 -128 -128 -128 -128
11.80824 11.79459 12.30974 12.4335 12.71445 12.82364 12.95029 12.96781 12.85724 12.7242 12.8305 12.7912 12.87999 12.73086 12.71211 12.66774 12.29759 12.18373 12.20443 12.4012 12.53453 12.6537 12.69762 12.791 12.83001 12.97319 13.13873 13.19552 12.91075 12.74537 12.63507 12.58387 12.75787 -128 -128 -128 -128 -128 13.51827 13.80427 14.12794 14.42804 14.63329 14.63431 14.52718 14.65066 14.82672 14.94263 15.00048 14.94394 15.24209 15.4754 15.77388 15.81503 15.97763 15.85531 15.86926 15.85778 15.8521 15.7095 15.97617 16.30298 16.51951 16.71346 17.09565 -128 -128 -128 -128 -128 -128 -128 -128 -128 -128 -128 -128
11.85809 11.83783 11.96035 12.07034 12.4938 12.61744 12.66922 12.66866 12.51208 12.50874 12.50029 12.50203 12.56634 12.43408 12.38314 12.15334 11.79458 11.70409 11.98661 11.94837 12.37893 12.6476 12.81342 12.84213 12.69391 12.92581 13.15756 13.25864 13.28057 13.07574 12.88179 12.74533 12.77272 -128 -128 -128 -128 -128 -128 -128 -128 -128 14.38056 14.41882 14.44923 14.51831 14.64888 14.78119 14.86972 15.00986 15.36169 15.47936 15.57707 15.85221 15.99987 15.93528 15.81115 15.74157 15.61717 15.49081 15.61393 15.82778 15.92293 16.32655 16.51052 -128 -128 -128 -128 -128 -128 -128 -128 -128 -128 -128 -128
11.59722 11.8283 11.88659 11.86193 12.05919 12.16271 12.44544 12.38245 12.23447 12.15275 12.22471 12.24714 12.25081 12.22676 12.17389 11.91868 11.60392 11.31864 11.37738 11.37332 11.64197 11.9458 12.33098 12.60436 12.78707 12.84747 13.10166 13.12339 12.95329 12.97123 12.92205 12.78631 12.76823 -128 13.20464 13.37015 13.41617 13.52004 13.78567 14.04303 14.26571 14.46499 -128 14.60711 -128 -128 14.58233 14.70311 14.89762 14.99664 15.30742 15.56075 15.76597 15.86868 16.08738 15.88661 15.75339 15.63803 15.45335 15.29779 15.4166 15.47787 15.62068 15.83185 15.88702 -128 -128 -128 -128 -128 -128 -128 -128 -128 -128 -128 -128
11.27543 11.4131 11.52021 11.72303 11.80925 11.91445 11.90925 12.03103 11.88588 11.76972 11.90266 12.00754 12.08105 12.0752 11.99001 11.72529 11.41714 11.43881 11.36918 11.2897 11.46587 11.5497 11.65027 11.96948 12.23429 12.61544 13.03178 13.24066 13.36977 13.11903 12.8675 12.74193 12.85196 13.07686 13.37208 13.62551 13.70573 13.74738 13.99478 14.32432 14.94283 15.23897 15.2123 14.9768 14.92882 14.88694 14.81255 14.76401 14.71546 14.72925 14.90233 15.27484 15.60231 15.78644 15.81003 15.48939 15.28477 15.0888 15.00481 14.88013 15.11008 15.1589 15.23396 15.35148 15.49264 -128 -128 -128 -128 -128 -128 -128 -128 -128 -128 -128 -128
-128 11.28798 11.29776 11.49643 11.65365 11.72347 11.73061 11.66846 11.68356 11.55735 11.5532 11.56573 11.69403 11.78708 11.71411 11.43329 -128 -128 11.31523 11.50394 11.71844 11.95829 12.02856 12.17582 12.39524 12.63154 12.83593 13.13629 13.31028 13.53295 13.37301 13.06797 12.94475 12.97394 13.1674 13.49051 13.81889 14.00979 14.29743 14.62319 14.88308 15.51662 15.85432 15.69377 15.33744 15.2548 15.39622 15.397 15.02646 14.90195 -128 -128 14.98551 15.1583 15.53404 15.58673 15.53886 15.19901 14.89219 14.55436 14.5669 14.6234 14.62918 14.64555 14.76521 -128 -128 -128 -128 -128 -128 -128 -128 -128 -128 -128 -128
10.61518 10.92295 11.13015 11.17663 11.36491 11.4388 11.5313 11.53634 11.38902 11.54699 11.70345 11.67003 11.60547 11.52435 11.52377 11.50353 11.33385 11.25127 11.23345 11.76978 12.25094 12.25586 11.87403 12.2187 12.4713 12.73092 12.80269 12.86981 13.0024 13.21771 13.2966 13.3593 13.19024 12.90014 12.9372 13.28497 13.46341 13.65501 13.7525 13.79583 13.92499 14.20955 14.69383 14.59089 14.43513 14.43296 14.5627 14.95629 15.27457 15.28049 15.04363 14.7632 14.61387 -128 14.49989 14.50491 14.53829 14.77693 14.71216 14.56304 14.67219 14.83009 14.93924 15.09015 15.33685 -128 -128 -128 -128 -128 -128 -128 -128 -128 -128 -128 -128
10.34852 10.54767 10.80048 10.97305 11.07878 11.09342 11.36927 11.50352 11.51568 11.51664 11.79931 11.67005 11.6129 11.65911 11.6526 11.76894 11.82727 11.86232 11.67798 11.65035 12.09881 12.055 11.89226 12.26245 12.62387 13.35778 13.25674 12.90882 12.69778 12.66802 12.71266 12.80125 12.80639 12.9036 12.78349 12.80434 12.89263 13.07402 12.99939 13.05846 13.14613 13.25276 13.42248 13.62565 13.70857 13.77221 14.26659 14.26814 14.71806 14.90769 14.9214 14.86283 14.44543 14.49109 14.21506 14.04409 13.91871 13.86396 13.90661 13.86268 14.03183 14.10265 14.29433 14.61382 14.86782 -128 -128 -128 -128 -128 -128 -128 -128 -128 -128 -128 -128
10.28055 10.21481 10.2214 10.58421 10.7964 10.89108 11.05499 11.13015 11.1893 11.36101 11.35895 11.40064 11.50092 11.79481 11.83188 11.7438 12.01178 11.88096 11.68664 11.71815 11.9039 11.48778 11.7252 12.08035 12.35783 13.00988 13.62906 13.34987 13.0199 12.56814 12.36029 12.11259 12.09785 12.19355 12.36741 12.413 12.49623 12.53058 12.41356 12.27584 12.36416 12.48234 12.58501 12.74178 12.79085 13.37757 13.64156 14.0669 14.41565 14.72384 14.30733 14.1829 13.9601 13.97741 13.83032 14.00863 13.8826 14.00185 14.05612 13.87175 13.8174 13.76783 13.7411 13.95804 14.18893 -128 -128 -128 -128 -128 -128 -128 -128 -128 -128 -128 -128
10.15401 10.18677 10.28634 10.36379 10.43841 10.60005 10.70674 10.7842 10.84576 10.80453 10.77985 10.74857 10.89492 11.08366 11.25027 11.452 11.44201 11.60674 11.5105 11.45149 11.33991 11.45674 11.49933 11.65941 11.97051 12.26292 12.68582 12.7645 12.72409 12.36835 12.11431 11.73702 11.66934 11.58776 11.5534 11.6134 11.91046 11.9946 11.7184 11.49541 11.58626 11.78301 11.94349 11.88628 12.1038 12.74456 13.48006 13.96445 14.02621 14.11348 14.22778 14.0018 13.84376 13.53713 13.38577 13.67408 13.90781 13.93528 13.93275 13.93423 14.1973 14.31432 14.44688 14.42464 14.45008 -128 -128 -128 -128 -128 -128 -128 -128 -128 -128 -128 -128
9.738437 9.68102 9.87299 9.874418 10.00875 10.18621 10.36909 10.41881 10.42782 10.52649 10.48119 10.21532 10.21546 10.34916 10.4456 10.58991 10.78922 10.92725 11.08424 11.13355 11.15673 11.23188 11.30443 11.51298 11.63267 11.69867 11.61749 11.66921 11.58931 11.62865 11.55128 11.26311 11.25648 11.07522 11.0172 11.18182 11.24312 11.0962 11.04188 11.04798 11.18822 11.08493 11.38461 11.45062 11.37545 12.10308 12.85823 13.27284 13.38496 14.1738 13.89277 13.63684 13.5373 13.31729 13.09832 13.17224 13.42371 13.78069 14.00787 14.09599 14.2932 14.4229 14.64347 15.03107 15.28785 -128 -128 -128 -128 -128 -128 -128 -128 -128 -128 -128 -128
9.459073 9.57461 9.652041 9.730785 9.898829 9.910097 10.04887 10.01071 10.07635 10.28293 10.1593 10.10944 10.18706 10.16144 10.09203 10.32355 10.58982 10.75641 10.93115 11.14108 11.29703 11.42095 11.50999 11.64317 11.7041 11.74441 11.7045 11.59706 11.72971 11.73567 11.62154 11.52527 11.59664 11.6894 11.69228 11.56844 11.74861 11.60983 11.87731 11.98838 12.41818 12.59186 12.74244 12.76547 13.18593 13.36042 13.20492 13.54222 13.79611 14.26389 14.04608 14.23061 14.17092 13.62106 13.40442 13.48594 13.50911 13.47177 13.7664 14.19534 14.48241 14.8791 15.09369 15.38876 15.80979 -128 -128 -128 -128 -128 -128 -128 -128 -128 -128 -128 -128
9.453744 9.421938 9.525997 9.742002 9.78684 9.856392 9.715977 9.791129 9.899055 10.01559 9.950944 9.971109 10.02995 10.07851 10.11696 10.33058 10.54821 10.82155 11.03669 11.26545 11.4877 11.53029 11.66367 11.7984 11.93544 11.93335 11.91403 11.96282 11.99703 12.17191 11.98711 12.1125 11.99025 11.94154 12.18221 12.24801 12.16759 12.46365 12.47353 12.9114 12.77317 12.98025 13.07801 13.07161 13.2675 13.77517 14.36625 14.38763 14.67911 14.82639 14.61517 14.72813 14.63551 14.56832 13.88252 13.83661 13.89719 13.97352 14.0239 14.17018 14.35231 14.59645 14.94064 15.53073 15.94877 16.23358 -128 -128 -128 -128 -128 -128 -128 -128 -128 -128 -128
9.421133 9.462033 -128 -128 9.648451 9.677594 9.718454 9.756557 9.822632 9.899952 9.871675 9.852218 9.882777 -128 -128 10.32459 10.62169 10.8139 10.95406 11.30169 11.583 11.65025 11.71827 11.79975 11.91286 11.95223 11.97891 12.04305 12.07817 12.16416 12.16498 12.09935 12.1666 12.30417 12.40192 12.51587 12.61234 12.73522 12.99267 13.55288 13.67337 13.61387 13.39744 13.56812 13.79557 14.06448 14.66354 15.10765 15.00661 15.03987 15.08718 15.11654 15.06365 14.53773 13.58742 13.61346 13.79294 14.01229 14.30335 14.78969 14.95415 15.17432 15.0575 15.36899 15.98735 16.38936 -128 -128 -128 -128 -128 -128 -128 -128 -128 -128 -128
-128 -128 -128 -128 -128 -128 9.748909 9.764688 9.888243 10.10358 10.1693 10.08726 10.06366 10.11833 10.13343 -128 -128 10.70725 10.88323 11.009 11.20758 11.53812 11.62847 11.67509 11.7495 11.69791 11.73824 11.75968 11.83684 11.9333 12.09284 12.17584 12.20003 12.35793 12.45153 12.54876 12.95802 12.874 12.98016 13.44346 13.54741 13.83744 13.81566 14.07783 14.10618 14.30229 14.58226 14.54578 14.25794 14.20705 14.18101 14.14437 14.15236 13.91202 13.41996 13.5374 13.79429 14.05368 14.37127 14.79758 15.07501 15.41009 15.78194 15.93914 15.96055 16.10724 -128 -128 -128 -128 -128 -128 -128 -128 -128 -128 -128
-128 -128 -128 -128 -128 -128 -128 9.804145 10.1731 10.25643 10.30851 10.31592 10.41714 10.44922 10.6237 10.69463 10.70558 10.7151 10.80835 10.98044 -128 11.29686 11.50178 11.67423 11.78794 11.80238 11.76698 11.72523 11.61503 11.54993 11.5938 11.71038 11.86046 11.95917 12.19932 12.40743 12.62399 12.9088 -128 13.53732 13.80173 14.18038 14.26762 14.19992 14.32158 14.33798 14.18094 14.14775 14.06323 13.9297 13.85245 13.92381 14.06468 13.86019 13.52416 13.8636 14.14424 14.53944 14.95058 15.38087 15.38204 15.35156 15.5428 15.9176 16.285 16.44472 -128 -128 -128 -128 -128 -128 -128 16.27966 16.22064 15.97253 15.76806
