formato/VCI/bioclim_8.asc
ncols         186
nrows         781
xllcorner     -75.7
yllcorner     -56.55
cellsize      0.05
NODATA_value  -9999
[rows 680 to 713 of 781, columns 0 to 76 of 186]
-128 -128 -128 -128 -128 -128 -128 10.28232 9.678795 8.455679 8.640849 10.21771 10.27924 10.33039 9.786434 10.07894 10.33985 10.56957 10.63597 10.68719 10.68757 10.69079 10.6935 -128 -128 -128 10.68971 10.67601 10.66243 10.66623 10.68785 10.70958 10.71384 10.7528 10.7247 10.52006 9.757395 9.488344 8.581884 8.74579 9.954304 9.781382 9.258236 9.396677 7.756055 4.393924 5.973389 7.752266 8.972243 9.801046 9.415536 9.310917 8.633338 10.31903 10.31013 9.753478 9.820207 8.243025 8.226118 10.23655 10.31398 9.431848 9.26401 10.03515 9.50196 9.175136 9.11905 9.1153 -128 -128 -128 -128 -128 -128 -128 -128 -128
-128 -128 -128 -128 -128 -128 10.38217 9.977566 7.979847 8.688646 9.487393 10.33343 -128 -128 -128 10.42728 10.49012 -128 10.61385 10.62267 10.6376 10.64006 10.64179 10.65448 -128 10.6488 10.57155 10.63206 10.62681 10.63117 -128 10.63254 10.52805 10.6419 10.65959 10.48241 10.00516 8.885295 8.652642 8.275997 9.284927 9.879594 8.464197 7.689873 7.583791 7.127215 7.797297 9.597652 8.811985 8.124704 8.256654 8.684883 10.09911 8.955584 8.779948 9.607103 9.698233 10.47263 10.46402 10.61815 10.50095 10.36679 10.14275 10.41458 9.521344 8.077115 7.747444 7.770568 -128 -128 -128 -128 -128 -128 -128 -128 -128
-128 -128 -128 -128 -128 -128 -128 10.22251 9.805653 9.866125 10.36008 -128 -128 -128 -128 10.27997 10.07945 10.38427 10.5439 -128 -128 10.60671 10.55638 10.60741 10.61328 -128 10.60676 10.59614 10.60528 10.60868 10.6123 10.36774 9.876104 10.00501 10.57629 10.47521 9.932617 9.273587 8.839896 8.817879 8.783086 9.886307 8.41316 7.69944 6.798824 8.619946 8.252903 7.989088 9.506108 10.46366 10.11224 9.709826 7.239951 6.878685 7.170675 5.76646 6.243817 8.409399 10.10171 10.57095 10.77236 10.79047 10.77451 10.66124 9.428645 7.369441 8.086585 9.102741 9.520605 -128 -128 -128 -128 -128 -128 -128 -128
-128 -128 -128 -128 -128 -128 -128 -128 -128 -128 -128 -128 -128 -128 10.37126 10.22193 9.591636 9.114998 10.21374 10.56495 10.57691 10.55711 -128 10.52637 10.4971 10.58323 10.5854 10.57312 10.566 10.41359 10.16269 9.661988 9.088243 8.989216 10.32228 9.608213 9.960082 10.23055 9.662308 7.920638 7.865419 9.280987 8.035785 8.966872 8.981878 7.050058 9.118348 7.709039 8.816491 10.45294 10.47006 9.849769 9.930138 7.958339 7.703396 8.533942 6.51288 5.282275 7.454029 10.00275 10.77842 10.93495 11.00543 10.90936 10.55026 9.201577 9.709987 9.826411 9.766468 9.723931 -128 -128 -128 -128 -128 -128 -128
-128 -128 -128 -128 -128 -128 -128 -128 -128 -128 -128 -128 10.36665 10.07464 10.03349 10.40489 10.25707 9.443964 10.16226 10.39619 10.43752 10.47692 10.12959 10.51075 9.889186 10.00436 10.45305 -128 10.56566 10.32978 9.554292 9.241142 8.659168 9.107525 10.10725 10.07778 9.771706 9.830643 9.855265 8.697619 8.897802 9.923628 9.470318 9.462378 7.915294 7.27054 6.757277 9.475648 7.531849 9.57363 9.185139 9.26518 9.059244 10.51696 10.01199 10.10721 9.837371 9.323211 9.09222 9.306501 10.07409 10.74275 11.0349 11.24821 11.04604 10.77132 10.57527 10.25047 10.014 10.06205 10.08788 10.17349 -128 -128 -128 -128 -128
-128 -128 -128 -128 -128 -128 -128 -128 -128 -128 -128 -128 10.01752 8.562214 9.51373 10.37154 9.900543 9.497667 9.60739 10.13683 10.25705 10.46208 10.23666 10.49069 10.40124 9.270315 9.206419 9.975962 10.50507 10.52987 10.51973 10.33188 9.833314 9.013433 9.045023 9.379285 10.14917 9.485013 9.550997 9.97382 9.978907 9.897919 9.770205 7.983249 7.682296 4.343285 4.653817 9.940562 7.289275 9.133982 9.555153 9.918092 8.997354 10.59173 10.72791 10.64471 10.70362 10.61995 9.308176 9.100064 9.250994 10.45277 11.01183 11.30401 11.23484 10.96691 10.78533 10.57051 10.30633 10.36217 10.48334 10.51422 10.44184 10.45554 -128 -128 -128
-128 -128 -128 -128 -128 -128 -128 -128 -128 -128 -128 10.05891 9.317479 8.32375 9.414646 9.703576 10.21385 8.817686 9.036259 9.919443 9.655525 10.04311 10.38239 10.46734 10.46724 10.18566 9.521892 9.172795 9.868409 9.390378 10.3652 10.4818 10.15594 10.13824 10.25863 9.471725 9.192523 10.04087 9.830158 10.03064 10.19459 8.879906 9.732719 9.443183 8.245922 6.360574 4.760835 9.238356 8.063733 7.73322 7.125978 7.445432 8.877578 10.55574 9.660971 10.64735 -128 -128 10.65368 10.66045 10.68367 10.88649 11.16884 11.28949 10.90558 10.91994 11.04307 10.99104 11.03862 11.11483 11.16726 11.14507 10.99164 10.6419 10.56083 -128 -128
-128 -128 -128 -128 -128 -128 -128 -128 -128 -128 -128 10.31986 9.804314 8.110032 9.398725 8.742421 10.05723 8.809814 9.474854 9.186423 9.938313 10.03695 9.98476 10.35273 10.4224 10.4155 10.03831 8.490556 8.295948 8.249098 9.207922 10.1888 10.1524 10.50032 10.46322 10.08243 9.379725 9.189462 9.095468 8.979345 10.21492 9.810623 8.229303 9.811277 9.05919 7.493388 4.588617 9.251196 9.698212 8.829455 9.609531 9.916478 9.778113 7.346001 8.631712 10.41418 10.81115 -128 -128 10.80153 -128 -128 -128 -128 11.29526 11.29304 11.41763 11.4187 11.39378 11.36404 11.34425 11.26608 11.1191 10.84491 10.62589 10.59725 -128
-128 -128 -128 -128 -128 -128 -128 -128 -128 -128 10.3004 10.26946 10.09245 10.15427 8.617023 8.294555 8.651997 8.538536 8.325267 8.001364 8.903717 9.564994 9.907313 10.30534 10.36005 10.37253 10.35376 10.21845 9.766239 8.459888 8.935844 9.636439 9.33501 8.990586 10.2662 10.42262 10.32932 9.874452 9.131756 9.548949 10.25185 10.26267 9.23283 9.027719 10.01962 8.054365 6.713609 8.027538 10.33042 7.718981 8.18005 9.101398 10.15667 9.874754 9.836845 10.4886 10.83731 10.81027 10.78964 10.84195 10.95496 11.02227 11.18138 11.28584 11.12186 10.90008 11.16378 11.24116 11.14774 11.19805 11.22345 11.13565 10.9687 10.70587 10.5415 10.54655 -128
-128 -128 -128 -128 -128 -128 -128 -128 -128 -128 -128 -128 10.28881 10.05161 8.527737 7.700624 8.483105 9.116196 8.086227 8.474333 9.346683 10.12041 9.287251 9.618082 10.18339 10.30011 10.3192 10.21367 10.30068 10.34407 10.23932 10.04583 8.879513 7.360689 9.034958 9.220693 9.995448 9.738417 8.176647 8.850012 10.27918 10.28927 9.971941 7.907434 8.845455 9.262056 6.386553 8.329124 10.55127 7.70569 8.302587 10.6619 8.679811 7.164464 8.928189 10.82148 10.16049 8.459282 9.143769 10.82835 10.86228 9.298519 10.60271 10.85452 10.99156 10.88683 10.65697 10.79172 10.65669 10.62945 10.67545 10.6307 10.51146 10.42552 10.42959 10.4489 -128
-128 -128 -128 -128 -128 -128 -128 -128 -128 -128 -128 -128 10.28114 9.042553 7.685983 8.019207 9.453335 9.589539 8.949898 8.895701 9.113905 8.323868 7.856686 8.930004 9.893291 10.23588 10.13589 10.1845 10.21213 10.24064 10.34521 10.374 9.86824 8.396279 8.42553 7.529515 8.502303 9.876765 10.21479 9.698561 9.795372 10.28959 10.24173 8.202763 8.325912 9.41091 8.481418 8.551605 10.33809 7.92417 8.59638 10.31412 7.6221 8.083121 10.34427 10.72913 8.196136 7.697703 8.056093 10.70466 10.68415 7.622864 8.087383 10.70275 11.00196 10.96309 10.45561 10.2107 9.617176 9.934396 10.09949 10.15031 10.149 10.04738 10.21239 10.35742 10.41671
-128 -128 -128 -128 -128 -128 -128 -128 -128 -128 -128 -128 10.28143 10.16546 9.231381 8.811906 9.346589 9.25788 8.382345 9.439185 8.625741 9.186726 9.803238 9.946353 9.930171 10.26649 10.11761 9.665019 10.21249 10.26239 10.27667 10.22057 10.36806 9.811666 8.995646 8.738035 9.30605 9.527905 8.471499 9.595631 8.957343 10.11078 -128 10.08204 9.719787 9.628677 7.246593 6.569799 10.26935 9.007027 8.101891 10.29962 9.143005 9.812744 10.46524 10.10535 6.704492 8.837676 10.30996 10.4147 10.7829 9.037543 8.04579 10.33765 10.86521 10.54333 8.696253 9.14175 7.939003 8.523181 8.657275 9.100525 9.577796 9.213226 8.920246 9.631767 9.482819
-128 -128 -128 -128 -128 -128 -128 -128 -128 -128 -128 -128 -128 10.30186 9.986117 9.909204 9.640981 8.810759 10.07604 10.0784 9.171595 9.770981 10.09564 10.32838 10.32091 10.30789 10.18201 9.718062 8.432591 9.030411 9.557338 9.012019 8.776308 10.23271 9.968456 10.34249 10.35469 8.306966 7.962248 9.313026 9.696153 8.659131 9.983662 10.14798 9.740065 10.06161 9.548502 7.84323 8.801291 10.04561 9.835557 10.1635 9.230244 9.589931 10.14837 6.637519 8.682328 9.675705 7.265415 8.155915 10.38601 10.66796 10.60232 10.68332 10.67668 10.21482 7.639308 8.777662 8.408674 8.573217 9.156698 9.364944 9.498915 8.019925 7.972539 8.440629 8.055778
-128 -128 -128 -128 -128 -128 -128 -128 -128 -128 -128 -128 -128 10.31237 -128 10.34819 10.29831 10.21792 9.671026 8.47473 9.451524 10.20879 10.31779 10.34673 10.20504 9.463376 9.846292 9.467957 9.653009 9.402874 9.336359 9.669183 9.800077 9.415207 9.612841 9.636659 9.389207 9.908619 9.734615 8.844143 9.734173 9.832423 9.366301 9.952906 9.454337 8.036064 10.17447 10.14846 10.09472 9.299281 9.008697 7.87505 9.639971 9.492385 10.05572 7.955671 9.872171 7.728427 8.605511 9.266523 8.077689 7.720109 10.4931 10.91307 10.87414 10.21357 8.975578 8.72442 9.368915 9.39749 9.321021 9.097403 8.407887 8.428648 7.66376 8.291539 8.297988
-128 -128 -128 -128 -128 -128 -128 -128 -128 -128 -128 -128 -128 -128 -128 10.36956 9.240794 9.729083 10.13123 9.92889 10.1053 9.488664 10.13411 10.37072 10.34211 10.28208 10.26294 10.24802 10.00368 10.19834 9.978438 9.789173 9.525829 9.990235 8.594487 7.740561 8.860459 9.920108 10.27033 9.860476 9.882142 10.13812 9.91468 9.730232 9.150316 8.371621 8.625093 10.05026 9.777689 8.569631 7.762911 9.301205 8.943638 6.313593 8.629796 10.14071 10.16446 8.604825 7.988044 7.183107 7.887765 7.113268 9.980233 10.83457 10.76037 9.960953 9.081073 9.114287 9.154999 7.822821 7.427195 7.737061 7.287592 7.189329 6.888002 7.748783 8.326978
-128 -128 -128 -128 -128 -128 -128 -128 -128 -128 -128 -128 -128 -128 -128 10.33576 9.970883 9.966498 9.869263 9.642157 9.036868 9.435258 9.362288 10.20849 10.34778 10.35433 9.767887 9.861198 10.28994 10.32457 9.125102 9.571262 9.663502 9.36131 9.492796 8.765334 8.927437 8.193027 9.16633 9.815448 10.02333 10.0975 9.903894 8.804187 8.674257 7.638517 8.235522 8.534808 9.224629 9.659087 9.927471 9.705081 7.768083 7.758893 9.346713 10.10166 9.778221 6.969062 7.083822 7.573936 8.462342 10.05886 10.66519 10.78333 10.53741 9.454574 9.357843 9.124567 8.243803 7.176851 6.745965 6.614991 7.636134 7.58143 6.307827 6.688427 8.198053
-128 -128 -128 -128 -128 -128 -128 -128 -128 -128 -128 -128 -128 -128 -128 -128 10.38662 10.39393 10.36564 9.626851 9.863164 10.09217 10.26193 9.988259 10.2984 10.35597 10.36834 10.36849 10.34328 10.22646 9.929642 9.107985 8.951303 9.081916 9.091903 10.19629 9.936374 9.065853 9.462588 10.14832 10.17233 10.03433 9.96325 9.387135 8.696434 7.408144 4.876925 7.082957 8.924613 8.833998 7.944967 9.450845 8.996202 8.877708 8.72358 8.471956 8.95601 8.291642 8.684519 8.440278 9.461684 10.30522 10.66373 10.73201 10.44832 9.898928 9.617677 8.452647 6.961874 6.818266 6.180413 5.991827 6.009679 7.570743 7.838765 6.870145 7.722322
-128 -128 -128 -128 -128 -128 -128 -128 -128 -128 -128 10.2629 10.29172 -128 -128 -128 -128 10.4314 10.45144 10.44345 9.711537 9.410857 10.34923 10.29836 10.36334 10.36064 10.36726 10.38676 10.38543 10.37588 10.21642 8.774261 8.109091 9.617221 10.02123 10.37271 10.26698 9.394324 8.745968 9.763877 10.14745 10.05169 10.03377 9.767243 9.080575 8.381548 8.086634 7.677556 8.699531 9.132051 6.880209 6.888779 7.098249 8.034968 7.362131 7.410317 8.362809 9.425363 9.715719 10.32182 10.48282 10.53139 10.50987 8.545156 9.830806 10.31553 8.792686 9.253494 7.644351 7.412354 6.422178 7.476745 7.586543 8.277512 8.159603 6.81844 7.280152
-128 -128 -128 -128 -128 -128 -128 -128 -128 -128 -128 -128 10.29321 -128 -128 -128 -128 -128 -128 -128 10.48252 10.45744 10.41509 10.07552 10.21866 10.41421 10.39586 10.36222 10.32376 10.38997 10.41007 10.37615 10.12968 10.02193 10.28564 9.566803 9.059965 9.969975 9.790791 9.472902 10.04478 8.993362 8.595083 9.338828 8.687389 8.215234 7.185428 6.521325 8.621232 8.804766 8.680864 7.406012 6.474499 7.198226 7.18066 8.166258 9.606706 10.15675 10.16242 10.00885 10.29066 10.14981 9.372992 7.281098 9.160074 10.46739 9.8417 9.445652 7.021369 7.751996 9.342922 9.106519 8.782657 8.610001 8.762634 7.570923 6.80882
-128 -128 -128 -128 -128 -128 -128 -128 -128 -128 -128 -128 -128 -128 -128 -128 -128 -128 -128 10.50161 10.49709 10.49212 10.41299 10.05836 10.40329 -128 -128 10.41618 10.40272 10.40471 10.43238 10.44064 10.4217 10.46291 10.34849 9.592143 9.993819 9.976995 8.623187 8.062987 9.448552 9.975423 9.75688 9.312568 7.971914 7.232043 7.651258 6.300831 7.942356 7.215659 9.434673 8.223658 5.95649 8.547132 8.393492 9.327661 9.578635 8.511892 6.462385 5.791001 7.336636 9.573135 10.53571 9.664886 8.558324 8.324936 10.62137 8.974435 5.887465 7.226103 9.760543 10.02334 9.513703 9.331141 9.390903 9.095186 8.416872
-128 -128 -128 -128 -128 -128 -128 -128 -128 -128 -128 -128 -128 -128 -128 -128 -128 -128 -128 -128 10.46537 10.46092 10.44783 10.40501 10.35716 10.3215 10.38061 10.38992 10.38381 10.38274 10.39796 -128 10.39348 10.40526 10.04053 9.668327 9.89768 9.078004 8.239763 9.248751 9.953423 9.994675 9.86769 8.641332 7.749435 6.964323 7.00866 7.180438 7.80148 8.618826 9.602118 9.911871 8.851407 8.923962 9.484149 9.950576 8.600631 8.119045 6.10886 6.671503 7.95401 9.495408 8.52676 7.512054 8.503898 10.51584 10.76713 10.45197 9.362254 9.904054 10.69284 10.60074 10.31569 10.11409 10.19215 10.15678 10.05813
-128 -128 -128 -128 -128 -128 -128 -128 -128 -128 -128 -128 -128 -128 -128 -128 -128 -128 -128 -128 -128 -128 -128 10.36035 10.33047 10.30139 10.31527 10.32193 10.31769 10.32083 10.25287 10.06154 10.1442 10.13717 9.683205 9.692842 9.924385 9.32093 9.302315 9.778008 9.950261 9.869446 9.43149 8.620048 7.045597 7.765183 9.253798 6.599049 6.182927 6.850929 7.697203 9.861163 9.31506 8.167309 8.402384 9.256355 10.00213 10.23547 9.193404 9.871171 10.29431 10.11681 9.471577 9.892761 7.352811 7.213034 9.627896 10.77789 10.77213 10.76085 -128 10.64533 10.56171 10.48348 10.46574 -128 10.56898
-128 -128 -128 -128 -128 -128 -128 -128 -128 -128 -128 -128 -128 -128 -128 -128 -128 -128 -128 -128 -128 -128 -128 -128 -128 10.26804 10.18486 10.25565 10.2506 10.25101 10.12475 10.0824 10.23062 9.774132 9.913456 9.75663 9.860319 9.608329 9.168663 9.711972 10.01656 9.056987 7.721135 7.923725 8.140968 8.335512 8.888759 9.10925 7.017801 7.590969 9.339029 8.888509 7.045975 7.89958 8.643149 8.742188 9.487485 8.98103 10.10527 10.20475 10.3209 10.32427 10.51482 9.977194 7.887941 9.92312 10.66473 -128 10.68479 10.64293 10.61994 10.55679 -128 -128 10.40713 -128 -128
-128 -128 -128 -128 -128 -128 -128 -128 -128 -128 -128 -128 -128 -128 -128 -128 -128 -128 -128 -128 -128 -128 -128 -128 -128 -128 -128 -128 -128 10.19896 10.13816 9.960226 10.16192 10.23943 10.14705 9.850885 9.678102 9.00789 9.62895 10.00847 10.05006 9.829847 9.263731 9.243279 9.282538 9.8913 9.494756 9.744443 7.912798 10.01631 9.730507 7.890946 6.885037 5.507367 6.973895 8.826482 8.891998 7.317746 8.055448 8.376494 10.20455 10.42044 -128 -128 10.62895 10.58345 10.67834 10.57553 10.67266 -128 10.17192 9.276045 9.801956 10.29965 10.1083 10.3168 10.45645
-128 -128 -128 -128 -128 -128 -128 -128 -128 -128 -128 -128 -128 -128 -128 -128 -128 -128 -128 10.19651 9.724236 10.15188 -128 -128 -128 -128 -128 -128 -128 -128 10.14432 10.12698 10.17083 10.18604 10.18844 9.590527 9.497649 9.978603 10.11659 10.07829 9.91052 9.844583 9.76308 10.02869 10.08054 9.997984 9.835365 10.09301 10.26858 8.070409 8.089476 8.046917 6.175701 7.627497 9.207492 8.294597 6.851098 7.403694 7.696064 9.45904 9.653284 10.38998 10.49155 10.62312 10.49819 9.855087 10.51631 -128 10.58138 10.01368 7.560564 6.404907 7.346509 9.145929 9.328444 9.195703 9.240141
-128 -128 -128 -128 -128 -128 -128 -128 -128 -128 -128 -128 -128 -128 -128 -128 -128 -128 -128 10.06583 8.24285 9.011022 9.852233 10.12535 10.13824 -128 -128 -128 -128 -128 -128 -128 -128 -128 -128 10.1319 10.12341 -128 10.0905 10.06138 9.935081 9.890676 9.957499 10.00847 9.963884 10.01037 10.15538 10.24343 9.965454 8.647534 5.961056 5.638725 3.512186 5.470821 8.590318 7.737216 7.45193 8.829388 9.588493 8.256642 7.213109 8.459058 10.41029 10.46081 10.1107 9.507667 10.40883 10.08026 9.862296 9.560622 7.7493 7.453933 7.254511 7.669801 8.548919 8.149263 7.823811
-128 -128 -128 -128 -128 -128 -128 -128 -128 -128 -128 -128 -128 -128 -128 -128 -128 -128 -128 10.12303 9.896221 9.289026 8.726223 8.689158 9.435874 9.974305 -128 -128 -128 -128 -128 -128 -128 -128 -128 -128 -128 -128 10.05814 10.02992 9.981554 9.847351 9.809608 8.858887 8.636343 9.100568 9.267578 9.264014 8.567864 8.361295 3.700028 1.172028 1.416889 5.006526 7.849006 9.675503 8.548487 8.544153 7.564137 6.717555 6.87014 9.203745 9.375443 10.13291 10.21071 9.826032 7.102912 6.740283 7.444582 7.669969 6.999858 8.833978 8.884239 8.673607 8.977197 8.738403 8.166994
-128 -128 -128 -128 -128 -128 -128 -128 -128 -128 -128 -128 -128 -128 -128 -128 -128 -128 -128 -128 -128 9.941936 9.410378 8.080732 8.720568 9.62211 9.892056 -128 -128 -128 -128 -128 -128 -128 -128 -128 -128 9.813788 9.966041 9.77873 9.599017 9.502425 8.838392 8.863944 8.744377 8.661308 8.86943 6.68526 7.578579 5.810502 6.611096 4.287854 2.839595 5.96567 8.531174 6.690711 4.969817 4.26806 5.467508 7.62914 8.765396 8.552142 7.548202 7.13719 7.784779 9.419723 7.153052 6.648486 6.476719 6.096672 7.952641 9.196388 8.372869 8.47822 9.160694 8.886862 8.114739
-128 -128 -128 -128 -128 -128 -128 -128 -128 -128 -128 -128 -128 -128 -128 -128 -128 -128 -128 -128 -128 10.03488 9.049049 8.774164 8.626995 8.358273 9.618549 9.926963 9.992661 10.00383 10.01931 10.01041 -128 -128 -128 -128 -128 9.884194 9.927147 9.895295 9.719867 9.776902 9.585151 9.516015 9.087101 7.92698 8.556303 9.545877 8.457915 8.351789 8.707643 7.44503 5.814776 5.111644 7.545393 7.805754 6.115396 6.603877 6.823237 8.729249 6.78257 5.416625 3.278394 6.091853 8.138607 8.155714 6.983537 6.599808 7.15934 7.95338 7.568789 6.59572 6.411293 6.465893 8.793472 9.396342 8.744067
-128 -128 -128 -128 -128 -128 -128 -128 -128 -128 -128 -128 -128 -128 -128 -128 -128 -128 -128 -128 -128 9.96141 9.90358 9.790735 9.417774 8.753156 7.591432 8.334517 9.153633 9.254505 9.422102 9.819624 9.507828 9.87907 9.954274 10.0667 -128 -128 -128 -128 -128 -128 9.290511 9.265051 9.524639 8.850895 9.312101 8.209602 8.310377 7.678208 6.460536 8.084366 5.815926 4.568386 7.564423 7.709033 4.568965 7.055625 7.885588 5.270797 4.60147 3.191525 3.002033 6.096729 6.845528 7.13698 5.382635 6.220176 5.213273 4.906005 5.904804 6.619415 6.410921 7.687462 8.729711 9.436321 9.956446
-128 -128 -128 -128 -128 -128 -128 -128 -128 -128 -128 -128 -128 -128 -128 -128 -128 -128 -128 -128 -128 -128 -128 9.938061 9.933876 9.779739 7.992887 8.381853 7.508553 7.282515 8.261509 8.397551 6.405686 6.139903 8.398335 9.491069 9.20156 10.00213 10.04403 -128 -128 -128 9.747049 9.716199 9.689612 9.166305 8.263051 8.053467 6.580778 7.482849 8.586871 7.885986 5.95074 6.225113 7.850496 8.027715 6.628653 6.412459 6.482476 4.593524 3.760731 6.433907 7.13944 5.334254 6.807877 8.201015 8.323224 7.431213 6.144944 5.132595 5.347902 6.371288 6.834873 8.138958 9.156125 10.11189 10.40434
-128 -128 -128 -128 -128 -128 -128 -128 -128 -128 -128 -128 -128 -128 -128 -128 -128 -128 -128 -128 -128 -128 -128 -128 -128 9.975624 9.585619 9.52336 8.184414 8.455994 7.255574 7.46907 7.748402 8.458182 8.318069 8.720453 8.698048 8.946826 9.394051 9.880159 9.938957 9.597468 9.809407 -128 9.738864 9.724801 9.516615 8.748204 6.598506 7.518199 9.046157 7.495629 7.393266 8.903414 9.006454 9.027977 7.265998 5.585274 4.944172 5.206881 6.018371 7.084286 7.831778 7.372766 8.308105 8.861527 9.506381 9.505482 9.523911 8.93736 6.770983 7.28914 8.198399 9.121627 9.854488 10.28744 10.26258
-128 -128 -128 -128 -128 -128 -128 -128 -128 -128 -128 -128 -128 -128 -128 -128 -128 -128 -128 -128 -128 -128 -128 -128 -128 -128 9.969163 9.670697 9.821888 9.793309 9.35295 9.873931 9.633924 8.81782 9.766344 8.499002 8.545116 9.408435 9.42871 8.714247 9.224154 9.030443 9.523398 9.796144 9.691116 -128 9.739048 9.6779 9.600524 9.486414 9.478643 9.554419 9.505451 9.447895 9.427352 8.839566 7.723519 7.518637 8.062916 8.320587 7.211178 7.54931 4.786064 5.530168 7.335207 7.072879 7.8541 9.616347 9.859096 9.947594 9.688583 9.218981 9.691259 10.07766 10.23732 -128 10.13153
-128 -128 -128 -128 -128 -128 -128 -128 -128 -128 -128 -128 -128 -128 -128 -128 -128 -128 -128 -128 -128 -128 -128 -128 -128 -128 9.902243 9.670729 9.730745 10.21389 10.25418 10.26924 10.00267 9.137109 9.093513 9.570085 9.371685 9.434294 9.297536 9.404848 9.122216 9.131325 8.216082 9.549203 8.169146 8.901506 9.745321 9.753047 9.232353 9.361073 9.456392 9.552827 8.983232 8.98966 9.212136 9.280822 9.570664 9.619902 9.316865 9.206491 8.314924 8.446855 7.845295 8.050443 7.387298 7.448178 9.01897 9.591753 8.97043 9.740431 10.12415 -128 10.25851 -128 -128 -128 -128
