formato/VCI/bioclim_3.asc
ncols         186
nrows         781
xllcorner     -75.7
yllcorner     -56.55
cellsize      0.05
NODATA_value  -9999
[rows 510 to 543 of 781, columns 0 to 76 of 186]
-128 -128 -128 -128 -128 -128 -128 -128 -128 -128 -128 -128 -128 -128 -128 -128 -128 -128 -128 -128 -128 -128 -128 -128 -128 -128 -128 -128 50.49595 50.98823 51.29123 52.08572 51.86931 50.90639 51.20205 51.6056 51.66126 50.7916 50.29928 49.11748 48.73452 49.00008 47.86158 47.68708 47.05471 46.78814 46.43619 46.38723 -128 -128 -128 -128 -128 -128 -128 -128 47.00145 46.78925 49.32325 45.3562 46.30336 47.51022 45.88031 49.86615 48.91387 41.16607 45.30944 46.0863 42.5925 40.15932 42.35291 40.49851 44.48452 41.5695 41.67397 44.13918 -128
-128 -128 -128 -128 -128 -128 -128 -128 -128 -128 -128 -128 -128 -128 -128 -128 -128 -128 -128 -128 -128 -128 -128 -128 -128 -128 -128 49.82123 50.26817 50.8033 51.5898 52.27175 52.00481 51.7019 51.30278 51.34947 51.27895 50.17262 50.10155 49.99676 48.49134 48.57061 48.54943 47.52317 46.93428 46.68773 -128 -128 -128 -128 -128 -128 -128 -128 -128 -128 46.24134 43.24735 46.47473 47.27983 44.72265 45.46513 44.76443 49.34186 50.02452 45.59898 44.44354 41.62945 41.83735 43.92997 38.88116 43.18332 42.80889 45.36263 40.39033 40.15134 -128
-128 -128 -128 -128 -128 -128 -128 -128 -128 -128 -128 -128 -128 -128 -128 -128 -128 -128 -128 -128 -128 -128 -128 -128 -128 -128 -128 49.73093 50.31637 50.85442 51.24926 51.79795 51.77805 52.01796 51.66371 51.67439 51.2822 50.01027 50.04948 50.5044 48.56802 48.85699 48.56224 47.82306 46.79402 -128 -128 -128 -128 -128 -128 -128 -128 -128 -128 46.73391 46.0711 42.77379 42.72755 43.52202 45.67022 43.82259 44.26493 39.98925 48.70585 44.54987 39.33318 41.04632 41.07444 44.23011 43.01434 41.66139 42.59591 46.39877 43.46844 39.94834 41.34573
-128 -128 -128 -128 -128 -128 -128 -128 -128 -128 -128 -128 -128 -128 -128 -128 -128 -128 -128 -128 -128 -128 -128 -128 -128 -128 49.08587 49.19204 50.3774 50.8989 50.97644 51.30689 50.66806 50.36623 50.45211 50.30972 49.66262 48.97735 48.63502 49.92909 48.97876 48.53778 47.47989 47.15782 46.7952 -128 -128 -128 -128 -128 -128 -128 -128 -128 -128 46.72941 47.0361 41.56115 40.21358 43.58016 43.27223 44.83307 41.8675 42.74855 48.14693 47.53136 41.6916 38.99164 43.51234 43.62786 39.63186 41.34546 42.11015 43.7452 42.00353 43.83924 45.47871
-128 -128 -128 -128 -128 -128 -128 -128 -128 -128 -128 -128 -128 -128 -128 -128 -128 -128 -128 -128 -128 -128 -128 -128 -128 48.78373 48.67979 49.03569 49.84893 50.29982 50.07582 50.19996 49.9843 49.58596 49.70418 49.639 49.03672 48.22419 47.30544 48.79345 48.42199 47.84505 47.44238 -128 -128 -128 -128 -128 -128 -128 -128 -128 -128 -128 -128 -128 47.1154 43.47864 41.93816 42.85453 45.15089 42.5755 43.76487 45.07885 41.5388 48.29316 48.22116 45.84231 41.14912 38.03115 40.91817 40.21916 38.5152 40.35394 44.35278 46.73188 47.95823
-128 -128 -128 -128 -128 -128 -128 -128 -128 -128 -128 -128 -128 -128 -128 -128 -128 -128 -128 -128 -128 -128 -128 -128 -128 48.58212 48.47515 48.49176 48.38228 49.38486 50.48929 49.77024 50.32565 49.70007 49.99189 49.43419 49.38128 48.81427 45.97166 46.34347 47.63119 47.53115 47.21265 -128 -128 -128 -128 -128 -128 -128 -128 -128 -128 45.56453 46.16102 46.66973 47.64304 48.30967 46.79959 43.47326 46.05801 42.02817 39.95031 36.87601 40.0876 46.74079 45.83622 46.73043 44.53017 38.4947 40.58548 41.12106 42.50015 43.24018 44.80866 46.3447 45.4547
-128 -128 -128 -128 -128 -128 -128 -128 -128 -128 -128 -128 -128 -128 -128 -128 -128 -128 -128 -128 -128 -128 -128 -128 -128 -128 -128 48.9339 49.35889 49.75898 50.30521 50.43185 50.58405 50.02538 49.82936 49.56085 48.44566 48.72923 47.08906 45.87196 47.13286 -128 -128 -128 -128 -128 -128 -128 -128 -128 -128 -128 45.35514 46.07651 45.47144 44.35498 45.77262 48.14778 49.38595 46.67852 42.89169 47.06576 43.10212 38.02171 37.7089 42.77068 42.03828 40.71293 47.01498 45.17137 41.66218 37.74487 40.1574 47.14026 46.84354 42.72871 40.91396
-128 -128 -128 -128 -128 -128 -128 -128 -128 -128 -128 -128 -128 -128 -128 -128 -128 -128 -128 -128 -128 -128 -128 -128 -128 -128 -128 -128 48.60401 48.99923 48.97003 49.15327 48.91002 49.37661 49.2362 48.95855 48.1501 47.84392 47.38528 45.74935 47.02853 -128 -128 -128 -128 -128 -128 -128 -128 -128 -128 -128 45.33646 45.53377 46.18186 45.31382 45.24246 45.19659 46.64558 49.23201 46.97373 48.0974 44.50516 42.78093 39.45485 40.34319 44.92744 43.64253 43.25354 47.84911 45.07005 38.94727 45.41947 41.99223 42.04247 40.63993 42.29555
-128 -128 -128 -128 -128 -128 -128 -128 -128 -128 -128 -128 -128 -128 -128 -128 -128 -128 -128 -128 -128 -128 -128 -128 -128 -128 -128 -128 47.86426 48.2115 48.221 48.23231 48.23617 -128 -128 -128 47.70409 47.53863 47.35845 47.13012 -128 -128 -128 -128 -128 -128 -128 -128 -128 -128 -128 -128 45.29862 45.87532 44.47793 45.33756 44.74029 43.81657 41.67364 44.0834 46.02664 46.6319 43.32334 39.50771 40.21894 43.84828 47.23705 42.20073 39.80115 44.81129 45.70389 43.57064 43.16158 38.92258 40.77094 39.1524 41.77795
-128 -128 -128 -128 -128 -128 -128 -128 -128 -128 -128 -128 -128 -128 -128 -128 -128 -128 -128 -128 -128 -128 -128 -128 -128 -128 -128 -128 47.30048 47.41513 47.41917 -128 -128 -128 -128 -128 -128 -128 -128 -128 -128 -128 -128 -128 -128 -128 -128 -128 -128 -128 -128 -128 44.99173 41.44444 44.83501 43.49567 43.4461 38.69761 38.28784 39.58915 42.15032 43.97312 45.64908 39.97317 40.74033 41.7366 44.93543 42.97335 38.26128 37.65765 40.469 47.27908 42.38006 41.14505 42.38234 39.92707 41.22966
-128 -128 -128 -128 -128 -128 -128 -128 -128 -128 -128 -128 -128 -128 -128 -128 -128 -128 45.77589 45.63273 45.8586 46.08949 -128 -128 -128 -128 -128 -128 -128 -128 -128 -128 -128 -128 -128 -128 -128 -128 -128 -128 -128 -128 -128 -128 -128 -128 -128 -128 -128 -128 -128 -128 45.27505 44.73385 45.61749 45.25462 41.2048 38.06759 44.17809 47.21936 45.32146 40.6557 41.36618 41.11958 39.44738 39.10895 43.64262 43.80155 38.54833 38.01109 40.62475 42.1857 44.48036 40.63138 39.15288 39.98518 42.18158
-128 -128 -128 -128 -128 -128 -128 -128 -128 -128 -128 -128 -128 -128 -128 -128 -128 45.36779 45.24183 44.68112 44.85022 45.31803 46.107 -128 -128 -128 -128 -128 -128 -128 -128 -128 -128 -128 -128 -128 -128 -128 -128 -128 -128 -128 -128 -128 -128 -128 -128 -128 -128 -128 -128 -128 -128 45.44249 44.53684 46.16481 46.40816 47.79985 48.62644 44.78547 42.71246 40.88905 41.21799 42.16008 42.2911 39.6759 42.61509 45.93066 39.17757 37.77813 40.41923 42.72668 46.4651 45.27687 42.58083 39.97441 39.67004
-128 -128 -128 -128 -128 -128 -128 -128 -128 -128 -128 -128 -128 -128 -128 -128 -128 45.57127 43.99602 44.29686 44.20613 44.90435 45.83237 -128 -128 -128 -128 -128 -128 -128 -128 -128 -128 -128 -128 -128 -128 -128 -128 -128 -128 -128 -128 -128 -128 -128 -128 -128 -128 -128 -128 -128 -128 45.85929 46.36975 47.20359 45.70431 47.10909 47.74721 47.05762 45.33063 44.72631 44.0135 40.62366 43.63544 42.33839 43.41388 47.56836 39.19951 38.79097 41.23406 44.22974 40.48458 45.84678 45.60697 45.41545 46.44365
-128 -128 -128 -128 -128 -128 -128 -128 -128 -128 -128 -128 -128 -128 -128 -128 -128 -128 45.36417 45.67829 -128 -128 -128 -128 -128 -128 -128 -128 -128 -128 -128 -128 -128 -128 -128 -128 -128 -128 -128 -128 -128 -128 -128 -128 -128 -128 -128 -128 -128 -128 -128 -128 -128 46.16204 45.51133 42.9918 44.39105 46.51801 45.2928 47.62156 45.62822 42.8159 41.69818 41.83088 39.97012 42.936 44.12851 47.41746 41.36294 39.71822 45.78158 45.28765 44.22414 40.9595 42.62893 43.26692 41.79476
-128 -128 -128 -128 -128 -128 -128 -128 -128 -128 -128 -128 -128 -128 -128 -128 -128 -128 -128 -128 -128 -128 -128 -128 -128 -128 -128 -128 -128 -128 -128 -128 -128 -128 -128 -128 -128 -128 -128 -128 -128 -128 -128 45.9438 45.94991 -128 -128 -128 -128 -128 -128 -128 -128 44.85391 43.33836 41.95829 44.07471 45.99277 43.18901 45.35138 43.25337 45.14773 45.27988 43.79366 38.97759 41.34542 43.1902 46.07664 45.87693 44.88103 47.52921 42.41751 42.2976 40.36175 40.87925 39.13089 39.9311
-128 -128 -128 -128 -128 -128 -128 -128 -128 -128 -128 -128 -128 -128 -128 -128 -128 -128 -128 -128 -128 -128 -128 -128 -128 -128 -128 -128 -128 -128 -128 46.4949 46.43074 46.32161 46.2896 46.28186 46.16522 46.04489 -128 -128 -128 -128 -128 -128 -128 -128 -128 -128 -128 -128 -128 -128 46.65063 46.67822 46.99434 46.80314 45.80248 46.60225 41.26447 44.64589 41.23459 42.66745 40.7442 42.34915 40.47733 42.6341 46.05934 44.02391 40.52468 40.07993 45.81719 39.47863 39.38492 42.10442 39.5769 40.3124 42.55291
-128 -128 -128 -128 -128 -128 -128 -128 -128 -128 -128 -128 -128 -128 -128 -128 -128 -128 -128 -128 -128 -128 -128 -128 -128 -128 -128 -128 -128 -128 -128 46.22552 45.72237 45.73277 46.08281 46.39774 45.55489 45.36666 46.13706 45.99765 -128 -128 -128 -128 -128 -128 -128 -128 -128 -128 -128 -128 47.19864 47.28088 46.46152 46.63554 42.51359 46.13785 46.54118 46.89494 44.1542 44.5941 44.04491 41.62459 39.19004 41.63562 46.40733 43.71718 38.07109 40.76011 41.72781 44.33459 41.65412 40.18943 39.37017 41.39219 44.27635
-128 -128 -128 -128 -128 -128 -128 -128 -128 -128 -128 -128 -128 -128 -128 -128 -128 -128 -128 -128 -128 -128 -128 -128 -128 -128 -128 -128 -128 -128 46.45527 46.23859 46.25001 45.79785 45.44975 46.45045 46.21621 45.86668 45.60476 45.86216 45.91217 45.86148 -128 -128 -128 -128 -128 -128 -128 -128 47.2972 47.30696 47.64793 46.38875 47.64327 47.09492 46.62045 46.16984 45.48064 44.0616 44.21004 43.15472 43.58424 42.17385 40.1992 42.71311 46.101 45.12828 43.79249 41.96725 38.81919 39.88349 43.58062 42.59287 39.68957 41.66371 41.55305
-128 -128 -128 -128 -128 -128 -128 -128 -128 -128 -128 -128 -128 -128 -128 -128 -128 -128 -128 -128 -128 -128 -128 -128 -128 -128 -128 -128 -128 -128 46.44254 46.35593 46.4559 46.6385 45.88644 45.65446 45.98163 46.13204 46.08593 46.16791 45.80767 45.8419 45.82708 -128 -128 -128 -128 -128 47.94339 46.46814 44.06276 46.95727 48.4231 47.30467 47.74131 45.9561 44.16622 45.78177 48.35637 45.0354 42.64668 41.10914 41.71907 42.63519 45.27042 47.70864 46.03473 43.66872 45.60852 45.7556 42.82574 40.3353 40.84778 40.63883 38.60085 38.76109 39.81685
-128 -128 -128 -128 -128 -128 -128 -128 -128 -128 -128 -128 -128 -128 -128 -128 -128 -128 -128 -128 -128 -128 -128 -128 -128 -128 -128 -128 -128 46.25772 46.29938 46.4011 46.37076 -128 46.31668 46.14711 45.35432 45.75065 46.30026 46.06962 45.4207 45.68589 45.8265 -128 46.03517 -128 -128 -128 48.21307 46.49691 45.10163 47.96284 47.64483 47.4654 46.58797 47.73547 46.28496 44.64687 47.74446 47.44128 45.97675 43.96566 46.17128 47.07176 47.32381 47.67922 45.35207 45.69604 45.98997 46.54488 43.86207 41.91053 43.10025 39.78838 40.61722 40.96951 40.96785
-128 -128 -128 -128 -128 -128 -128 -128 -128 -128 -128 -128 -128 -128 -128 -128 -128 -128 -128 -128 -128 -128 -128 -128 -128 -128 -128 -128 46.03638 45.44105 46.06016 46.48719 46.59281 -128 -128 46.59074 46.57952 46.55108 46.44289 46.21321 45.83906 45.67375 45.63563 45.75816 46.03392 -128 -128 -128 48.27866 47.90756 47.9866 48.5378 45.88686 45.77039 46.96265 44.79346 43.52438 45.34755 46.27813 42.99083 46.45522 47.57906 48.30114 47.16183 46.49207 45.82945 39.56438 45.18642 44.62473 44.04663 40.26844 41.53062 41.98502 44.12192 43.33272 42.03761 40.92349
-128 -128 -128 -128 -128 -128 -128 -128 -128 -128 -128 -128 -128 -128 -128 -128 -128 -128 -128 -128 -128 -128 -128 -128 -128 -128 46.29048 45.80692 45.48571 45.34459 46.18274 46.50447 46.94336 47.16671 47.23974 47.124 47.17935 47.09933 47.00572 46.77028 46.28377 45.25544 45.68193 45.57892 -128 -128 -128 -128 48.3719 48.52362 46.03058 49.08636 46.86753 47.73769 45.09955 41.04288 36.60169 40.16829 43.57791 44.36267 42.88302 43.59868 44.74197 40.88655 44.41346 42.85266 40.79197 45.71217 43.13924 45.54933 44.91463 41.03282 39.68361 39.80478 40.08057 41.52623 44.11937
-128 -128 -128 -128 -128 -128 -128 -128 -128 -128 -128 -128 -128 -128 -128 -128 -128 -128 -128 -128 -128 -128 -128 -128 -128 46.15235 46.23375 44.75535 44.69302 45.66267 46.42533 45.82793 45.91845 47.6728 47.36729 45.37515 46.94068 47.59026 47.62152 47.43344 46.94698 46.08353 46.05574 45.04291 45.40296 46.49051 -128 -128 48.19942 48.27929 46.45126 47.30176 48.92726 48.36602 47.86156 47.58693 45.90147 44.17787 44.23075 42.51013 42.65851 42.63931 42.38509 41.15701 45.3751 41.93665 43.76163 42.92406 39.74701 43.79461 45.77509 42.76504 39.81889 40.85762 40.49667 42.71473 43.28779
-128 -128 -128 -128 -128 -128 -128 -128 -128 -128 -128 -128 -128 -128 -128 -128 -128 -128 -128 -128 -128 -128 -128 -128 -128 46.17254 46.28507 45.65393 45.52077 46.68607 46.95591 45.96236 46.34313 47.0141 47.16956 46.35173 47.50119 48.07498 48.23951 47.83097 46.98298 46.94131 46.33046 45.54303 45.79045 -128 -128 -128 48.00682 47.44973 46.25714 48.41755 47.89427 46.56488 44.7037 45.25213 45.2507 44.7005 45.08275 43.53655 41.57006 43.08222 41.00932 41.39149 45.5514 39.29556 43.29808 42.71564 42.00208 42.64125 43.74426 42.73651 42.94537 42.01831 40.63686 43.91459 44.41249
-128 -128 -128 -128 -128 -128 -128 -128 -128 -128 -128 -128 -128 -128 -128 -128 -128 -128 -128 -128 -128 -128 -128 -128 -128 46.18475 45.99677 45.1883 46.19324 46.82858 47.2859 47.66698 46.45345 46.99411 47.18006 47.50954 48.57273 48.70959 48.84095 48.32904 47.68966 47.15174 -128 45.94961 -128 -128 -128 -128 -128 48.03614 47.54566 46.20842 46.4189 46.51307 46.09013 44.63729 43.36654 43.9627 40.42061 41.05216 43.39615 43.70529 41.14333 42.8379 43.70935 40.49189 41.62697 45.63267 39.97871 40.6981 42.85196 41.59109 40.80334 42.09927 43.5335 44.52127 46.44215
-128 -128 -128 -128 -128 -128 -128 -128 -128 -128 -128 -128 -128 -128 -128 -128 -128 -128 -128 -128 -128 -128 -128 -128 46.08918 46.40494 45.24872 42.19505 43.32546 47.25963 47.80379 48.03286 47.99636 46.15541 48.26544 48.07494 48.58529 48.8354 48.98643 48.09494 47.4073 47.22863 46.55634 45.80307 45.55434 46.16733 -128 -128 -128 47.84509 47.80848 47.51381 47.88433 47.10846 46.83057 43.97602 45.90335 46.27945 44.71132 44.92677 44.53077 41.6661 41.44737 44.55757 41.51901 39.20397 40.20735 44.60841 39.39601 39.79057 41.02711 41.08952 42.15866 43.44035 44.57491 45.81497 45.77055
-128 -128 -128 -128 -128 -128 -128 -128 -128 -128 -128 -128 -128 -128 -128 -128 -128 -128 -128 -128 -128 -128 -128 -128 46.32289 46.84755 47.18502 46.07837 47.30867 48.32522 48.75394 48.46257 48.96753 48.26919 48.87212 48.6991 48.91217 48.29473 49.04212 48.82603 47.83487 47.09931 46.36311 45.5617 45.35678 -128 46.20082 46.70298 46.41349 46.31808 47.09686 46.62437 47.11213 46.64214 47.37064 47.15047 45.43299 44.32965 43.66047 41.23245 41.23881 42.37344 45.46389 43.40961 41.98149 40.70774 42.64968 42.46552 39.4094 40.91861 41.53572 41.97168 42.90546 42.86508 43.20229 44.23901 43.92858
-128 -128 -128 -128 -128 -128 -128 -128 -128 -128 -128 -128 -128 -128 -128 -128 -128 -128 -128 -128 -128 -128 -128 46.0723 46.54188 47.20744 47.73608 46.9013 48.09071 49.26311 48.6991 48.1729 49.31763 46.99958 47.54516 49.2387 49.42257 49.32784 49.32845 48.21556 47.3736 46.98041 46.18419 45.31398 -128 -128 -128 46.20544 44.82476 44.74178 46.28275 46.81134 46.40156 46.43047 46.53406 46.79333 45.37077 45.05502 44.71353 44.32093 44.60333 45.48961 46.58626 43.69324 39.51464 39.33665 40.26098 40.01505 41.59675 42.27782 40.29173 42.81875 42.35435 41.50561 41.56134 41.63514 42.50185
-128 -128 -128 -128 -128 -128 -128 -128 -128 -128 -128 -128 -128 -128 -128 -128 -128 -128 -128 -128 -128 -128 -128 45.99916 45.87188 47.48929 48.00962 46.63588 46.1502 49.43219 50.09481 49.76365 50.56192 50.4362 49.80273 49.15909 49.49024 49.08278 49.10688 48.5377 47.59354 47.02205 46.06503 -128 -128 -128 -128 -128 46.02732 45.81271 44.05345 46.65872 45.82642 45.08912 43.84138 45.99304 46.57687 46.35143 45.40255 43.81672 44.38594 46.7215 44.51437 40.12069 38.92978 39.25267 40.73227 40.09904 39.84133 40.70598 43.69613 43.88711 39.85958 41.7398 41.58723 40.98998 41.32048
-128 -128 -128 -128 -128 -128 -128 -128 -128 -128 -128 -128 -128 -128 -128 -128 -128 -128 -128 -128 -128 -128 45.91469 45.26572 44.28436 47.07998 46.14479 46.66515 48.55235 49.26822 50.50622 50.6093 50.49186 50.75261 50.75801 50.72141 49.55836 49.75436 49.6799 49.29417 47.85997 46.60724 45.77898 44.89408 -128 -128 -128 45.30785 45.51594 43.90345 43.58453 44.33155 44.0573 45.53391 44.00226 46.25212 43.77509 43.26087 45.24226 45.77255 44.90771 46.62115 45.57653 43.56602 42.46201 41.12897 39.45856 40.55243 41.06688 42.31537 41.93063 39.7151 39.70451 39.90673 39.42748 40.27897 41.56577
-128 -128 -128 -128 -128 -128 -128 -128 -128 -128 -128 -128 -128 -128 -128 -128 -128 44.99712 45.01264 -128 -128 -128 -128 45.97895 45.55777 46.60085 48.76492 47.91226 48.01396 48.63784 48.94942 51.09589 50.46848 50.05702 50.11908 50.12447 49.70816 49.96033 49.48729 48.50935 47.60796 46.61638 45.70454 -128 -128 -128 44.62374 44.56664 45.23522 44.6603 44.59908 43.80897 43.12856 43.36942 45.79596 45.70407 43.52406 43.51451 42.84244 44.63197 46.62013 45.7989 43.90535 44.16478 41.69155 40.4707 41.27378 40.0117 38.81459 40.01321 42.77527 40.79784 41.23363 42.04739 41.50953 41.90281 42.93583
-128 -128 -128 -128 -128 -128 -128 -128 -128 -128 -128 -128 -128 -128 -128 -128 -128 44.80406 44.24405 44.94562 -128 45.69763 -128 -128 -128 48.18635 49.19304 49.97588 50.62988 51.24708 51.15784 50.90646 51.05565 50.79981 50.55967 49.24565 49.85709 49.19312 47.11499 46.39525 46.09482 46.158 45.38586 -128 -128 44.14695 44.18374 44.1456 44.74329 42.88162 44.26492 45.27915 44.92619 43.10956 45.80477 43.56211 42.64711 42.70044 44.23814 46.1689 46.50344 43.24097 41.52302 41.39605 42.85163 44.00373 42.63126 41.91864 41.70607 40.39488 40.68124 40.52008 40.22941 39.87881 39.59887 41.22093 42.13042
-128 -128 -128 -128 -128 -128 -128 -128 -128 -128 -128 -128 -128 -128 -128 -128 -128 44.76046 44.16739 44.8601 45.39757 45.66931 46.03139 46.45451 47.34503 48.37699 49.23182 49.90667 50.37923 49.73973 49.02422 49.21772 48.87701 48.56111 48.4067 48.10887 49.1342 48.62947 47.3243 45.02283 45.14089 45.49161 45.00983 -128 43.76492 43.28879 43.38282 43.21209 43.34968 44.42511 42.82227 43.65495 43.72118 44.59448 44.79166 45.69491 44.7081 44.66996 46.10294 46.6249 45.89499 43.4264 42.71779 40.44271 40.63113 42.40481 42.69716 43.0169 43.5776 40.74722 40.34816 42.89754 40.30913 40.7686 41.37359 43.13068 43.33138
-128 -128 -128 -128 -128 -128 -128 -128 -128 -128 -128 -128 -128 -128 -128 -128 -128 44.69932 44.65264 44.82631 45.34132 45.55677 45.73802 45.17144 46.63233 48.70277 47.68998 48.19565 49.47618 50.00945 49.18062 48.24529 48.78182 48.71486 49.46148 47.91393 48.2618 48.30623 46.8944 43.25629 44.51662 45.16368 44.54872 -128 43.4898 43.15781 43.18993 43.332 42.66051 42.81063 44.38466 43.38086 41.39991 43.8555 42.97162 43.2171 43.90326 45.21937 45.98242 46.10338 45.09925 41.87674 41.77484 43.70831 44.42657 43.63191 43.46953 43.78693 43.36631 42.01555 41.16174 43.13898 41.83107 42.98727 43.08052 42.70552 43.13796
