formato/VCI/bioclim_14.asc
ncols         186
nrows         781
xllcorner     -75.7
yllcorner     -56.55
cellsize      0.05
NODATA_value  -9999
[rows 612 to 645 of 781, columns 0 to 76 of 186]
-128 -128 -128 4.669955 3.350819 2.695 2.554245 3.129323 3.878024 4.052632 4.036138 2.514341 2.962336 2.510703 2.976894 3.493215 3.796424 2.928964 3.812158 3.834148 3.453867 3.512948 3.468202 3.431057 2.711757 1.122236 -0.2341805 0.1925546 1.141629 1.627573 1.006326 0.7362912 0.5468132 -2.308563 -2.351052 -0.2296063 2.461268 0.5284391 2.002801 2.266608 1.362012 1.60191 3.290972 3.87254 3.979183 0.6905593 -0.7478998 0.3056634 0.4492846 2.686186 -2.051162 3.280989 -0.01125824 -3.065851 -0.2246384 1.324539 0.3278261 1.139371 0.7938293 0.6522875 -3.070869 -4.436091 -3.62433 -0.4879353 0.6553078 -1.16075 -3.207346 -5.32022 -128 -128 -128 -128 -128 -128 -128 -128 -128
-128 -128 -128 4.832373 4.0783 2.578714 2.699782 2.567574 3.015023 4.088054 4.352219 3.012469 3.118896 0.9922346 0.3670482 2.062514 2.936669 3.535666 3.333437 3.100081 2.95199 3.294784 3.485664 1.927827 1.796641 2.353097 1.32366 0.7859929 0.6838319 2.848442 1.748417 0.3213415 -0.7683099 -0.1958845 -2.389715 -0.4626821 0.7406911 -1.46911 0.2320335 1.408892 -2.262954 -0.8443722 3.143071 4.060773 4.227478 3.468334 4.010153 4.053426 2.385874 -1.170476 0.5040244 1.990533 2.540713 -2.452141 -2.675245 -0.4643132 -3.07621 -2.046372 0.7200581 -0.9517317 -3.044629 -3.728238 -4.276315 -5.571949 -3.992629 -1.336426 0.1904605 -0.3135692 -128 -128 -128 -128 -128 -128 -128 -128 -128
-128 -128 -128 4.789018 4.709621 3.594418 2.94545 2.666172 2.740908 4.012753 4.250382 3.442647 3.130023 1.161972 1.601294 1.269939 2.827115 2.713576 3.041194 3.139351 2.691165 3.054089 3.429855 0.7031026 2.032845 0.8216121 1.750029 3.065562 2.949162 2.984019 0.5408836 1.387297 -1.014026 -0.688871 -2.550818 -1.640472 -0.2802627 -1.232358 -1.400576 1.264872 -1.665901 1.030535 3.680003 3.883992 4.244708 3.099824 1.366086 4.530332 3.586511 1.729641 2.924348 -0.9402488 1.27548 -0.9884695 -3.845656 -2.07361 -5.041307 -2.504407 -4.426264 -0.8338684 0.3037305 -2.851681 -1.096622 -4.168619 -3.492999 -4.642707 -2.290004 1.661588 1.820485 -128 -128 -128 -128 -128 -128 -128 -128
-128 -128 -128 4.719273 4.723125 2.983679 2.580474 2.842474 2.742314 2.846401 3.782248 4.211284 2.283979 1.776426 1.253985 0.3162765 0.9966346 2.480746 3.238587 1.819218 0.9802107 3.022955 3.487664 3.180831 1.252281 -0.06736212 1.320942 2.608346 3.314466 3.473127 0.530104 -0.6844346 0.01580819 0.2115747 -0.8736351 -1.526071 1.407769 -0.7559538 -1.752458 -0.08376691 -0.330561 3.013349 0.2961759 2.492825 3.862815 2.314148 -0.004437218 3.967005 1.847898 0.08447277 3.266579 -0.2327922 -1.617543 1.773386 -1.609697 -3.412098 -4.062286 -0.9269823 -3.554961 -5.428592 1.386994 0.7402385 1.071552 0.712611 1.161431 -0.004650538 -0.8889143 1.189628 0.5713493 1.390298 -128 -128 -128 -128 -128 -128 -128
-128 -128 4.643987 4.710082 4.602399 4.11928 3.688698 3.257256 2.726766 2.723222 3.157146 3.657796 3.574861 2.266597 0.3526899 -0.04239854 0.9858568 2.112599 3.135565 1.917283 -0.2935094 1.825809 3.002676 3.695083 2.226522 1.635519 2.236082 0.4249653 1.890546 3.174903 2.358457 1.45736 0.9661343 0.2810796 0.07725547 1.768753 0.6421046 -1.150618 -1.393548 -2.611903 1.655079 -0.7977489 -1.352288 0.7997355 2.702193 -0.3516484 0.4647815 2.395061 4.001876 2.146751 -0.2092785 -0.3418843 0.2006339 2.664265 1.289515 -2.084659 -1.488621 -0.2733819 -4.326952 -4.988997 -1.178638 0.7587556 0.7586594 1.02259 1.381846 -1.290886 -1.67838 -2.419342 0.008758238 1.075607 -128 -128 -128 -128 -128 -128 -128
-128 -128 4.604862 4.635884 4.25514 2.657758 2.811035 3.220154 3.433406 2.123626 2.627974 3.477034 4.023353 3.371395 1.341278 1.288136 2.434778 3.714835 3.547144 2.526569 -0.6889828 1.56767 2.821481 3.631656 3.763824 2.175781 1.554338 2.116907 1.21331 2.421047 1.731026 1.338721 1.953801 0.7708775 -0.4457614 0.9793262 0.1717725 0.7838909 1.124803 0.24688 -2.720226 -5.471926 -4.45662 0.1027784 0.380757 -2.420924 -0.7175286 1.068831 1.646302 -2.068664 -1.000282 -0.2883819 -1.192968 -1.074001 1.552564 0.3562079 1.283559 -2.187748 -4.771686 -5.250396 -0.6267265 0.7129205 1.527181 1.608382 -0.9081018 -3.426589 -3.324699 -4.486454 -3.109493 0.3194268 -128 -128 -128 -128 -128 -128 -128
-128 4.583702 4.6157 4.509884 4.460806 3.964186 3.767741 3.698035 3.524207 3.040473 2.938444 3.499672 3.17813 4.074039 1.659233 2.797986 2.041343 2.842075 3.029438 3.890408 3.36665 3.275731 3.744395 3.904029 3.80882 1.210646 2.194047 2.835429 2.590253 2.22046 1.87745 1.992543 -0.8891025 1.005636 3.081884 2.660907 2.94384 2.752412 1.688525 -1.11704 -2.199042 -2.745028 -0.948949 -0.525607 -1.757743 -5.64456 -5.645953 -2.462603 -0.7481816 -2.456446 -1.729141 -4.557824 -2.080136 1.384827 1.335755 1.495016 2.597282 0.5465583 -1.966607 -5.73855 -4.639637 1.685768 2.26026 0.9635328 -3.740738 -5.388797 -5.630097 -128 -128 -128 -128 -128 -128 -128 -128 -128 -128
-128 4.584905 4.527726 4.2211 3.273248 3.350659 3.211431 3.261499 2.972227 1.480924 2.406094 2.984663 3.167047 3.73736 3.810518 1.334142 0.4856746 0.5655628 2.742863 3.711375 3.076745 0.7772875 2.894466 -128 3.875525 3.567156 0.6061247 -0.2987565 0.7874766 2.705525 2.028431 2.92557 2.827213 1.590314 1.704944 -1.55112 0.4205203 0.2179492 -0.8505263 -3.714321 -4.816032 -4.332922 -2.38242 -2.091599 -5.61407 -7.702395 -7.691319 -9.03725 -4.991556 -3.962171 -5.9168 -7.860426 -3.525618 0.8202107 -2.222301 -2.064703 -1.547461 1.504471 2.247194 -2.016946 0.3670361 1.136699 2.691713 -1.213939 -2.244853 -4.840714 -8.367679 -128 -128 -128 -128 -128 -128 -128 -128 -128 -128
-128 4.575984 4.486408 3.716157 2.778475 2.816572 3.206963 3.045094 3.154084 2.75938 1.374729 1.788627 1.723233 3.503914 3.811707 1.165426 1.227247 -0.2317716 1.936438 2.326452 0.6628104 -0.00368453 3.395439 4.156121 -128 4.003047 3.043551 2.352823 2.916789 0.9852506 0.6806738 0.7517872 2.335808 3.737993 2.794483 -0.2570343 -3.399173 -2.323767 -1.516189 -2.243886 -5.493809 -5.764576 -4.695755 -4.754187 -6.146387 -6.427026 -7.370401 -8.746582 -8.22303 -11.35712 -12.67783 -8.322324 -3.800352 -3.680652 -2.952411 -1.578779 -3.967814 0.8132935 2.391851 -0.2905576 -2.117228 -1.705161 3.097279 -1.791815 -5.294075 -5.111235 -128 -128 -128 -128 -128 -128 -128 -128 -128 -128 -128
-128 4.55766 4.394542 2.921578 3.109798 2.691092 2.64261 2.569224 2.959323 3.147964 2.490404 1.501846 1.452871 2.722223 3.8352 2.714875 1.644146 1.279789 1.782783 1.459865 1.79412 0.3572823 2.013139 3.700154 3.871227 3.735694 3.42737 1.937097 -1.095124 -1.666409 -0.7598743 -0.8835154 -0.3638519 1.892408 3.017848 3.520767 1.574277 0.5039594 1.343839 -2.5427 -4.857845 -5.965665 -5.587763 -5.272859 -5.370728 -5.315257 -5.769499 -6.014558 -6.404533 -5.344764 -8.172103 -7.538164 -3.56353 -2.07252 -3.383566 -1.568696 -4.832183 0.8934842 3.244767 -3.63104 -2.206426 -3.55533 3.144786 -128 -128 -128 -128 -128 -128 -128 -128 -128 -128 -128 -128 -128 -128
-128 4.519241 4.548402 3.582918 3.089768 3.340989 2.723174 2.515163 3.368205 3.428271 2.159074 1.883081 2.681454 3.407385 3.817791 3.850251 2.432405 2.654433 2.178895 2.0423 3.382046 1.136442 0.1723968 1.969197 2.81277 3.684224 3.566284 2.410266 -0.005457856 0.9325755 1.09347 -0.8192438 -0.6322104 1.805973 1.35488 -0.01556365 2.665925 1.929939 -0.6451188 -4.310858 -5.835072 -5.172158 -4.893137 -4.727457 -4.542737 -4.446762 -4.564911 -5.403299 -2.6911 0.628799 -2.905216 0.9803304 -4.176472 -2.609024 1.3243 -5.260203 -5.714069 -0.05418921 3.591305 -2.213444 -3.218327 -0.1508281 0.6901101 1.800379 -128 -128 -128 -128 -128 -128 -128 -128 -128 -128 -128 -128 -128
4.571889 4.506215 4.418052 3.590473 3.217538 2.771546 2.356334 3.251568 3.737586 3.814697 3.170405 3.069789 2.851579 2.568085 3.501041 3.281467 1.918019 2.369892 3.558222 2.436391 3.406924 3.87245 3.256212 1.755645 3.319117 3.881083 -128 3.840503 3.332068 1.71344 0.7115791 0.6622225 0.2905238 -0.6803434 2.862554 2.279809 1.924723 0.6890965 0.3389282 -2.307196 -4.310872 -4.216521 -4.358612 -4.47934 -4.487897 -4.8288 -6.063351 -7.644709 -4.200848 0.9272398 -1.067754 3.35514 2.380906 0.4646861 1.517327 -5.333063 -6.237073 0.8790774 3.505886 -3.681619 -5.953275 -3.413061 0.1583064 2.454493 -128 -128 -128 -128 -128 -128 -128 -128 -128 -128 -128 -128 -128
-128 4.483681 4.370473 3.286774 2.526834 3.181955 3.783482 3.928273 4.027478 3.987731 3.159783 2.274717 2.300067 3.067875 3.354046 2.767332 2.861033 2.30352 3.237738 1.602042 0.8633663 2.808232 4.007402 2.84064 2.962926 -128 3.770406 3.852602 3.758333 1.402995 1.194134 1.75131 3.524631 3.678545 3.362306 1.704294 -0.338414 -1.177759 -0.9136655 -2.81092 -2.999917 -3.365709 -3.685799 -4.435298 -5.56886 -7.702157 -6.022304 -5.803106 -7.939999 -1.821018 2.682359 -3.846418 -1.930055 0.7980428 3.51285 2.231359 -1.285798 1.339646 3.40292 -2.417843 -5.5225 -5.049428 -1.117918 2.980672 -128 -128 -128 -128 -128 -128 -128 -128 -128 -128 -128 -128 -128
-128 4.448135 4.433965 3.818444 3.947513 3.57863 3.112328 3.927202 4.015008 2.980182 2.946377 1.597415 1.579986 3.280266 3.042804 3.119382 1.473326 0.9577281 2.91198 -0.1205333 1.339096 0.9362375 3.038881 1.099183 3.452335 3.955336 2.45157 1.333738 2.906335 2.528778 0.4047095 -1.012012 -1.184419 -0.1588467 0.2469754 0.2645066 -0.8007596 -1.409396 -1.687406 -2.287536 -2.464441 -3.125139 -3.786339 -4.188157 -5.382815 -6.809736 -4.355428 -3.615593 -4.610509 -7.294338 -7.244806 -6.279235 -3.353192 -2.129637 0.3976899 3.749216 3.064078 3.751353 3.399882 -0.9950798 -7.194716 -6.295174 -1.386622 3.837366 -128 -128 -128 -128 -128 -128 -128 -128 -128 -128 -128 -128 -128
4.492621 4.418942 4.329318 3.847767 3.699869 3.604526 2.811846 2.816699 2.53314 2.239856 2.347678 1.646709 2.272024 3.136952 1.521775 1.901657 2.775155 2.109833 2.269746 1.917739 2.263672 1.573419 2.459467 1.062834 3.205832 3.974916 0.1070083 0.4089421 -0.06225286 1.833449 3.234333 1.191343 -0.2595352 1.179959 0.6791884 0.1977558 -0.6439022 -1.081145 -1.098595 -1.731544 -2.423942 -3.043712 -4.119367 -4.749552 -4.254879 -3.687967 -3.017874 -2.942099 -3.980788 -5.922302 -7.72533 -5.246297 -1.690394 2.461187 3.519491 3.868914 3.11885 1.922767 2.997251 3.06396 0.1990626 -0.6474575 2.598234 1.596344 -128 -128 -128 -128 -128 -128 -128 -128 -128 -128 -128 -128 -128
4.462557 4.33835 3.601916 2.716375 2.685009 1.912641 1.994298 1.645293 1.580574 2.882494 1.990488 2.191103 2.506678 3.341825 3.165079 2.510259 1.646173 1.068448 0.4475321 -0.1355368 0.7282336 1.425636 0.7530411 1.444305 3.160853 3.963956 2.284154 0.6348647 -0.9884339 1.129084 1.697806 3.083848 2.187894 1.089165 0.5281616 0.8141606 0.03310614 -0.6972312 -0.9270526 -1.333052 -2.212353 -3.027633 -3.458532 -3.8661 -3.894666 -3.353388 -2.592576 -2.108054 -1.692547 -0.3626942 -1.72944 -1.817086 3.141302 3.445344 3.327954 2.630951 -3.159709 -4.013154 0.2738007 2.541833 3.434005 3.460742 -128 -128 -128 -128 -128 -128 -128 -128 -128 -128 -128 -128 -128 -128 -128
4.421851 4.307438 2.485033 2.677549 1.954447 2.28779 1.908852 2.320629 2.625982 1.578345 1.63889 2.210072 2.724383 3.17061 3.554397 2.556277 0.8595231 0.9199792 2.652616 1.01838 -0.3331807 0.3797477 0.2924133 0.9065704 1.775173 3.503277 3.72199 2.717 1.62187 1.992907 1.527949 1.620041 1.373978 -0.6373578 0.1975373 2.232775 2.019379 0.9107605 -0.9612157 -2.309735 -3.498651 -4.061453 -4.111992 -4.4276 -4.345783 -4.144415 -2.943835 -2.328708 -2.303913 -1.473202 1.340917 3.410766 0.1805793 -0.1311759 2.988666 -4.324589 -5.508993 -3.398993 -2.532831 -0.8655871 -128 -128 -128 -128 -128 -128 -128 -128 -128 -128 -128 -128 -128 -128 -128 -128 -128
4.361034 4.022395 3.936844 3.745966 2.389659 1.221954 2.571928 2.052533 2.504148 1.928206 2.449772 2.834667 3.09937 2.967458 3.113764 3.238907 2.767931 3.171501 1.464902 -0.5131287 -0.5813822 1.547433 1.542974 -0.3775303 -0.4793522 3.410918 3.3468 2.536333 0.2873136 -0.526795 -0.100666 1.201689 3.041183 -0.09574489 -0.03683403 2.68446 3.833184 1.350904 -0.08451006 -1.802543 -1.896165 -4.257147 -4.957015 -5.961612 -7.758958 -4.086798 -3.092816 -3.164849 -6.312967 -6.693164 -0.2153234 0.3876362 -1.490001 2.160883 -0.09691814 -128 -2.114044 -1.957931 -4.786899 -128 -128 -128 -128 -128 -128 -128 -128 -128 -128 -128 -128 -128 -128 -128 -128 -128 -128
4.327405 3.94593 3.069951 2.933005 2.664374 3.138002 2.496423 2.501988 3.069801 1.586642 2.737947 3.081295 2.025864 2.609637 2.563639 2.190051 2.578877 1.735674 1.823995 0.812324 0.329001 0.4563328 0.01430628 1.982319 2.026861 3.012511 2.282892 2.385393 1.71609 0.02890565 -1.286911 -0.2371245 1.199254 3.445869 3.420408 3.267233 1.655433 3.190126 1.545807 2.176818 2.966792 -2.145988 -7.034807 -12.95071 -12.01416 -5.462759 -3.758396 -3.993356 -6.49386 -4.627074 -3.690976 -1.647632 1.157346 -1.664731 -4.263167 -128 -128 -128 -128 -128 -128 -128 -128 -128 -128 -128 -128 -128 -128 -128 -128 -128 -128 -128 -128 -128 -128
4.38463 4.255559 4.172449 3.590914 3.475908 1.871724 1.699353 1.91994 1.675148 3.49102 2.806362 0.9581174 1.508214 0.0242239 0.5443175 0.9106269 1.031687 3.284776 1.684863 1.299541 -0.7337695 -0.7140999 0.7567655 -2.289043 0.7833411 3.330338 3.326005 1.190469 -0.2216103 -0.5705125 0.4357969 -0.7819528 -0.704028 1.74018 3.631139 0.8353824 -1.310507 -0.0401136 0.4930871 3.271294 -0.04579865 -3.850098 -5.638269 -8.081066 -12.07962 -6.457544 -4.274898 -4.655018 -7.563861 -4.189091 -2.114264 -1.688992 -3.001966 -4.733167 -128 -128 -128 -128 -128 -128 -128 -128 -128 -128 -128 -128 -128 -128 -128 -128 -128 -128 -128 -128 -128 -128 -128
4.41217 4.281259 3.823455 3.155068 2.541286 1.703958 2.54704 3.238568 3.351792 3.645453 2.638801 2.247995 1.331893 1.0354 -0.5430515 -0.1562157 0.6194606 3.567764 1.561487 -0.1665331 -0.5746878 -0.9675781 0.2634591 0.09441727 0.9583567 3.423648 3.606452 -0.9947684 -0.8253278 -0.6824731 1.192772 0.971828 -1.782266 -0.2883359 2.427343 0.6811464 -0.01226674 0.002310961 0.2379249 0.7617872 -3.204694 -3.53268 -3.511153 -4.890266 -7.329549 -6.201373 -4.370357 -4.349582 -4.407244 -4.618193 -2.422674 -5.342587 -9.952645 -128 -128 -128 -128 -128 -128 -128 -128 -128 -128 -128 -128 -128 -128 -128 -128 -128 -128 -128 -128 -128 -128 -128 -128
4.419225 4.273732 4.122463 2.010252 1.818492 3.555723 3.622463 3.954947 3.771373 3.631059 2.670472 3.257804 3.454596 2.712729 0.5287253 -0.09122529 0.7376899 1.087541 0.9580923 -0.9339941 -0.8467144 -0.7851067 -0.1897329 -1.474768 -0.4326943 2.481798 3.562027 1.455591 1.716622 0.3421393 -0.1077168 2.945352 -1.151841 0.9673144 2.571772 1.562379 -0.1289135 0.001500173 -0.7621098 -2.738575 -2.855427 -2.760165 -2.894082 -3.123726 -4.095776 -7.295082 -5.2897 -4.0166 -3.959255 -3.848809 -3.625853 -4.834801 -128 -128 -128 -128 -128 -128 -128 -128 -128 -128 -128 -128 -128 -128 -128 -128 -128 -128 -128 -128 -128 -128 -128 -128 -128
4.414398 4.317289 4.226859 3.798966 3.390166 4.040378 4.093664 3.995616 3.600547 3.553402 2.38524 2.27355 2.8208 3.304378 2.587675 0.3198647 0.6612999 1.115829 0.2008706 1.132065 -0.40265 -0.1581955 -1.269358 -0.9688363 -1.421283 1.275672 3.22778 -1.293711 -0.3523352 0.2816771 1.543655 3.948434 3.215024 4.260239 3.309839 -0.003877038 -0.09774627 -0.4742811 -0.868394 -1.317323 -1.941821 -1.965745 -3.039344 -4.80685 -5.897879 -5.915533 -4.862226 -4.428317 -3.635427 -3.460675 -4.317404 -3.563534 -128 -128 -128 -128 -128 -128 -128 -128 -128 -128 -128 -128 -128 -128 -128 -128 -128 -128 -128 -128 -128 -128 -128 -128 -128
-128 -128 -128 -128 4.218623 3.373296 3.336104 3.786365 1.86543 3.269628 3.709356 3.730433 2.895675 1.076557 1.546576 2.414935 2.017623 -1.300234 0.1012149 -0.6815227 -1.055043 1.227692 0.9855281 -2.322144 -2.444916 1.169681 3.104048 0.5408212 -1.7583 -2.074363 -0.3535891 2.271566 4.362038 3.374512 3.549144 2.622437 -0.7663423 -0.7361533 -2.573949 -2.358757 -2.140548 -1.986985 -3.522149 -9.107725 -11.43916 -10.0549 -9.919264 -7.105091 -3.134407 -2.963346 -3.421278 -5.806878 -5.421619 -6.06825 -128 -128 -128 -128 -128 -128 -128 -128 -128 -128 -128 -128 -128 -128 -128 -128 -128 -128 -128 -128 -128 -128 -128
4.485852 4.395804 4.403262 4.410973 4.385356 3.521739 2.879877 2.395706 3.263189 2.916936 2.958311 3.254446 2.095297 0.6521592 -0.5898066 0.7164794 2.462943 1.084369 1.568637 -0.6050069 -1.196527 0.1826925 1.905014 -0.5308325 -2.723703 2.079125 3.395434 0.7901118 -2.710923 -0.9027246 -2.294223 2.655933 4.250345 2.018885 1.189631 3.515488 3.212575 1.882697 2.552348 -1.934171 -2.604394 -2.289997 -3.459344 -6.580934 -10.04532 -14.21819 -10.02472 -4.441464 -2.307532 -2.203126 -2.688264 -6.768764 -7.029384 -128 -128 -128 -128 -128 -128 -128 -128 -128 -128 -128 -128 -128 -128 -128 -128 -128 -128 -128 -128 -128 -128 -128 -128
4.535401 -128 4.475512 4.501455 4.484017 3.995774 1.478663 1.692345 2.685966 2.97754 2.894393 2.420138 0.690052 -0.4278833 0.8835614 0.655124 1.886752 0.6756477 2.128685 1.565486 1.223877 -0.627905 -0.3879639 1.941736 -0.2632943 2.935353 1.919977 -1.52456 0.2879336 -2.068474 -0.3094389 3.459623 3.812996 -0.6692742 -0.9673439 0.3060571 0.832872 2.306628 4.002443 -0.7970196 -2.996491 -2.61373 -3.458032 -7.580081 -9.964161 -10.73969 -3.603462 -2.14752 -1.082332 -1.253848 -1.597483 -4.745038 -128 -128 -128 -128 -128 -128 -128 -128 -128 -128 -128 -128 -128 -128 -128 -128 -128 -128 -128 -128 -128 -128 -128 -128 -128
-128 -128 4.571816 4.531765 4.431865 4.097447 3.018799 2.977138 1.627761 3.196518 2.817119 0.4350711 1.349226 0.7862617 1.000609 2.406958 2.532794 -0.1139525 0.1344216 2.823367 1.566146 2.017028 0.6017057 0.6034287 0.3113371 2.736344 2.592971 1.785975 -0.493407 -1.826713 0.3721861 3.699049 3.472038 -0.4622234 -1.54694 -2.058606 -0.8692473 0.05211845 1.330349 0.8366797 -3.44449 -3.27112 -3.888625 -7.690208 -11.27276 -5.726475 -1.794886 -1.082483 -0.06518297 -0.1799454 0.2082718 -128 -128 -128 -128 -128 -128 -128 -128 -128 -128 -128 -128 -128 -128 -128 -128 -128 -128 -128 -128 -128 -128 -128 -128 -128 -128
-128 -128 4.671687 4.641774 4.495173 4.421784 3.895111 3.559582 2.298855 2.805387 1.747169 1.720668 0.08229101 1.569176 1.744944 1.918539 0.8842967 0.8649983 2.368836 0.5892898 -1.238894 0.3229813 -0.1110033 0.04985605 0.2040444 1.770435 -1.052372 1.204768 2.379055 -1.379875 0.1698699 3.624403 3.400781 0.9052645 -1.000234 -0.2050069 -1.508098 -1.620394 -1.656595 -1.238208 -4.089524 -3.744653 -4.61059 -8.128059 -8.849297 -4.383039 -1.485778 -0.7106737 -0.4336698 0.1820239 -128 -128 -128 -128 -128 -128 -128 -128 -128 -128 -128 -128 -128 -128 -128 -128 -128 -128 -128 -128 -128 -128 -128 -128 -128 -128 -128
-128 -128 -128 -128 4.696511 4.589724 4.530006 4.302876 4.314273 3.826839 1.949351 1.513437 1.080583 0.8611203 2.153049 2.006913 2.701453 0.3207353 -1.116715 0.5692378 -1.070671 -1.579122 -1.167236 1.179738 2.296424 2.2534 0.7495456 -0.4581582 1.323855 2.257624 0.9862999 3.471598 3.53265 3.004607 2.386375 3.555575 2.155628 3.055292 2.57996 1.529855 -4.447242 -7.488538 -9.368132 -8.128266 -5.953431 -4.924915 -2.82852 -1.868235 -2.704628 -3.622251 -128 -128 -128 -128 -128 -128 -128 -128 -128 -128 -128 -128 -128 -128 -128 -128 -128 -128 -128 -128 -128 -128 -128 -128 -128 -128 -128
-128 -128 4.771046 4.808128 4.750865 4.66138 4.495363 3.982585 4.059385 2.896199 1.795774 1.111084 0.5195109 2.849217 3.381009 3.723019 2.865848 0.5722407 0.8056495 0.7984287 -1.364441 -2.456295 -2.222903 -1.141266 -0.6934669 2.469195 -1.794356 0.06621835 0.7739854 2.742043 2.288396 2.666229 1.232552 -0.9277003 2.624245 1.456726 3.839336 2.66674 -1.274598 -1.851053 -6.437919 -3.713403 -6.593358 -5.89346 -5.24882 -4.423323 -3.550635 -3.023885 -3.388197 -128 -128 -128 -128 -128 -128 -128 -128 -128 -128 -128 -128 -128 -128 -128 -128 -128 -128 -128 -128 -128 -128 -128 -128 -128 -128 -128 -128
-128 4.76437 4.760935 4.525543 4.037037 3.960425 3.469022 3.602636 4.197099 3.957751 2.731844 1.861493 2.402491 2.451077 3.258106 3.285869 1.794174 0.7788961 2.23683 1.828545 2.049181 -0.3029232 -0.4146549 1.414325 0.7658715 2.066044 1.262604 2.72668 1.150281 0.07724159 0.6720318 -0.01837756 -0.1150789 1.321605 1.099741 -0.8079804 2.840919 3.202384 0.2251214 1.710009 -4.610589 -0.9573396 -0.9777792 -5.881927 -6.847082 -4.844531 -3.567909 -3.096052 -128 -128 -128 -128 -128 -128 -128 -128 -128 -128 -128 -128 -128 -128 -128 -128 -128 -128 -128 -128 -128 -128 -128 -128 -128 -128 -128 -128 -128
-128 4.785676 4.694741 3.629163 3.467203 3.310762 3.002436 2.616662 4.25419 4.216552 3.559727 3.044358 1.640817 1.897235 3.178005 3.618443 0.9245396 1.108339 0.3560666 -0.01352931 -2.095443 -0.7695803 -0.01876864 0.9263051 -1.212989 -0.7366675 2.459856 2.540252 -1.034617 -1.926099 -1.125392 -0.7318574 -1.040376 2.563317 0.01094173 -2.665597 0.385679 1.742449 5.077506 3.830175 0.6248561 1.62466 -3.389688 -8.437056 -7.642576 -4.238842 -3.015852 -2.409461 -128 -128 -128 -128 -128 -128 -128 -128 -128 -128 -128 -128 -128 -128 -128 -128 -128 -128 -128 -128 -128 -128 -128 -128 -128 -128 -128 -128 -128
-128 4.810923 4.779034 4.644914 4.250456 3.005724 3.447407 2.794987 3.234786 4.294739 2.25541 1.441306 1.828345 3.214278 3.424882 3.786798 2.40229 1.782294 2.236087 1.703033 -0.7302827 -0.5857579 0.4354613 0.4895907 0.3367074 -1.881641 1.950674 2.422952 -0.306247 0.7024627 1.675593 1.162867 0.396469 1.81905 1.237088 0.1734894 -2.03545 -0.8267508 2.355598 1.34672 5.330227 1.492409 -3.866021 -7.569682 -7.581991 -5.661242 -3.513943 -128 -128 -128 -128 -128 -128 -128 -128 -128 -128 -128 -128 -128 -128 -128 -128 -128 -128 -128 -128 -128 -128 -128 -128 -128 -128 -128 -128 -128 -128
-128 4.790055 4.175693 3.951693 4.735335 4.555045 4.425242 3.281512 2.84964 3.238203 3.882088 2.514869 1.792665 3.428719 3.345931 3.611324 1.931167 1.43331 2.695151 1.06529 -0.3727125 0.5567473 -0.8452567 -0.8619468 -0.8869797 0.7926196 2.20159 2.303899 2.083787 0.5711741 -1.022181 0.8094502 0.1494788 1.993858 1.54602 1.055158 -2.184314 -2.01811 -0.6215296 -0.9067464 4.730334 -2.424891 -5.004102 -5.915974 -8.556664 -6.936449 -128 -128 -128 -128 -128 -128 -128 -128 -128 -128 -128 -128 -128 -128 -128 -128 -128 -128 -128 -128 -128 -128 -128 -128 -128 -128 -128 -128 -128 -128 -128
