formato/VCI/bioclim_7.asc
ncols         186
nrows         781
xllcorner     -75.7
yllcorner     -56.55
cellsize      0.05
NODATA_value  -9999
[rows 136 to 169 of 781, columns 77 to 153 of 186]
-128 -128 -128 -128 -128 -128 -128 -128 -128 -128 -128 -128 -128 -128 -128 -128 -128 -128 -128 -128 -128 -128 -128 -128 -128 -128 11.50293 13.42432 14.77857 15.8179 17.0024 18.09567 18.28859 20.23757 21.27786 23.11277 25.20805 26.88493 27.42394 27.78884 27.91969 28.16039 28.26968 27.62169 27.17753 26.46117 26.30479 25.57995 24.6828 24.18515 23.61335 22.76833 22.33202 21.92605 21.86531 22.50593 22.3488 22.64706 23.49989 24.67363 24.90126 25.2688 24.5089 22.79359 20.89567 20.56681 20.43713 21.46102 22.09088 21.77509 20.97879 19.58899 20.19647 20.027 19.08887 16.91067 17.28162
-128 -128 -128 -128 -128 -128 -128 -128 -128 -128 -128 -128 -128 -128 -128 -128 -128 -128 -128 -128 -128 -128 -128 -128 -128 10.40568 11.33327 12.65531 13.78355 15.33244 17.05247 18.46585 18.47742 19.64193 20.92168 22.29437 23.8454 25.77803 27.11444 27.69682 28.02967 28.38401 28.24682 27.95467 27.65655 27.39059 26.85645 25.92237 24.98444 24.15648 23.3075 23.01385 22.52549 21.96484 22.02159 22.44538 21.90421 23.64614 25.30063 25.62179 25.32848 24.9623 23.75105 22.38153 21.40828 20.26759 19.29469 20.161 20.71586 20.72636 19.67238 17.72001 16.84608 19.91483 19.68405 -128 -128
-128 -128 -128 -128 -128 -128 -128 -128 -128 -128 -128 -128 -128 -128 -128 -128 -128 -128 -128 -128 -128 -128 -128 -128 -128 10.42261 11.64961 12.7401 13.87707 15.43243 17.11876 18.77695 19.45272 19.54443 19.66065 20.3631 21.32044 24.13383 26.26818 27.69664 28.2233 28.60355 28.69113 28.55117 28.56508 27.97557 27.92504 26.6842 24.94857 24.04294 23.46358 22.85092 22.31003 22.08602 22.54089 22.59182 22.91007 24.53191 25.89723 26.01524 25.56394 24.22814 22.72199 21.35616 20.4412 20.22606 18.55186 19.06528 18.88314 18.96082 18.47271 16.59721 17.28879 -128 -128 -128 -128
-128 -128 -128 -128 -128 -128 -128 -128 -128 -128 -128 -128 -128 -128 -128 -128 -128 -128 -128 -128 -128 -128 -128 -128 -128 10.40425 11.72331 13.24377 15.00303 16.19396 17.84449 19.75679 20.55529 21.0089 20.37521 19.74934 20.81933 23.93513 25.94188 27.54645 28.31609 28.84035 29.22665 29.41085 28.99529 28.58951 28.27871 27.27467 26.20894 24.89492 23.65987 22.83451 22.01645 22.2278 23.32373 23.05551 24.27454 25.61169 26.28067 25.99447 25.09992 23.71777 22.28025 20.66803 19.35794 19.18417 18.52648 18.26685 17.85039 16.62137 16.17379 16.99221 -128 -128 -128 -128 -128
-128 -128 -128 -128 -128 -128 -128 -128 -128 -128 -128 -128 -128 -128 -128 -128 -128 -128 -128 -128 -128 -128 -128 -128 -128 10.42148 11.74005 13.05069 14.66406 15.87957 18.04843 19.40465 19.97071 20.1822 20.6892 20.39425 22.18052 24.46682 25.75801 26.89305 27.97355 28.68428 29.00277 29.36221 29.2534 28.98772 28.46226 27.65778 26.61305 24.87411 23.68545 22.79369 22.21598 22.43987 24.0814 24.56891 24.47315 25.78197 26.54416 26.51476 25.22391 23.76559 22.03477 20.34215 19.14036 18.68316 18.44819 18.1032 17.5281 17.71059 -128 -128 -128 -128 -128 -128 -128
-128 -128 -128 -128 -128 -128 -128 -128 -128 -128 -128 -128 -128 -128 -128 -128 -128 -128 -128 -128 -128 -128 -128 -128 -128 10.52577 11.94384 13.18333 14.71364 16.4039 18.18553 19.25544 19.21675 19.71317 19.43299 20.43042 23.31949 24.39724 25.33769 25.74974 26.98831 28.44984 29.07794 28.66901 28.65259 28.71531 28.78349 27.93603 26.21954 24.77899 23.09897 22.27404 22.50669 22.21852 23.83744 24.58692 24.51889 25.30513 25.43094 26.40384 24.93377 23.11682 21.77939 20.77442 19.81142 18.74474 17.8948 17.42319 18.39766 -128 -128 -128 -128 -128 -128 -128 -128
-128 -128 -128 -128 -128 -128 -128 -128 -128 -128 -128 -128 -128 -128 -128 -128 -128 -128 -128 -128 -128 -128 -128 -128 -128 10.57829 11.55237 13.1811 14.87367 16.12262 18.45101 19.17857 19.41192 20.17758 20.90984 22.82285 24.28265 25.32364 25.53346 25.33997 26.32549 27.86762 28.92283 29.05596 28.70934 28.26003 28.42151 27.47645 26.21058 24.79021 23.05149 21.92575 22.58077 21.70779 23.38928 24.36765 24.70898 25.1881 25.15076 25.9117 24.58291 22.71847 21.29446 20.38188 19.85345 19.01902 16.92371 16.56131 17.36185 -128 -128 -128 -128 -128 -128 -128 -128
-128 -128 -128 -128 -128 -128 -128 -128 -128 -128 -128 -128 -128 -128 -128 -128 -128 -128 -128 -128 -128 -128 -128 -128 -128 10.75398 11.44491 13.58926 15.44027 16.5298 18.20994 19.0315 20.3515 22.17686 23.53095 23.53682 24.29273 25.65236 26.15538 26.31161 26.7314 27.15541 28.23108 28.66183 28.48833 27.90427 27.8361 27.01647 25.94904 24.37317 22.91547 21.88662 22.46523 21.70402 23.15442 24.81035 25.78357 25.35242 25.18826 25.30652 23.77149 22.48788 21.15236 20.20028 19.33271 18.2061 16.92205 16.88632 -128 -128 -128 -128 -128 -128 -128 -128 -128
-128 -128 -128 -128 -128 -128 -128 -128 -128 -128 -128 -128 -128 -128 -128 -128 -128 -128 -128 -128 -128 -128 -128 -128 -128 10.82734 11.98398 13.49812 15.37065 16.56583 18.20814 19.45012 21.81394 23.66234 24.38224 24.8069 24.8343 25.68476 26.96623 27.52571 27.59476 28.05274 27.83525 27.63031 27.51686 27.24261 27.54128 26.62992 25.25254 23.78421 22.73804 22.53333 22.4307 21.52881 22.41964 24.74437 26.41732 26.15593 25.52901 24.54492 23.29321 22.17614 20.94053 19.55494 18.07067 16.98128 16.08826 -128 -128 -128 -128 -128 -128 -128 -128 -128 -128
-128 -128 -128 -128 -128 -128 -128 -128 -128 -128 -128 -128 -128 -128 -128 -128 -128 -128 -128 -128 -128 -128 -128 -128 -128 10.65441 11.91749 13.32202 15.17133 16.43807 18.14561 20.0575 21.79815 23.26437 24.35833 24.94122 25.94194 26.5653 27.33848 27.63477 27.67351 27.84079 27.518 27.00394 26.48398 25.78518 26.65279 26.17052 24.7109 23.44701 23.18762 23.19588 22.33882 21.32147 21.56334 24.13998 25.62663 25.93836 25.32657 24.27552 23.08831 22.00088 20.92839 19.51834 18.06397 17.53541 16.80106 -128 -128 -128 -128 -128 -128 -128 -128 -128 -128
-128 -128 -128 -128 -128 -128 -128 -128 -128 -128 -128 -128 -128 -128 -128 -128 -128 -128 -128 -128 -128 -128 -128 -128 -128 -128 11.24701 12.18122 14.03022 16.09791 17.6549 18.50822 20.04734 21.87044 23.4143 24.65555 25.92781 26.61312 26.91967 27.18153 26.95669 26.83676 26.41767 26.03779 25.663 25.20928 25.80854 25.66811 24.50776 23.44019 23.58489 23.4488 22.53591 21.7152 21.31427 23.72188 25.20982 25.27481 24.70593 24.47594 22.87343 22.10735 21.10629 20.02696 18.99417 18.26334 17.21092 -128 -128 -128 -128 -128 -128 -128 -128 -128 -128
-128 -128 -128 -128 -128 -128 -128 -128 -128 -128 -128 -128 -128 -128 -128 -128 -128 -128 -128 -128 -128 -128 -128 -128 -128 -128 10.56334 11.03451 12.73359 14.95128 16.76304 18.41052 20.13216 21.3504 22.42265 23.98897 25.40084 26.04239 25.97353 26.16056 26.10172 25.92975 25.49851 25.17157 24.81282 24.62772 25.09313 25.13828 24.73623 24.34074 23.79718 23.39022 22.77912 22.15884 21.6263 23.46139 24.82553 25.10886 24.91269 24.12565 23.18729 22.23235 20.87929 19.08676 19.3599 18.59047 18.36008 18.79294 -128 -128 -128 -128 -128 -128 -128 -128 -128
-128 -128 -128 -128 -128 -128 -128 -128 -128 -128 -128 -128 -128 -128 -128 -128 -128 -128 -128 -128 -128 -128 -128 -128 -128 -128 9.813612 10.6327 12.03023 14.37948 16.40162 18.15621 20.30728 21.41981 22.07154 22.44178 23.09088 24.02104 24.34025 24.34132 24.96696 25.13155 24.61894 24.30396 23.98848 23.896 24.73586 24.60166 24.28728 23.87357 23.33164 22.91436 22.51214 22.01252 22.12318 23.46777 24.62995 25.12754 24.87386 24.62854 23.9199 22.64901 20.54579 18.94666 20.58292 19.23262 19.68187 19.20972 19.19567 -128 -128 -128 -128 -128 -128 -128 -128
-128 -128 -128 -128 -128 -128 -128 -128 -128 -128 -128 -128 -128 -128 -128 -128 -128 -128 -128 -128 -128 -128 -128 -128 -128 -128 9.368155 10.59024 11.6041 13.71059 15.11269 17.12196 19.12987 20.44102 21.10961 21.30585 22.19756 23.28436 23.31199 23.29345 23.27452 23.96994 24.0662 23.77303 23.4621 23.54175 24.19286 24.20353 23.81624 23.16148 22.60678 22.18525 22.15577 21.29645 22.67261 24.26492 25.06888 25.26512 25.07275 25.41828 24.36499 23.17642 21.7053 20.8601 21.6618 20.14664 19.82241 20.18174 19.92074 -128 -128 -128 -128 -128 -128 -128 -128
-128 -128 -128 -128 -128 -128 -128 -128 -128 -128 -128 -128 -128 -128 -128 -128 -128 -128 -128 -128 -128 -128 -128 -128 -128 -128 -128 10.21283 11.20681 12.80476 14.94548 16.36306 17.26671 18.9084 20.60904 21.55092 22.53499 23.48033 23.43411 23.24642 23.15505 23.25945 23.23205 23.30875 23.32903 23.085 23.17228 23.34979 22.97117 22.5072 22.1969 21.63013 21.51387 20.94242 22.90271 24.64268 25.42657 26.01566 26.11635 25.92609 24.54417 22.91297 21.09418 22.02008 22.92685 21.82521 19.90992 20.76876 20.54324 19.92489 -128 -128 -128 -128 -128 -128 -128
-128 -128 -128 -128 -128 -128 -128 -128 -128 -128 -128 -128 -128 -128 -128 -128 -128 -128 -128 -128 -128 -128 -128 -128 -128 -128 8.89535 9.915316 10.87201 12.78135 14.85605 16.76 18.16697 18.90633 20.23949 21.45363 22.11431 22.56131 22.72408 22.85767 22.39936 22.8256 22.9435 22.54259 21.86585 22.13042 22.38257 22.50142 22.14687 21.54832 21.24811 21.38218 20.84814 20.94378 23.08636 24.957 25.83548 26.64329 26.69638 26.34461 24.62453 22.47635 20.3458 21.5967 22.61444 21.96597 21.38235 21.74898 21.38689 19.65056 -128 -128 -128 -128 -128 -128 -128
-128 -128 -128 -128 -128 -128 -128 -128 -128 -128 -128 -128 -128 -128 -128 -128 -128 -128 -128 -128 -128 -128 -128 -128 -128 -128 8.811499 10.01851 11.2487 12.86174 15.02137 16.79292 18.18671 19.25795 20.46167 21.3131 21.9193 22.64728 22.89239 22.94282 22.69333 22.5098 22.68749 22.38766 21.87758 21.89925 21.93058 21.78713 21.50568 20.97921 20.64025 20.67771 19.84275 21.53184 23.51707 24.72829 25.98454 26.72243 26.67349 26.33102 25.28021 24.22863 22.84669 21.95276 21.46896 21.57131 21.70051 21.93783 22.13669 21.19253 19.83828 -128 -128 -128 -128 -128 -128
-128 -128 -128 -128 -128 -128 -128 -128 -128 -128 -128 -128 -128 -128 -128 -128 -128 -128 -128 -128 -128 -128 -128 -128 -128 -128 -128 9.961434 11.19136 12.38553 14.99058 16.8603 17.74919 18.54275 20.0392 21.84022 23.00714 23.14494 23.37981 23.57747 23.37324 22.95381 22.92168 22.61439 22.37392 22.02204 21.72633 21.43873 21.12312 20.70975 20.45004 19.94322 20.60598 22.49726 23.80799 24.68069 25.64196 26.35421 26.58992 27.21253 26.40748 25.71257 25.00907 22.93625 21.6972 20.81807 20.15557 20.69512 -128 -128 -128 -128 -128 -128 -128 -128 -128
-128 -128 -128 -128 -128 -128 -128 -128 -128 -128 -128 -128 -128 -128 -128 -128 -128 -128 -128 -128 -128 -128 -128 -128 -128 -128 -128 -128 11.34721 12.07263 13.70897 16.03527 17.72565 19.13526 20.50155 21.71254 22.36868 23.35357 23.5111 23.48499 23.72042 23.70815 23.39616 23.22202 22.64331 22.13102 21.38872 21.3558 21.00681 20.41529 19.8883 19.73456 20.90637 22.77994 24.01358 25.03548 25.94429 26.39205 26.86359 27.49016 27.27755 26.23318 25.254 24.02962 21.74785 21.04782 20.38094 -128 -128 -128 -128 -128 -128 -128 -128 -128 -128
-128 -128 -128 -128 -128 -128 -128 -128 -128 -128 -128 -128 -128 -128 -128 -128 -128 -128 -128 -128 -128 -128 -128 -128 -128 -128 -128 10.40182 11.4792 12.15136 14.62425 16.53416 18.37359 19.68093 20.51383 21.36539 22.39231 23.03986 23.63969 23.77713 23.68913 23.64731 23.53587 23.28603 22.69791 22.1572 21.49885 21.2074 20.89129 20.33264 19.79078 19.42055 20.25718 21.61397 23.64812 24.93142 25.82087 26.05587 26.57633 27.11745 26.84281 24.0075 23.58476 23.29655 22.59281 21.01647 20.73909 -128 -128 -128 -128 -128 -128 -128 -128 -128 -128
-128 -128 -128 -128 -128 -128 -128 -128 -128 -128 -128 -128 -128 -128 -128 -128 -128 -128 -128 -128 -128 -128 -128 -128 -128 -128 -128 11.68763 12.33919 13.6491 14.77373 16.49844 17.65083 19.49555 20.59789 21.40877 22.21958 22.2935 22.64366 23.74334 24.03951 23.83076 23.57753 23.34501 22.79095 22.2178 21.66083 21.28749 20.98122 20.66517 20.25044 20.11571 20.05554 20.47009 22.37017 23.8776 24.75646 25.3059 24.75942 24.98858 26.14384 25.7242 24.33486 23.71597 23.30852 21.36624 20.32342 -128 -128 -128 -128 -128 -128 -128 -128 -128 -128
-128 -128 -128 -128 -128 -128 -128 -128 -128 -128 -128 -128 -128 -128 -128 -128 -128 -128 -128 -128 -128 -128 -128 -128 -128 -128 11.52646 12.96092 13.39345 14.28272 15.63668 17.26334 18.57687 19.4071 19.97582 21.21239 22.59732 23.84309 24.01224 24.49791 24.56363 24.47152 24.12896 23.72323 23.35211 22.88943 22.3745 21.88896 21.61123 21.17067 21.02943 20.85635 20.60423 21.17221 21.3378 21.97004 22.79037 23.13743 23.05427 22.47927 23.73671 24.32854 23.21358 23.17479 23.39207 21.13039 19.92251 -128 -128 -128 -128 -128 -128 -128 -128 -128 -128
-128 -128 -128 -128 -128 -128 -128 -128 -128 -128 -128 -128 -128 -128 -128 -128 -128 -128 -128 -128 -128 -128 -128 -128 -128 -128 12.55157 13.54097 14.25015 14.95867 16.13593 18.25341 19.56901 20.70582 21.41971 22.54121 23.39087 23.97499 24.69529 25.3674 25.46164 25.21302 24.62288 24.18901 23.45239 23.07843 22.73935 22.3561 21.94616 21.34756 21.42028 21.20078 20.94398 21.02746 21.04253 21.00242 21.44185 22.6591 22.81266 23.22179 24.23731 24.1889 23.095 23.962 21.93988 20.43802 -128 -128 -128 -128 -128 -128 -128 -128 -128 -128 -128
-128 -128 -128 -128 -128 -128 -128 -128 -128 -128 -128 -128 -128 -128 -128 -128 -128 -128 -128 -128 -128 -128 -128 -128 -128 12.04335 13.55408 14.62778 15.66194 16.23933 17.50429 18.55371 19.72281 20.60505 21.74592 22.38869 23.0557 23.4819 24.3752 25.26006 25.99744 25.84941 25.39372 24.42268 23.27077 22.58225 22.2736 22.26547 22.12679 21.71667 21.41311 21.23774 21.12642 20.83302 20.55058 20.19889 20.12655 21.38287 23.17467 23.41964 24.64924 24.49104 22.42859 22.83788 22.90823 21.0674 -128 -128 -128 -128 -128 -128 -128 -128 -128 -128 -128
-128 -128 -128 -128 -128 -128 -128 -128 -128 -128 -128 -128 -128 -128 -128 -128 -128 -128 -128 -128 -128 -128 -128 8.530438 10.36037 12.33515 14.37225 15.88857 16.78308 17.53551 18.29097 19.3837 20.2303 20.84512 21.16724 21.70278 22.77152 23.92097 24.22965 24.43624 24.76378 25.60805 24.83738 24.30605 23.45351 22.6431 22.26327 22.32603 22.28394 21.83862 21.36176 21.2091 21.12809 21.11391 21.01518 20.71361 20.34113 20.91183 22.66083 23.85792 24.51723 23.67901 22.1119 22.3354 23.21513 22.24449 21.4434 -128 -128 -128 -128 -128 -128 -128 -128 -128 -128
-128 -128 -128 -128 -128 -128 -128 -128 -128 -128 -128 -128 -128 -128 -128 -128 -128 -128 -128 -128 -128 -128 -128 -128 10.68935 12.63487 14.90079 16.53613 17.38665 18.01873 18.48817 19.40741 20.22154 20.77801 21.47958 22.3269 22.75798 23.22993 23.86585 24.50788 24.40128 24.1983 23.6762 23.6081 23.23735 22.85058 22.37451 21.98672 21.96681 21.59873 21.13907 20.86694 20.47386 20.50022 20.53681 20.28659 21.27346 23.00737 23.11209 24.48286 25.12449 24.25005 22.24802 23.20474 23.20658 22.79123 21.59959 -128 -128 -128 -128 -128 -128 -128 -128 -128 -128
-128 -128 -128 -128 -128 -128 -128 -128 -128 -128 -128 -128 -128 -128 -128 -128 -128 -128 -128 -128 -128 -128 -128 8.728999 10.84267 13.0498 15.58417 16.90482 17.79767 18.62192 18.76474 18.88425 19.75654 20.64439 21.22083 22.00719 22.74537 23.122 23.21321 23.45997 23.67351 23.39961 23.26873 22.63916 22.65526 22.63213 22.28666 21.77134 21.24011 21.01728 21.21035 20.92451 20.23462 20.03654 20.21206 20.28957 21.16348 23.81073 24.69275 24.94245 23.88609 22.78185 22.3905 23.13357 22.98185 22.01459 21.73284 -128 -128 -128 -128 -128 -128 -128 -128 -128 -128
-128 -128 -128 -128 -128 -128 -128 -128 -128 -128 -128 -128 -128 -128 -128 -128 -128 -128 -128 -128 -128 -128 -128 8.470321 10.7122 13.39736 15.71112 17.14583 17.98559 18.7386 19.26216 19.48801 20.28634 21.08696 21.392 21.64189 22.06034 22.57482 22.90834 23.20406 23.43332 23.19133 23.00747 22.63924 22.25377 22.06528 21.51667 20.59422 20.4766 20.95683 20.96297 20.44795 19.95889 20.05614 20.04609 20.00671 21.04165 22.33053 23.8106 23.89404 22.47966 21.87411 22.00303 22.69554 22.5471 23.28589 21.44202 21.75424 -128 -128 -128 -128 -128 -128 -128 -128 -128
-128 -128 -128 -128 -128 -128 -128 -128 -128 -128 -128 -128 -128 -128 -128 -128 -128 -128 -128 -128 -128 -128 -128 8.630068 10.59012 13.41703 16.19876 17.82592 18.69986 19.65335 20.08119 20.15801 20.67574 20.95881 21.49075 21.71907 21.46003 21.54843 22.45545 23.19494 23.30881 23.09675 22.45934 21.8278 21.52702 21.39338 21.2416 20.45408 20.2025 20.47294 20.55663 20.57998 20.19344 20.01031 19.97931 19.69398 20.65263 21.11629 21.33622 22.52059 23.00229 21.49002 21.04251 21.60614 22.01782 22.50486 21.71037 21.60921 -128 -128 -128 -128 -128 -128 -128 -128 -128
-128 -128 -128 -128 -128 -128 -128 -128 -128 -128 -128 -128 -128 -128 -128 -128 -128 -128 -128 -128 -128 -128 7.022852 8.647532 10.57433 13.31496 16.39083 18.12943 19.13249 20.126 20.70976 20.70879 21.00425 21.21799 21.41139 21.37182 21.75763 22.02958 22.24808 22.5996 22.75007 22.52861 22.10989 21.30485 20.52183 20.52822 21.15166 21.16375 20.87696 20.44496 20.50659 20.50266 20.30073 19.9945 19.27446 20.12891 20.59241 19.85528 22.10051 24.03778 23.21975 21.0758 20.9572 21.41158 22.56315 21.519 22.94677 23.14258 -128 -128 -128 -128 -128 -128 -128 -128 -128
-128 -128 -128 -128 -128 -128 -128 -128 -128 -128 -128 -128 -128 -128 -128 -128 -128 -128 -128 -128 -128 -128 6.849585 8.555456 10.72044 13.28721 16.29789 18.26587 19.8288 20.70506 21.00117 21.07266 20.68126 20.54085 20.53848 21.39913 21.41988 21.73862 22.07408 21.96404 21.7382 22.12496 22.08562 21.6869 21.4853 21.19063 21.0926 21.15361 21.00563 20.38242 19.96671 19.59789 19.79948 19.67985 19.03563 19.99932 20.59394 20.62543 22.98016 23.61771 23.37956 21.92672 21.22261 23.00635 22.83873 21.6964 24.20283 24.43395 24.00259 -128 -128 -128 -128 -128 -128 -128 -128
-128 -128 -128 -128 -128 -128 -128 -128 -128 -128 -128 -128 -128 -128 -128 -128 -128 -128 -128 -128 -128 -128 6.940006 8.53019 10.5463 13.02619 16.10382 18.55777 19.97603 20.83802 21.28748 21.63625 21.88222 21.33356 21.30815 22.06457 22.48637 22.63901 22.35067 22.20725 22.22453 22.06772 22.15082 21.75099 21.34819 21.01332 20.81596 20.57248 20.51121 20.0081 19.15087 18.40979 19.40449 19.93134 19.54463 18.87345 19.80313 21.02769 23.19863 22.44968 23.34593 22.98231 22.43277 22.89581 21.88315 22.21825 24.61214 24.48188 23.50809 -128 -128 -128 -128 -128 -128 -128 -128
-128 -128 -128 -128 -128 -128 -128 -128 -128 -128 -128 -128 -128 -128 -128 -128 -128 -128 -128 -128 -128 -128 -128 8.767221 10.91908 13.34386 16.50204 18.16012 19.48681 20.49633 21.13653 21.40171 21.35798 22.03832 22.8567 22.92158 23.77619 23.43733 22.4249 22.15857 22.45908 21.87066 21.49354 21.10984 20.75919 20.09857 19.60879 19.3027 19.69759 19.71113 19.52378 19.43806 19.72506 19.60156 19.40257 18.6776 21.09877 21.12476 21.06796 22.73515 22.86423 22.67308 22.96726 23.36208 22.28664 22.51994 24.04578 23.87816 22.51604 -128 -128 -128 -128 -128 -128 -128 -128
-128 -128 -128 -128 -128 -128 -128 -128 -128 -128 -128 -128 -128 -128 -128 -128 -128 -128 -128 -128 -128 -128 -128 -128 11.08492 13.30814 16.03659 18.11952 19.47261 20.81101 21.66129 22.34535 22.56971 22.60079 22.83028 23.38809 24.00081 23.95272 23.43686 22.90645 22.48091 22.2496 21.89337 21.44551 20.97561 20.59705 20.20575 19.48103 19.0175 19.0889 19.01802 18.86933 19.52825 19.99107 19.86705 20.8662 21.45136 21.05537 20.88776 22.19172 22.85678 23.69179 24.15599 24.41849 23.06546 22.32111 23.99282 24.17088 22.46801 -128 -128 -128 -128 -128 -128 -128 -128
