formato/VCI/bioclim_1.asc
ncols         186
nrows         781
xllcorner     -75.7
yllcorner     -56.55
cellsize      0.05
NODATA_value  -9999
[rows 102 to 135 of 781, columns 77 to 153 of 186]
-128 -128 -128 -128 -128 -128 -128 -128 -128 -128 -128 -128 -128 -128 -128 -128 -128 -128 -128 -128 -128 -128 -128 -128 -128 -128 -128 -128 -128 -128 -128 18.57123 14.03528 14.36535 14.58129 13.87999 13.76508 13.36888 13.19636 13.33189 13.84383 15.32258 16.12654 16.63481 17.33651 17.58979 17.9493 18.10805 18.11905 17.98956 17.88491 17.43135 16.42577 15.18139 14.94718 14.09212 13.23222 11.94483 9.909962 10.27043 10.58348 10.96707 11.70813 12.14884 12.36005 12.17613 11.29119 10.12891 9.094036 8.495114 8.573879 8.192853 9.951547 7.830738 6.835449 5.154454 3.488127
-128 -128 -128 -128 -128 -128 -128 -128 -128 -128 -128 -128 -128 -128 -128 -128 -128 -128 -128 -128 -128 -128 -128 -128 -128 -128 -128 -128 -128 -128 -128 18.05138 14.27 14.88688 13.57162 12.90691 13.69223 14.38449 14.42218 14.34828 14.09187 14.96064 15.85815 16.50086 16.58354 16.97264 17.50051 17.82884 17.89395 17.83932 17.88097 17.51115 16.79504 15.55359 14.39078 13.23083 11.82454 10.13598 9.260556 10.30483 10.74075 10.32132 11.14721 11.58692 11.63572 11.52017 10.7806 9.646747 8.589231 8.237781 8.856401 9.752672 10.71142 9.244146 7.708783 6.673305 6.237291
-128 -128 -128 -128 -128 -128 -128 -128 -128 -128 -128 -128 -128 -128 -128 -128 -128 -128 -128 -128 -128 -128 -128 -128 -128 -128 -128 -128 -128 -128 -128 17.93016 13.95746 14.72767 12.81004 11.65169 12.76538 14.44663 14.43464 14.55115 14.73858 15.21016 15.46584 16.07813 16.2473 16.5565 16.95921 17.36979 17.44508 17.46194 17.67071 17.50427 16.81809 15.61077 14.11125 12.18566 9.773077 8.126283 9.389592 10.67105 11.38507 10.96141 11.05584 11.39411 11.22055 10.81748 10.17749 9.313338 8.324269 8.45874 9.331919 11.08134 12.04585 11.06664 10.36951 9.411142 8.171374
-128 -128 -128 -128 -128 -128 -128 -128 -128 -128 -128 -128 -128 -128 -128 -128 -128 -128 -128 -128 -128 -128 -128 -128 -128 -128 -128 -128 -128 -128 18.39303 16.12531 12.75151 15.05276 13.65384 12.5715 12.49596 13.85166 14.23821 14.30813 14.56897 14.822 15.02155 15.26497 15.60149 16.22645 16.64788 17.03869 17.08337 17.02323 17.35792 17.67511 17.13113 15.74004 13.9872 12.28461 9.849884 8.838195 10.17881 11.29517 11.57251 11.38099 11.19884 11.02492 10.7693 10.2403 9.410664 8.660056 8.48455 9.967434 11.26711 13.0037 13.47524 13.69707 12.40086 11.32801 9.559878
-128 -128 -128 -128 -128 -128 -128 -128 -128 -128 -128 -128 -128 -128 -128 -128 -128 -128 -128 -128 -128 -128 -128 -128 -128 -128 -128 -128 -128 -128 18.53258 16.22905 12.59462 14.2152 13.92477 13.10178 12.8068 12.83882 13.55348 13.81448 14.75453 14.89107 14.97112 15.18122 15.4775 16.00732 16.39049 16.71597 16.84766 16.76739 17.17655 17.75124 17.27293 16.07997 14.59682 13.06386 11.8704 11.24355 11.53709 11.90991 11.68409 11.4403 11.22426 10.95868 10.48946 9.72866 8.89414 8.626616 9.81484 12.19016 13.8492 15.0102 14.71891 14.40323 13.80695 13.04719 11.2509
-128 -128 -128 -128 -128 -128 -128 -128 -128 -128 -128 -128 -128 -128 -128 -128 -128 -128 -128 -128 -128 -128 -128 -128 -128 -128 -128 -128 -128 -128 -128 18.69712 13.30889 13.84277 13.76549 12.94565 12.94236 12.65502 13.24069 13.61587 14.94415 14.87299 14.9907 15.12262 15.36524 15.78305 16.22729 16.67288 16.75206 16.70152 17.38075 17.63711 17.27506 16.25113 14.91447 13.76462 13.10189 12.51866 12.06705 11.44302 11.11005 10.91169 10.6846 10.7846 10.4149 9.653766 8.968517 9.704669 11.85237 14.21282 15.46415 15.59707 15.22882 15.40466 15.22006 14.98209 13.42074
-128 -128 -128 -128 -128 -128 -128 -128 -128 -128 -128 -128 -128 -128 -128 -128 -128 -128 -128 -128 -128 -128 -128 -128 -128 -128 -128 -128 -128 -128 18.87174 18.20745 13.46908 14.94389 14.23295 13.27964 13.19536 12.91615 13.14639 13.9648 14.79114 14.65318 14.81061 14.94274 15.11394 15.38164 15.9205 16.46015 16.99785 17.4899 17.90439 17.93885 17.35613 16.46192 15.46125 14.24768 13.3212 12.38748 11.70651 11.05005 10.28959 9.682733 9.52312 10.57321 10.40162 9.863268 9.865908 11.70192 13.70311 15.31439 15.44062 15.16897 15.6498 16.10985 16.04667 15.95299 14.46965
-128 -128 -128 -128 -128 -128 -128 -128 -128 -128 -128 -128 -128 -128 -128 -128 -128 -128 -128 -128 -128 -128 -128 -128 -128 -128 -128 -128 -128 -128 18.8151 15.07586 12.7831 15.81032 14.47562 13.96906 13.48519 13.27014 13.52838 14.17345 14.58053 14.43825 14.52975 14.6486 14.95567 15.31355 15.87755 16.47658 17.36325 18.02109 18.06234 18.19239 17.24787 16.03502 15.0899 14.00208 12.72246 11.79121 11.34054 10.55567 9.163232 8.522533 9.401239 10.22946 10.16679 9.921909 10.50703 13.41588 15.08526 15.47488 15.22354 15.59082 15.77127 15.92547 16.2344 16.56391 15.22395
-128 -128 -128 -128 -128 -128 -128 -128 -128 -128 -128 -128 -128 -128 -128 -128 -128 -128 -128 -128 -128 -128 -128 -128 -128 -128 16.87653 17.50367 -128 18.39283 18.68081 14.05673 14.11738 15.86304 14.21378 14.59103 13.30991 13.65349 13.65038 14.51129 14.73759 14.98291 15.27492 15.27507 15.2549 15.57872 16.09583 16.76501 17.73803 18.15625 18.39314 18.09866 17.0696 15.64496 14.40348 13.32161 11.71214 10.59552 10.18464 9.612154 8.064921 8.98188 9.505364 9.363723 9.460289 9.468886 10.35932 14.14369 15.86636 15.57114 15.26831 15.53329 15.58854 15.58973 15.96101 16.76109 15.79004
-128 -128 -128 -128 -128 -128 -128 -128 -128 -128 -128 -128 -128 -128 -128 -128 -128 -128 -128 -128 -128 -128 -128 -128 -128 16.59613 15.14275 17.28962 18.06392 18.18851 17.96637 14.42621 15.43252 15.49414 14.34853 14.0519 13.19243 13.98211 14.24466 15.04821 14.8775 15.34508 15.59633 16.00092 16.21833 16.46161 17.00702 17.603 17.87473 18.09375 18.21899 17.5437 16.41226 15.31351 14.07365 12.87892 11.01641 9.521515 9.08579 8.627481 7.852993 8.887207 7.915462 7.040597 8.48496 9.443091 11.02054 15.09527 15.94191 15.06154 15.52381 15.25953 15.18294 15.22836 15.67164 16.40195 16.15339
-128 -128 -128 -128 -128 -128 -128 -128 -128 -128 -128 -128 -128 -128 -128 -128 -128 -128 -128 -128 -128 -128 -128 -128 -128 16.33219 14.53945 17.18812 17.87138 18.18007 17.8749 16.54842 16.54409 15.34138 14.08958 13.64985 14.04829 13.85631 14.5323 15.1427 15.17689 15.69534 15.86296 16.10059 16.51068 17.20382 17.50322 17.5809 17.73487 17.84396 17.73129 17.01419 15.81583 14.68648 13.33547 11.64954 10.28132 9.201798 9.257455 8.876528 8.546802 8.186618 7.572018 7.050474 8.674213 10.36039 13.72267 15.89026 15.08275 15.15194 15.26154 15.01498 14.83498 14.94254 15.50942 16.24541 16.55186
-128 -128 -128 -128 -128 -128 -128 -128 -128 -128 -128 -128 -128 -128 -128 -128 -128 -128 -128 -128 -128 -128 -128 -128 -128 16.71315 15.36983 17.47433 17.9963 18.26624 17.97564 16.2553 15.07221 14.70698 13.47449 13.81481 14.0221 14.1013 14.51214 14.88729 15.60217 16.13807 16.03582 16.66603 16.99006 17.05194 17.08213 16.95413 16.50887 16.42303 16.42511 16.26863 15.50031 13.96842 12.57675 10.62578 9.343239 8.975251 9.394284 9.288595 9.015054 9.144541 9.224606 9.493712 10.42646 12.69403 15.80526 16.35373 15.36455 16.10612 15.65569 15.27918 15.0294 14.9979 15.4797 16.3676 16.90065
-128 -128 -128 -128 -128 -128 -128 -128 -128 -128 -128 -128 -128 -128 -128 -128 -128 -128 -128 -128 -128 -128 -128 -128 16.55679 16.10151 15.81054 17.36531 17.87235 18.15174 16.77331 15.41942 13.81947 13.78007 13.68759 14.32863 14.05578 13.70448 14.61697 15.28444 15.86545 16.41864 16.97696 16.65389 16.15766 16.43561 16.64648 16.23099 16.1983 15.69093 15.5065 15.77631 14.92097 13.23575 11.89791 10.47967 8.98923 8.587 9.50292 9.603776 9.952724 9.957204 9.847758 10.0329 11.9075 15.05611 16.58911 16.05295 15.93856 16.37244 16.32698 16.1245 15.59474 15.28565 15.7043 16.54416 17.17325
-128 -128 -128 -128 -128 -128 -128 -128 -128 -128 -128 -128 -128 -128 -128 -128 -128 -128 -128 -128 -128 -128 -128 -128 16.51653 15.76164 16.28904 17.07911 17.54923 17.49201 16.4167 14.54843 13.41611 13.16883 14.00922 14.34967 14.37522 14.28605 15.13799 15.95508 16.36033 16.70011 16.36567 15.95746 16.05113 16.20121 16.03317 16.03701 15.99195 15.60828 16.13706 15.83382 14.58402 12.70866 11.40528 10.14053 8.382917 8.906778 9.304321 9.617242 9.986496 9.959461 9.790949 10.38177 13.2132 15.65646 16.54624 15.99168 16.22281 16.30173 16.50113 16.56426 16.29157 15.97406 16.02512 16.58745 17.35178
-128 -128 -128 -128 -128 -128 -128 -128 -128 -128 -128 -128 -128 -128 -128 -128 -128 -128 -128 -128 -128 -128 -128 -128 16.3813 16.0546 16.29867 16.68226 17.33438 17.02765 15.94226 15.20729 13.9155 13.06429 14.54689 14.48129 13.88354 14.47929 15.80232 16.50267 16.8123 16.00685 15.68938 16.10176 16.56458 16.32269 15.37309 15.00351 15.62556 16.48181 16.62442 15.91047 14.69214 12.89311 11.77326 10.5756 8.469887 8.327086 9.026041 9.608266 10.0929 10.04795 9.765189 10.94077 14.04661 15.81769 16.30705 15.92706 16.14125 16.39929 16.51515 16.50808 16.50563 16.50112 16.59258 16.85896 17.29115
-128 -128 -128 -128 -128 -128 -128 -128 -128 -128 -128 -128 -128 -128 -128 -128 -128 -128 -128 -128 -128 -128 -128 -128 16.23649 15.82445 16.02684 16.41028 16.93653 16.863 16.3908 15.01888 13.15343 14.20653 14.67241 14.4533 14.26297 15.6132 16.17734 16.19653 16.10959 15.30856 15.82362 16.56189 16.56087 16.67867 16.46728 16.22521 15.86042 16.78465 16.41629 15.99485 14.93696 13.52504 12.82242 11.586 9.477095 9.361276 9.56751 10.29358 10.7167 10.25127 9.913086 11.42226 14.42129 15.92535 15.9061 16.03249 16.11959 16.34435 16.32983 16.33478 16.42132 16.35019 16.66209 17.11518 17.33399
-128 -128 -128 -128 -128 -128 -128 -128 -128 -128 -128 -128 -128 -128 -128 -128 -128 -128 -128 -128 -128 -128 -128 -128 16.05905 15.61267 16.02207 16.73601 16.68176 15.87971 15.02644 13.94048 13.99521 15.17694 15.29036 14.97274 15.57902 15.92797 16.03408 16.23318 15.91855 15.61019 15.71413 15.67744 15.30028 14.96837 15.8595 16.75466 16.81121 16.1977 15.54985 15.18117 14.39537 13.77363 13.25126 11.17471 10.484 10.9794 11.57405 12.06146 11.67299 10.78356 9.991764 11.70304 14.60551 15.99541 15.82597 16.23025 16.41388 16.35109 16.34244 16.21945 16.31889 16.48452 16.73258 17.12138 17.37738
-128 -128 -128 -128 -128 -128 -128 -128 -128 -128 -128 -128 -128 -128 -128 -128 -128 -128 -128 -128 -128 -128 -128 -128 15.63793 12.72161 15.95685 17.31818 17.26284 15.63084 13.72569 13.79385 15.19559 15.98939 15.03651 14.87966 15.54731 15.80461 15.93187 16.25293 16.10488 15.75002 15.39772 15.04755 14.88802 14.64237 14.83449 15.41505 15.81542 15.36868 14.74008 13.82308 13.98744 14.07179 13.73554 12.29637 10.98617 10.97186 12.02661 12.50982 12.23964 11.38174 10.52809 11.9854 14.71768 16.04339 16.18619 16.56426 16.43915 16.21495 16.29093 16.35016 16.33327 16.50654 16.83976 17.48161 17.48637
-128 -128 -128 -128 -128 -128 -128 -128 -128 -128 -128 -128 -128 -128 -128 -128 -128 -128 -128 -128 -128 -128 -128 -128 15.55782 15.21555 16.77415 -128 17.81517 16.01134 13.34613 14.15594 15.79895 15.6724 14.75721 14.07597 15.03081 15.49501 15.58412 16.70116 17.10506 16.54711 15.33506 14.99844 15.71675 15.01596 14.80058 15.01033 15.35796 15.40373 14.93182 14.29021 14.78783 14.86103 14.47371 13.41055 11.83228 11.76918 11.94949 12.1064 12.27137 11.83251 11.07259 11.75165 14.59772 16.06091 16.39628 16.44436 16.32855 16.24697 16.17938 16.18433 16.2606 16.45368 16.8788 17.42434 17.41516
-128 -128 -128 -128 -128 -128 -128 -128 -128 -128 -128 -128 -128 -128 -128 -128 -128 -128 -128 -128 -128 -128 -128 -128 -128 -128 -128 -128 17.74767 16.57715 13.06564 14.85768 15.87072 15.07888 14.68228 13.71405 13.97771 14.79191 15.05448 17.54807 18.17912 17.74096 16.62909 16.30817 16.45712 15.64631 15.8057 15.38377 14.8721 15.61639 15.47874 15.61456 15.73367 15.2245 14.60329 12.99088 11.77089 11.78145 11.76549 11.89162 12.27517 11.60237 10.45132 11.62534 14.26639 15.86579 16.20818 16.29974 16.20531 16.10348 16.08059 15.95313 16.03573 16.29978 16.70049 17.29618 17.24528
-128 -128 -128 -128 -128 -128 -128 -128 -128 -128 -128 -128 -128 -128 -128 -128 -128 -128 -128 -128 -128 -128 -128 -128 -128 -128 -128 -128 17.48837 16.46852 14.1978 15.24896 15.36741 14.77985 14.0803 13.81333 13.55728 14.74311 15.9773 17.3335 17.69642 17.52759 17.10134 16.89361 16.76318 16.6368 16.2187 15.15824 14.47159 14.72054 14.98381 15.60342 15.57043 14.514 13.25957 11.74449 12.2307 12.99108 13.18009 13.28463 12.61183 11.62563 10.57864 10.9386 13.92983 15.54014 15.99165 16.12317 16.05413 15.72857 15.86432 15.827 15.85381 16.08261 16.5895 17.1807 16.47928
-128 -128 -128 -128 -128 -128 -128 -128 -128 -128 -128 -128 -128 -128 -128 -128 -128 -128 -128 -128 -128 -128 -128 -128 -128 -128 -128 -128 17.17622 15.06007 13.84938 15.31196 15.26925 15.01273 14.76698 15.14766 14.95593 15.97621 16.85946 16.87555 17.19579 17.22772 17.28042 16.96819 16.0954 16.06283 15.23664 15.01869 14.41924 14.02897 14.57845 15.26752 14.68444 13.0804 11.5818 11.40886 12.57443 13.35048 13.58235 13.14118 12.07965 11.20689 11.13553 10.79294 13.42838 15.16308 15.55168 15.93514 15.5218 14.71539 15.60457 15.70046 15.53728 15.85463 16.49551 16.58059 15.54359
-128 -128 -128 -128 -128 -128 -128 -128 -128 -128 -128 -128 -128 -128 -128 -128 -128 -128 -128 -128 -128 -128 -128 -128 -128 -128 -128 -128 15.81076 14.66122 14.14521 15.29811 15.47408 15.7706 15.99137 16.38546 16.59748 16.87013 17.00245 16.96806 17.15739 17.26054 17.26292 16.57714 16.01686 16.18851 15.13452 14.85391 14.94886 14.61328 15.60703 15.15187 13.93881 11.94429 11.93614 11.78432 12.86744 13.53964 13.06388 11.83391 9.915972 8.821105 9.387105 9.633118 12.66026 14.59776 15.09012 15.50153 14.31861 13.46786 14.97348 15.36132 15.30707 15.44827 16.10446 15.75657 14.32108
-128 -128 -128 -128 -128 -128 -128 -128 -128 -128 -128 -128 -128 -128 -128 -128 -128 -128 -128 -128 -128 -128 -128 -128 -128 -128 15.79869 15.19679 15.30345 14.47182 15.56806 15.68506 15.25566 15.39241 15.60326 16.14346 16.67324 17.05305 17.08118 17.09585 17.37654 17.53524 17.29289 16.21012 14.94576 15.99383 15.52526 16.22589 16.32894 15.59161 15.78599 14.97123 13.48275 11.06159 11.8119 12.75191 12.7615 13.49095 12.58146 10.13898 8.93836 8.648765 7.822442 8.689138 12.18145 14.31405 14.99762 15.01916 13.83829 12.88358 14.42031 15.51344 15.76315 15.71582 16.20608 15.38438 13.57715
-128 -128 -128 -128 -128 -128 -128 -128 -128 -128 -128 -128 -128 -128 -128 -128 -128 -128 -128 -128 -128 -128 -128 -128 -128 -128 16.10776 13.27625 14.3796 14.68329 15.72526 15.91668 14.97961 15.25114 15.21921 15.31163 15.92028 17.0378 17.25139 17.18645 17.50794 17.82012 17.73761 16.52135 15.0091 16.36961 17.37823 17.48222 16.74545 15.74755 15.53231 14.4835 12.21127 10.23861 11.12982 12.41672 11.52776 12.55101 12.41698 9.520411 9.345756 9.091962 8.29691 9.083147 12.64159 14.76176 14.99948 14.08686 12.73487 11.85374 13.48627 14.62257 15.93895 15.72836 15.93275 14.69515 12.73344
-128 -128 -128 -128 -128 -128 -128 -128 -128 -128 -128 -128 -128 -128 -128 -128 -128 -128 -128 -128 -128 -128 -128 -128 -128 -128 16.50082 14.00501 13.73427 14.1475 15.25838 16.33953 15.28486 15.05228 15.40222 14.91706 15.48984 16.9297 17.56746 17.40186 17.68511 17.85049 18.08954 17.79168 17.20208 17.70496 17.87398 17.64416 15.99206 15.62865 14.71426 13.4847 11.47586 11.04185 11.33582 10.83099 10.59925 11.93989 12.47547 9.968175 9.496677 8.722237 7.984801 9.001715 12.99622 14.85228 14.3396 12.77564 11.13594 11.27688 11.83481 13.2749 14.99063 14.86207 14.63175 13.12651 10.92629
-128 -128 -128 -128 -128 -128 -128 -128 -128 -128 -128 -128 -128 -128 -128 -128 -128 -128 -128 -128 -128 -128 -128 -128 -128 -128 17.00775 14.3046 13.14233 14.45271 15.66964 16.59794 15.94047 15.263 15.56007 15.41419 15.43902 16.69975 17.62539 17.8777 17.93284 18.12389 18.31394 18.30975 18.19283 18.17878 17.81929 17.54819 16.92921 16.03633 14.52927 12.38917 11.85981 12.51028 11.96685 11.05665 11.06115 12.28978 12.41117 10.71057 9.585484 8.852916 8.084091 9.671762 12.90913 13.97016 12.71714 10.41802 9.245615 9.842053 10.12202 11.38056 13.28498 13.71832 13.08192 11.67408 9.092023
-128 -128 -128 -128 -128 -128 -128 -128 -128 -128 -128 -128 -128 -128 -128 -128 -128 -128 -128 -128 -128 -128 -128 -128 -128 -128 17.28922 14.39835 13.71528 15.1147 15.1401 17.10796 16.55386 15.95027 15.85999 15.31226 15.14436 16.22263 17.46414 17.82451 17.97963 17.88385 18.12889 18.35961 18.08409 17.88232 17.00858 16.98222 16.74559 15.65528 14.53346 13.3432 13.38189 13.24296 12.44822 11.75983 11.93348 12.49572 12.11487 11.29801 9.983626 8.87016 8.926884 9.490979 12.28112 13.0508 11.47315 9.007351 7.951017 8.469622 8.966008 9.86307 11.56753 12.30423 11.78885 10.3604 7.404589
-128 -128 -128 -128 -128 -128 -128 -128 -128 -128 -128 -128 -128 -128 -128 -128 -128 -128 -128 -128 -128 -128 -128 -128 -128 -128 17.59477 13.12594 13.6895 14.57532 14.96148 17.10246 16.45399 15.92742 15.81921 15.97257 16.30194 16.56967 17.29969 16.83391 17.97089 17.76131 17.78056 18.04866 18.29544 18.27606 17.79388 17.40686 16.63936 15.82429 15.15711 14.65972 13.80314 13.22179 12.33659 11.92799 12.04145 11.67277 10.6534 9.506513 8.079261 8.510283 9.170918 8.822506 11.44592 12.40377 10.66859 8.373838 8.02974 8.44725 8.979057 9.500009 11.45522 11.28232 10.82292 9.060477 6.493711
-128 -128 -128 -128 -128 -128 -128 -128 -128 -128 -128 -128 -128 -128 -128 -128 -128 -128 -128 -128 -128 -128 -128 -128 -128 -128 18.08412 14.58952 12.44029 13.77753 15.00068 16.74257 17.0529 17.13378 17.10883 17.32873 17.67151 18.06458 18.07321 17.74753 18.01218 17.59663 17.81291 17.85594 17.19666 18.2764 18.10635 17.79418 16.91761 16.29335 15.93448 14.96673 13.38145 12.81121 11.63268 11.53653 11.06866 9.784299 8.119406 7.133571 7.748518 8.854709 9.370112 9.392406 11.28876 11.79431 9.52564 7.691092 8.328233 8.968971 9.947421 10.64652 11.43905 9.856949 9.66272 7.795226 5.503293
-128 -128 -128 -128 -128 -128 -128 -128 -128 -128 -128 -128 -128 -128 -128 -128 -128 -128 -128 -128 -128 -128 -128 -128 -128 -128 18.13014 14.71551 12.40765 13.59383 15.33327 16.15195 16.10188 17.64123 17.37802 17.53392 18.05308 17.77057 17.78643 17.93363 17.83864 17.65684 17.92787 18.0075 17.02596 17.42315 16.95762 17.55824 17.4565 16.98562 16.37839 15.28786 13.72095 12.62505 10.97177 10.01909 9.548866 7.717051 5.918177 5.705334 7.820306 8.897485 9.328172 9.457562 10.57343 10.97845 8.956846 7.738559 8.746303 9.753195 10.47369 11.16611 10.49072 8.706863 7.062799 4.695551 2.78857
-128 -128 -128 -128 -128 -128 -128 -128 -128 -128 -128 -128 -128 -128 -128 -128 -128 -128 -128 -128 -128 -128 -128 -128 -128 -128 18.4198 14.84033 13.21169 13.05932 15.05033 15.28175 15.23163 17.35846 17.65559 16.18414 16.79311 17.89061 17.85096 17.96914 17.8916 17.92023 18.1951 18.18063 17.73092 17.07376 15.65627 16.70136 16.8222 16.08018 15.39938 14.41585 12.43818 11.20268 10.53657 8.609157 8.042133 7.29494 5.807116 5.99098 7.844579 9.184582 9.364121 8.428885 8.99738 9.068062 8.949609 8.447294 9.358871 10.47413 10.59311 10.41579 8.78781 6.877722 2.409461 -1.443794 -1.068187
-128 -128 -128 -128 -128 -128 -128 -128 -128 -128 -128 -128 -128 -128 -128 -128 -128 -128 -128 -128 -128 -128 -128 -128 -128 -128 17.83404 13.68083 13.06766 13.27965 14.17636 14.5879 14.72583 16.39857 17.56815 16.37562 17.02906 17.76257 17.78075 17.81226 17.82619 17.92858 18.13166 18.23728 17.78575 16.74241 15.93287 15.70844 16.03803 15.47778 14.56458 13.03305 10.83811 9.533629 8.799371 7.783851 7.8772 7.807692 7.361929 7.441898 8.439517 9.283228 9.148343 8.398133 7.56413 6.240184 6.658931 7.672734 9.451682 10.42176 10.67838 9.661818 7.595149 4.303479 -2.144644 -4.012441 0.1355468
-128 -128 -128 -128 -128 -128 -128 -128 -128 -128 -128 -128 -128 -128 -128 -128 -128 -128 -128 -128 -128 -128 -128 -128 -128 -128 17.19529 13.23483 12.08645 12.29257 12.91655 13.91766 13.8434 15.95021 16.55877 17.33443 17.85456 17.76731 17.56542 17.83565 17.77696 17.73581 18.01197 18.02858 17.08903 16.23627 15.78379 15.31429 15.31039 14.70037 14.33539 12.81511 10.99919 9.591956 8.263614 8.042253 8.204437 7.072181 6.116656 6.588477 8.805146 9.367393 9.316422 7.94684 5.692597 4.378332 4.631471 7.024345 9.345953 10.15945 9.892507 8.114953 6.931028 3.702298 0.2358031 -0.3901076 2.631112
