formato/VCI/bioclim_19.asc
ncols         186
nrows         781
xllcorner     -75.7
yllcorner     -56.55
cellsize      0.05
NODATA_value  -9999
[rows 136 to 169 of 781, columns 77 to 153 of 186]
-128 -128 -128 -128 -128 -128 -128 -128 -128 -128 -128 -128 -128 -128 -128 -128 -128 -128 -128 -128 -128 -128 -128 -128 -128 -128 44.79033 37.75511 29.13495 25.89299 28.82435 33.56972 32.03364 39.59585 41.00776 43.50051 46.10148 47.29177 46.08356 45.25037 45.27613 45.75226 45.7975 46.08095 43.9283 40.37126 41.12744 39.1399 36.79546 33.5252 31.96531 30.87516 27.35038 20.03533 15.36865 16.55456 12.04676 10.86547 12.31692 15.79428 18.26004 18.19128 17.37115 13.15385 5.547824 2.254448 3.950678 12.58998 17.14624 18.44288 15.98858 11.09648 8.779435 1.72135 -5.890296 -17.24839 -5.415611
-128 -128 -128 -128 -128 -128 -128 -128 -128 -128 -128 -128 -128 -128 -128 -128 -128 -128 -128 -128 -128 -128 -128 -128 -128 48.32248 43.53172 37.73293 30.59603 25.73071 24.19447 30.36283 28.59036 34.68113 38.46111 39.75815 43.25005 46.56579 46.5022 45.1308 44.82932 44.80157 45.46015 45.30997 40.97668 41.23444 41.41784 39.7986 36.78885 33.03951 31.85357 32.4253 27.7425 21.39796 19.04703 15.87246 8.716822 12.39295 15.42093 18.33076 18.57297 17.67775 15.89762 12.93899 9.015246 5.9574 2.218527 9.956391 13.49143 14.56375 8.281723 -3.381613 -10.08293 0.638797 -7.030764 -128 -128
-128 -128 -128 -128 -128 -128 -128 -128 -128 -128 -128 -128 -128 -128 -128 -128 -128 -128 -128 -128 -128 -128 -128 -128 -128 48.61094 41.70661 30.75825 32.79094 30.77414 28.35061 29.8484 27.12459 30.75576 30.31885 31.38371 34.33535 44.40327 46.90199 44.94612 44.46349 43.57947 43.80039 43.7187 41.49564 41.80494 39.90325 40.01604 38.42813 36.0036 36.05882 34.85956 28.01925 21.39754 20.41869 14.88946 11.30869 14.18534 16.85817 18.46917 18.22083 17.62454 16.0914 11.79911 7.527077 5.867394 -1.937247 4.324071 7.118545 8.405487 7.550475 -1.12979 -4.325982 -128 -128 -128 -128
-128 -128 -128 -128 -128 -128 -128 -128 -128 -128 -128 -128 -128 -128 -128 -128 -128 -128 -128 -128 -128 -128 -128 -128 -128 48.04119 36.44279 27.16282 27.2369 27.08586 30.43975 30.92051 29.96976 29.89671 30.18048 27.88107 31.36314 42.10371 45.03658 44.5878 44.5233 43.52663 42.86507 41.90108 41.52084 42.2711 40.67645 39.84716 40.91517 40.08284 38.7728 33.96319 22.76433 17.18696 18.77214 14.44381 14.66311 15.85161 18.02725 18.37452 17.65419 16.803 14.35454 10.01792 2.942944 1.301841 -3.445284 -3.250354 -3.099277 -7.56474 -1.537115 4.914254 -128 -128 -128 -128 -128
-128 -128 -128 -128 -128 -128 -128 -128 -128 -128 -128 -128 -128 -128 -128 -128 -128 -128 -128 -128 -128 -128 -128 -128 -128 46.88036 35.88685 26.66792 28.55081 25.5309 29.38831 28.14845 27.55717 29.1528 30.04253 26.97215 32.2804 40.39081 43.10332 43.67055 44.41268 44.08179 42.64955 41.77888 41.56821 42.04137 42.52383 41.86313 40.78775 39.54101 35.981 31.59566 23.05393 14.74996 15.87777 16.09594 17.24722 17.60944 17.58841 17.44527 16.8472 15.52623 12.29009 8.313991 0.854322 -3.529487 -4.530194 -6.93392 -8.831756 -7.198551 -128 -128 -128 -128 -128 -128 -128
-128 -128 -128 -128 -128 -128 -128 -128 -128 -128 -128 -128 -128 -128 -128 -128 -128 -128 -128 -128 -128 -128 -128 -128 -128 48.61404 41.36263 31.78298 28.55682 28.19044 31.31189 27.23782 25.26092 25.69404 25.0307 25.09655 31.24721 36.36808 39.64019 39.87392 42.47939 43.29182 41.62183 41.56183 41.63565 41.9741 40.9193 39.83957 40.25505 37.51239 29.34119 24.69117 22.01789 13.25706 15.29806 17.32388 19.30604 17.85341 17.88876 17.13717 16.38885 14.82459 10.15126 6.160228 2.683918 -1.803476 -8.674614 -9.837155 -7.113253 -128 -128 -128 -128 -128 -128 -128 -128
-128 -128 -128 -128 -128 -128 -128 -128 -128 -128 -128 -128 -128 -128 -128 -128 -128 -128 -128 -128 -128 -128 -128 -128 -128 49.09803 33.45236 28.86427 24.98638 24.87508 30.30692 27.42276 25.3702 29.00308 29.00914 30.31731 32.39102 32.11085 33.41862 35.03911 39.09607 41.8801 41.71898 40.90242 40.72 41.43961 40.46227 38.62389 39.31131 35.16091 25.62824 19.02259 17.90188 10.34775 15.18128 18.24182 19.39504 18.12373 18.58611 16.67169 15.33317 12.8898 7.968348 2.784973 0.9015248 -3.079488 -10.81531 -13.15573 -8.573708 -128 -128 -128 -128 -128 -128 -128 -128
-128 -128 -128 -128 -128 -128 -128 -128 -128 -128 -128 -128 -128 -128 -128 -128 -128 -128 -128 -128 -128 -128 -128 -128 -128 47.97318 31.09589 27.09672 25.46956 25.909 29.04032 26.69071 28.14674 31.15296 32.65497 33.07417 32.44507 30.42246 31.21736 32.81147 36.61391 40.01012 40.26899 40.5463 39.93437 40.38867 40.03352 39.21302 38.25063 33.22866 25.13708 16.83695 15.2267 7.587831 12.33259 16.98512 18.51695 19.45053 18.12906 14.2325 13.68779 11.2453 7.290866 1.37547 -3.618175 -11.34899 -17.05437 -10.67259 -128 -128 -128 -128 -128 -128 -128 -128 -128
-128 -128 -128 -128 -128 -128 -128 -128 -128 -128 -128 -128 -128 -128 -128 -128 -128 -128 -128 -128 -128 -128 -128 -128 -128 47.66037 33.64014 25.99329 25.25259 27.22874 28.89783 27.92359 30.75626 33.42414 32.98202 32.83303 31.89901 31.97808 32.82755 33.67889 35.45081 38.07848 38.14249 39.04274 38.66763 38.38976 39.0374 38.58392 35.3577 26.43401 22.47537 20.81853 15.40388 5.385607 7.933778 15.79509 19.51709 19.01598 17.76627 14.08938 11.4478 9.115101 5.229778 -2.019992 -8.263052 -20.02742 -27.58752 -128 -128 -128 -128 -128 -128 -128 -128 -128 -128
-128 -128 -128 -128 -128 -128 -128 -128 -128 -128 -128 -128 -128 -128 -128 -128 -128 -128 -128 -128 -128 -128 -128 -128 -128 48.78588 37.20058 22.46915 22.91894 28.60047 30.9502 31.56808 32.91069 31.84467 31.2732 31.30334 31.52263 31.39062 32.41958 32.69736 34.33598 36.66979 37.59175 37.35796 35.69498 33.12015 36.77308 36.4447 32.87538 24.06492 23.27027 23.01353 16.84627 7.133303 5.099765 13.89161 18.87796 19.92945 18.63209 13.44512 9.208109 7.536906 4.600486 -0.516794 -6.407637 -12.75393 -14.47207 -128 -128 -128 -128 -128 -128 -128 -128 -128 -128
-128 -128 -128 -128 -128 -128 -128 -128 -128 -128 -128 -128 -128 -128 -128 -128 -128 -128 -128 -128 -128 -128 -128 -128 -128 -128 41.02491 24.28268 22.00607 29.64891 32.4598 29.58804 28.66159 29.6817 30.34359 29.98255 30.54733 30.78814 30.66888 31.28668 32.1054 34.0781 35.05682 34.77171 32.39249 31.19089 33.92683 34.70958 32.07895 24.60589 25.24075 23.48585 18.80983 11.5724 5.38401 11.70966 16.52882 18.5383 17.7154 11.24031 6.364273 4.338447 1.757867 -0.6971166 -3.040361 -7.759917 -14.60489 -128 -128 -128 -128 -128 -128 -128 -128 -128 -128
-128 -128 -128 -128 -128 -128 -128 -128 -128 -128 -128 -128 -128 -128 -128 -128 -128 -128 -128 -128 -128 -128 -128 -128 -128 -128 47.59198 28.5032 26.6409 31.05581 32.33107 31.48063 31.59215 31.59832 31.24695 30.77217 29.57142 30.29672 30.5984 30.27116 30.90622 31.30227 32.23522 31.5224 29.22405 27.96804 31.57273 32.77489 31.39923 28.34591 26.66949 23.30166 18.46793 12.01115 5.587903 9.918499 13.7176 15.29284 12.69221 5.954387 4.402536 2.681427 -0.8996174 -5.923409 -2.896505 -10.15753 -13.25407 -9.024761 -128 -128 -128 -128 -128 -128 -128 -128 -128
-128 -128 -128 -128 -128 -128 -128 -128 -128 -128 -128 -128 -128 -128 -128 -128 -128 -128 -128 -128 -128 -128 -128 -128 -128 -128 47.60545 36.50842 31.60576 33.76058 32.6295 28.30124 29.34493 28.07248 28.32203 28.05796 28.03021 29.80166 31.80754 30.3563 29.27089 29.40676 29.72532 28.78211 25.51487 24.27924 27.76478 29.53053 29.70958 27.24463 25.16037 23.06594 17.9391 7.282569 4.73892 7.924866 10.48022 11.41003 7.136225 3.554515 3.605719 3.594787 -0.0517526 -4.45544 2.62856 -4.730289 -6.331111 -10.1446 -8.027841 -128 -128 -128 -128 -128 -128 -128 -128
-128 -128 -128 -128 -128 -128 -128 -128 -128 -128 -128 -128 -128 -128 -128 -128 -128 -128 -128 -128 -128 -128 -128 -128 -128 -128 48.73539 48.94843 36.7014 34.23898 31.21586 29.96328 25.61665 25.5196 28.30108 28.78066 30.5408 32.39603 33.81725 32.45081 30.34042 27.56632 28.16589 26.55367 23.87039 21.15167 24.94223 27.25242 27.24252 25.57899 23.07256 19.4123 15.40062 4.112578 3.518549 5.928925 7.114423 5.350941 4.287559 3.225317 4.356025 4.594558 3.583697 3.751251 6.599782 -2.509071 -8.789167 -9.638235 -10.81827 -128 -128 -128 -128 -128 -128 -128 -128
-128 -128 -128 -128 -128 -128 -128 -128 -128 -128 -128 -128 -128 -128 -128 -128 -128 -128 -128 -128 -128 -128 -128 -128 -128 -128 -128 49.1136 36.94749 34.19878 33.00095 31.10103 26.48141 27.07602 30.39079 32.07121 33.54507 33.85097 34.46618 33.87158 30.43552 28.7263 27.71144 26.54905 24.10743 22.22482 21.62834 24.88768 25.00682 23.50721 20.55899 15.90793 9.701577 1.821143 3.060577 4.467054 3.241412 3.403191 4.459118 4.772454 5.055056 2.341907 -1.075676 4.863855 6.458457 0.03235914 -9.208747 -10.93773 -13.74716 -12.44754 -128 -128 -128 -128 -128 -128 -128
-128 -128 -128 -128 -128 -128 -128 -128 -128 -128 -128 -128 -128 -128 -128 -128 -128 -128 -128 -128 -128 -128 -128 -128 -128 -128 46.40733 43.69419 33.31176 31.75552 30.13097 30.18242 30.41738 30.22107 31.44697 34.20269 34.15947 34.19064 34.3375 34.28584 30.62939 28.03063 29.07505 27.84137 24.8391 23.81745 23.20145 24.29266 23.20026 20.12083 16.06505 11.83743 2.649177 -1.166733 1.62712 2.447266 2.583688 3.3844 4.206443 5.282463 5.947775 1.108691 -6.801317 1.041441 3.06725 -3.343322 -4.926741 -6.609715 -10.92589 -16.10639 -128 -128 -128 -128 -128 -128 -128
-128 -128 -128 -128 -128 -128 -128 -128 -128 -128 -128 -128 -128 -128 -128 -128 -128 -128 -128 -128 -128 -128 -128 -128 -128 -128 45.3508 46.60014 36.28815 32.14198 30.93822 30.88566 31.42881 30.74995 33.42399 35.00195 35.28868 36.81409 36.74418 36.81378 35.49655 31.72841 31.11378 30.34471 29.30997 28.26071 26.76709 25.27662 22.57032 18.64612 12.25258 3.750627 -4.17942 -1.912809 1.305701 1.880798 1.923043 2.610927 3.653682 4.741069 6.152387 6.816233 6.080053 1.09423 -3.036841 -4.620708 -8.162601 -9.770505 -9.357793 -11.98177 -13.46604 -128 -128 -128 -128 -128 -128
-128 -128 -128 -128 -128 -128 -128 -128 -128 -128 -128 -128 -128 -128 -128 -128 -128 -128 -128 -128 -128 -128 -128 -128 -128 -128 -128 47.8585 41.17868 34.99557 34.74865 34.23944 32.19607 32.19923 34.31492 36.18855 37.27346 37.74833 36.36492 37.07606 35.94514 32.79105 33.10081 32.26226 32.35597 30.89029 26.60067 25.63754 22.76992 18.29437 11.1982 -1.302288 -6.771614 -2.720125 0.01226538 0.1476773 0.4139791 2.000122 2.984677 4.402792 5.000464 5.818923 5.85359 1.560619 -2.258173 -9.318547 -16.77109 -13.8328 -128 -128 -128 -128 -128 -128 -128 -128 -128
-128 -128 -128 -128 -128 -128 -128 -128 -128 -128 -128 -128 -128 -128 -128 -128 -128 -128 -128 -128 -128 -128 -128 -128 -128 -128 -128 -128 42.77916 34.3168 33.6061 33.16872 34.48103 35.42511 36.44752 35.88387 37.20959 36.49994 35.158 36.05077 35.15644 33.8632 33.75887 33.15936 32.73644 31.46783 27.93447 26.81011 23.75774 19.38418 13.42827 4.696559 -2.235505 -2.65624 -0.7118887 -1.252135 -1.264061 0.8955433 3.32574 4.973877 6.156566 3.694701 3.208481 1.229397 -6.559677 -15.36919 -18.13161 -128 -128 -128 -128 -128 -128 -128 -128 -128 -128
-128 -128 -128 -128 -128 -128 -128 -128 -128 -128 -128 -128 -128 -128 -128 -128 -128 -128 -128 -128 -128 -128 -128 -128 -128 -128 -128 46.50585 40.63859 35.61133 37.7833 36.32891 35.3606 36.24374 36.2505 35.9585 36.80446 33.6381 34.00092 34.72522 35.28413 34.52518 33.26407 33.8919 33.66389 33.15073 31.42991 28.85639 24.87923 20.61648 15.62443 9.204262 2.887124 -3.129868 -0.6950987 -1.22825 -1.232424 0.9132459 3.598597 4.984107 5.984582 -2.174804 -2.215903 -0.8129694 -4.115007 -12.29466 -16.10662 -128 -128 -128 -128 -128 -128 -128 -128 -128 -128
-128 -128 -128 -128 -128 -128 -128 -128 -128 -128 -128 -128 -128 -128 -128 -128 -128 -128 -128 -128 -128 -128 -128 -128 -128 -128 -128 46.95088 38.12026 37.14253 35.74216 35.15607 32.95689 34.84351 35.07922 35.40515 35.06239 33.42233 32.94286 34.59695 36.06486 36.26414 35.82104 35.68935 35.2186 34.40102 32.85078 29.73275 25.4479 20.83068 17.21165 13.34254 8.165953 2.629162 1.213153 -1.467868 -1.933712 0.3097434 1.062499 3.509819 6.726099 4.45961 2.258202 0.09032989 -1.681759 -9.91256 -17.51382 -128 -128 -128 -128 -128 -128 -128 -128 -128 -128
-128 -128 -128 -128 -128 -128 -128 -128 -128 -128 -128 -128 -128 -128 -128 -128 -128 -128 -128 -128 -128 -128 -128 -128 -128 -128 44.63878 47.11563 40.44705 38.20987 37.81675 37.41807 36.96962 36.9873 35.76534 37.75377 36.02985 35.63685 35.77818 36.63475 36.6858 36.75753 36.825 36.15436 35.2365 34.16676 32.53131 30.01467 25.86455 20.1646 17.78813 15.22166 11.29587 9.202066 4.56917 0.9619935 -3.692048 -3.47093 -4.261733 -7.492432 3.688923 4.360921 -0.8104374 -0.9572723 -2.65341 -11.49283 -15.69641 -128 -128 -128 -128 -128 -128 -128 -128 -128 -128
-128 -128 -128 -128 -128 -128 -128 -128 -128 -128 -128 -128 -128 -128 -128 -128 -128 -128 -128 -128 -128 -128 -128 -128 -128 -128 44.02027 42.81033 38.36901 36.58835 37.20605 40.02361 39.85194 39.82261 40.52151 39.99318 38.79468 36.57629 35.7352 36.0032 36.44825 36.68122 37.12064 36.27571 34.93694 33.86226 31.99115 29.9804 26.66598 22.22743 19.84196 17.51952 14.35438 10.15799 7.404826 0.6156104 -4.457594 -2.56192 -2.519166 -0.06691922 4.764065 4.112568 -0.6057369 0.1244274 -9.154731 -17.41531 -128 -128 -128 -128 -128 -128 -128 -128 -128 -128 -128
-128 -128 -128 -128 -128 -128 -128 -128 -128 -128 -128 -128 -128 -128 -128 -128 -128 -128 -128 -128 -128 -128 -128 -128 -128 43.47683 42.91236 38.69342 39.55111 38.25381 40.34917 38.49036 37.82224 37.55034 37.80689 37.2269 35.37529 33.5132 34.474 34.56034 34.49763 36.32417 36.45146 36.4314 34.68645 32.19073 29.65468 27.25483 26.06875 23.45533 18.99955 16.25502 13.76268 10.57155 5.157926 -0.5946025 -7.11842 -3.900747 0.09885179 0.6116699 5.595916 2.948774 -5.117123 -5.052795 -6.231653 -11.30475 -128 -128 -128 -128 -128 -128 -128 -128 -128 -128 -128
-128 -128 -128 -128 -128 -128 -128 -128 -128 -128 -128 -128 -128 -128 -128 -128 -128 -128 -128 -128 -128 -128 -128 39.06501 39.02666 39.76101 38.24413 38.39742 38.48901 39.21197 38.47555 38.85974 39.20576 39.14667 38.55793 38.36813 38.27422 36.96688 35.51745 34.73436 34.4356 35.17652 35.67507 35.3765 34.25673 32.75149 29.12736 27.03275 23.95583 21.00218 18.39012 14.67263 11.61002 7.974603 4.427723 -0.5991607 -3.831398 -4.604007 0.853592 3.77952 5.039665 0.405812 -6.435508 -8.324134 -7.688856 -9.843746 -6.856672 -128 -128 -128 -128 -128 -128 -128 -128 -128 -128
-128 -128 -128 -128 -128 -128 -128 -128 -128 -128 -128 -128 -128 -128 -128 -128 -128 -128 -128 -128 -128 -128 -128 -128 38.46376 35.97292 38.34093 38.4262 37.27874 39.49401 38.51208 39.7285 39.86531 40.11847 40.38641 39.95663 38.56733 35.92455 34.14951 34.82455 34.54117 34.18064 34.89516 34.36591 33.46791 31.83138 29.50537 25.95618 21.61928 19.22782 17.5295 13.76905 9.319918 5.080383 -0.1709624 -4.533701 -3.082516 1.039106 1.245307 4.31487 5.745332 -0.3582632 -6.212627 -5.250463 -6.924193 -9.386269 -10.48128 -128 -128 -128 -128 -128 -128 -128 -128 -128 -128
-128 -128 -128 -128 -128 -128 -128 -128 -128 -128 -128 -128 -128 -128 -128 -128 -128 -128 -128 -128 -128 -128 -128 39.54842 38.52301 36.69621 39.37149 37.95961 37.3569 39.27162 39.59326 37.99087 37.7012 38.84892 38.94318 38.87642 37.98701 36.34739 34.66243 34.37189 34.90055 34.47642 35.89068 34.26466 32.61138 31.38215 28.87438 25.22072 20.14335 18.61068 17.88885 14.7886 9.692901 5.253068 -1.898358 -6.397034 -4.198617 1.390116 3.389989 3.905524 -2.176301 -6.944047 -6.092179 -2.501549 -3.420108 -9.969318 -13.40282 -128 -128 -128 -128 -128 -128 -128 -128 -128 -128
-128 -128 -128 -128 -128 -128 -128 -128 -128 -128 -128 -128 -128 -128 -128 -128 -128 -128 -128 -128 -128 -128 -128 36.34368 37.04263 39.14007 37.28782 35.60946 36.2234 38.6869 39.32317 38.26119 39.48168 39.37491 38.82505 38.39143 38.46432 36.91722 36.32147 36.15272 36.63072 36.84237 36.23405 35.01894 32.54262 30.48054 28.70049 24.30611 20.37422 20.20387 19.23713 15.92202 11.43193 7.880248 1.052476 -5.953844 -7.234345 -1.449382 2.895139 0.3262272 -4.239637 -7.794381 -5.243248 0.5209693 0.3577828 -1.413702 -11.87916 -12.60233 -128 -128 -128 -128 -128 -128 -128 -128 -128
-128 -128 -128 -128 -128 -128 -128 -128 -128 -128 -128 -128 -128 -128 -128 -128 -128 -128 -128 -128 -128 -128 -128 34.37928 31.97411 34.73301 37.27799 36.10254 36.45116 38.35827 39.61805 38.66936 39.08241 39.96623 39.76049 39.91119 39.28237 37.53626 37.87881 37.52219 37.61464 37.48945 35.44331 33.89198 30.60757 29.30602 29.2461 27.85643 24.4508 23.51527 21.14492 17.89428 12.66816 6.849096 0.4700484 -5.409969 -6.917529 -5.313367 0.09500143 3.962489 3.109358 -8.147799 -7.433425 -1.463737 0.8729157 -0.8751742 -7.338134 -13.42456 -128 -128 -128 -128 -128 -128 -128 -128 -128
-128 -128 -128 -128 -128 -128 -128 -128 -128 -128 -128 -128 -128 -128 -128 -128 -128 -128 -128 -128 -128 -128 36.50312 33.76446 30.25703 32.13984 36.77378 35.85928 36.15592 38.68917 40.69563 40.24768 40.10588 40.55207 41.13838 41.98665 41.48796 40.09674 39.09109 37.02976 36.44728 36.29456 36.30578 34.75293 32.24635 32.12888 31.39602 29.44773 26.67415 23.85796 20.58758 16.59135 12.52431 5.689432 -3.073736 -6.440507 -4.714885 -2.262981 6.404449 10.92984 6.006693 -5.315001 -7.073174 -4.424244 -0.7369199 -3.02418 -2.212408 -3.953457 -128 -128 -128 -128 -128 -128 -128 -128 -128
-128 -128 -128 -128 -128 -128 -128 -128 -128 -128 -128 -128 -128 -128 -128 -128 -128 -128 -128 -128 -128 -128 36.06557 33.58066 32.5443 32.56437 33.87968 34.95668 37.79255 38.83617 39.28983 39.30247 39.44359 39.47949 37.648 40.44022 40.10032 40.18856 38.39611 37.05444 34.53419 35.88314 37.71449 36.34234 35.23431 33.81914 31.58776 28.12305 25.30613 21.90275 16.29302 10.41678 6.607615 3.00914 -3.5966 -6.426629 -4.316877 -0.8172341 10.66108 11.03831 4.39114 -4.73562 -5.439331 0.9936052 -0.7782391 -5.030007 -1.160228 -2.248529 -4.979055 -128 -128 -128 -128 -128 -128 -128 -128
-128 -128 -128 -128 -128 -128 -128 -128 -128 -128 -128 -128 -128 -128 -128 -128 -128 -128 -128 -128 -128 -128 37.65276 34.83946 32.36641 31.27206 34.38225 36.54562 37.31294 38.7494 39.50594 40.16609 39.89503 39.98378 38.88614 40.2897 41.38377 41.84849 38.8131 38.27444 38.65416 38.80639 38.19028 37.24335 35.23348 33.036 30.13742 26.04285 23.78463 19.9419 15.08859 9.650966 6.661906 3.267169 -0.7333156 -4.667983 -5.227771 -1.205705 4.498422 2.881569 1.182591 -4.420728 -6.967413 -5.128478 -7.000257 -6.597666 -2.668831 -3.859766 -8.518136 -128 -128 -128 -128 -128 -128 -128 -128
-128 -128 -128 -128 -128 -128 -128 -128 -128 -128 -128 -128 -128 -128 -128 -128 -128 -128 -128 -128 -128 -128 -128 38.72768 34.6651 33.04996 34.84487 35.59714 36.01989 37.7066 38.33318 39.31578 39.32879 40.46874 40.12775 39.96271 41.47886 42.98491 41.61138 40.67659 41.00305 40.39481 39.70805 38.34857 36.45966 34.20029 31.20526 27.31336 24.89671 21.86866 18.5442 14.51576 8.99365 3.229797 0.02709663 -3.995563 3.112969 -0.1127217 -4.622458 -2.376598 -5.509101 -4.564586 -5.357625 -5.250835 -9.068497 -9.379885 -5.819157 -5.557046 -9.544846 -128 -128 -128 -128 -128 -128 -128 -128
-128 -128 -128 -128 -128 -128 -128 -128 -128 -128 -128 -128 -128 -128 -128 -128 -128 -128 -128 -128 -128 -128 -128 -128 34.98615 31.53045 33.2804 34.37349 35.76209 38.7476 39.5518 40.52316 39.58119 40.54342 40.83566 41.51174 43.28284 43.45512 43.04438 42.066 40.95425 39.85405 38.582 37.52737 35.55852 33.54153 31.56315 28.19698 24.16906 18.71338 13.07885 11.23898 9.60914 4.05983 0.603094 2.598597 3.320984 -3.848295 -10.17468 -7.063965 -5.098054 -3.505883 -1.479443 -1.597361 -7.178017 -11.65589 -6.96265 -5.874018 -6.89161 -128 -128 -128 -128 -128 -128 -128 -128
