formato/VCI/bioclim_3.asc
ncols         186
nrows         781
xllcorner     -75.7
yllcorner     -56.55
cellsize      0.05
NODATA_value  -9999
[rows 102 to 135 of 781, columns 77 to 153 of 186]
-128 -128 -128 -128 -128 -128 -128 -128 -128 -128 -128 -128 -128 -128 -128 -128 -128 -128 -128 -128 -128 -128 -128 -128 -128 -128 -128 -128 -128 -128 -128 48.0901 51.75187 65.16309 73.76733 76.81258 80.02619 79.67419 78.87756 81.4176 82.31442 81.2952 80.05299 79.16611 79.02979 79.84142 80.96396 81.18597 81.71774 81.88361 82.89198 82.22774 80.18074 79.13287 80.70354 79.7182 79.69203 78.98666 76.4481 80.21435 83.77129 83.41473 83.17385 82.46777 81.27824 81.13737 81.02885 79.38838 77.36341 77.79894 79.41069 78.55329 78.36069 76.98907 76.30963 75.44446 76.20059
-128 -128 -128 -128 -128 -128 -128 -128 -128 -128 -128 -128 -128 -128 -128 -128 -128 -128 -128 -128 -128 -128 -128 -128 -128 -128 -128 -128 -128 -128 -128 48.77108 52.73048 65.07459 70.71927 72.87141 78.93821 82.41721 81.14216 80.86019 81.50163 82.02396 80.78722 79.96004 80.11808 81.3809 81.64391 81.76669 81.96458 81.84586 82.67742 81.57994 80.1803 78.91119 80.30339 78.71706 77.70401 76.9575 77.44498 82.71946 85.23293 83.71239 82.78359 83.01297 81.90267 81.1159 80.66495 79.61026 78.6209 78.27576 78.8409 78.95294 77.76074 76.235 74.23411 75.35767 77.00931
-128 -128 -128 -128 -128 -128 -128 -128 -128 -128 -128 -128 -128 -128 -128 -128 -128 -128 -128 -128 -128 -128 -128 -128 -128 -128 -128 -128 -128 -128 -128 49.76821 53.26682 65.77133 68.96671 69.81435 74.9765 80.17482 82.73947 82.79119 81.78735 81.6841 80.90431 80.44969 81.24445 82.49549 82.62465 82.28059 82.16354 81.66711 82.91897 81.88027 80.81313 78.84876 78.60638 76.83023 73.57011 73.86866 79.34143 83.67767 84.94731 83.70822 83.12055 83.33263 82.5385 82.00751 81.38905 80.11951 78.34648 78.3857 77.86729 77.38027 76.83837 75.24717 74.59277 75.55925 75.83067
-128 -128 -128 -128 -128 -128 -128 -128 -128 -128 -128 -128 -128 -128 -128 -128 -128 -128 -128 -128 -128 -128 -128 -128 -128 -128 -128 -128 -128 -128 42.14832 49.98206 53.75941 67.94391 71.20285 70.33024 73.24733 79.47798 81.51417 82.67826 83.48615 82.91854 81.6291 82.01766 83.12704 83.7594 83.51852 82.71071 82.303 81.35211 82.2278 82.6155 80.10933 78.17175 77.70457 77.33811 74.23529 75.60374 81.01321 83.83764 85.63773 85.31286 84.51359 84.51641 83.55933 82.29266 81.17654 79.58281 78.18234 77.55173 76.33559 75.57604 74.47382 74.17992 72.18616 73.68527 74.23472
-128 -128 -128 -128 -128 -128 -128 -128 -128 -128 -128 -128 -128 -128 -128 -128 -128 -128 -128 -128 -128 -128 -128 -128 -128 -128 -128 -128 -128 -128 45.26473 52.37241 56.01961 69.42883 74.64246 75.95164 77.58514 80.3326 82.60596 82.66579 84.25816 84.36579 83.05602 83.28544 84.15296 84.57159 83.72444 82.63148 82.09846 81.18782 82.00117 82.57037 79.64422 78.057 78.18261 78.31223 78.35294 78.97438 81.29039 83.37993 86.37493 86.39495 85.7792 85.09522 84.02644 81.97636 80.4369 78.66493 77.29553 76.08513 74.76756 73.31351 72.63309 72.37016 70.91538 71.91271 73.33134
-128 -128 -128 -128 -128 -128 -128 -128 -128 -128 -128 -128 -128 -128 -128 -128 -128 -128 -128 -128 -128 -128 -128 -128 -128 -128 -128 -128 -128 -128 -128 56.6223 57.25877 70.48012 76.65106 77.71554 79.25653 79.75658 82.47958 83.74677 85.20284 85.02448 83.99804 84.07684 84.50729 84.60134 83.84464 83.37288 82.84773 81.6615 82.02578 82.61342 80.92459 79.67243 79.33825 79.71839 79.70686 79.2282 82.18636 85.48914 86.4508 85.45577 84.42831 84.45767 83.57215 81.49892 79.40147 78.03806 76.11731 74.56477 73.79186 72.33892 71.58746 71.05517 69.50763 71.36044 72.71128
-128 -128 -128 -128 -128 -128 -128 -128 -128 -128 -128 -128 -128 -128 -128 -128 -128 -128 -128 -128 -128 -128 -128 -128 -128 -128 -128 -128 -128 -128 50.62566 57.50843 56.90071 70.38918 75.67033 77.93149 80.38157 80.01772 81.64948 83.52441 85.92363 84.83543 84.56474 84.45192 84.55636 84.80499 84.90109 84.61246 83.82743 83.08887 83.06442 82.41415 81.59457 80.75475 80.56744 80.68022 80.96677 81.25237 83.41341 84.29665 83.99878 83.21597 82.15535 82.58838 82.37059 80.79036 78.67934 76.81933 75.29264 73.90843 72.9282 72.26471 71.93642 71.58827 70.38988 72.24686 73.67705
-128 -128 -128 -128 -128 -128 -128 -128 -128 -128 -128 -128 -128 -128 -128 -128 -128 -128 -128 -128 -128 -128 -128 -128 -128 -128 -128 -128 -128 -128 53.06943 55.5803 57.07841 71.08443 74.60548 78.54116 80.1796 80.6664 81.73797 84.12947 85.48428 84.23608 84.27694 84.22784 84.39214 84.68472 85.10369 85.35187 85.04642 83.99079 82.52963 82.35513 80.80244 80.91728 81.43399 80.18659 79.31081 80.96075 83.28228 83.57484 81.3684 81.17152 82.1236 82.43163 80.65477 79.21989 77.55446 75.91854 73.31759 72.44224 72.53379 72.61807 72.72154 72.10188 71.30405 72.83274 73.64107
-128 -128 -128 -128 -128 -128 -128 -128 -128 -128 -128 -128 -128 -128 -128 -128 -128 -128 -128 -128 -128 -128 -128 -128 -128 -128 23.71148 31.84428 -128 48.98313 55.98325 56.06728 63.20956 72.27964 74.28133 79.61665 79.02113 80.39819 82.42587 84.43732 84.63842 84.12148 84.34647 84.11316 84.2439 84.60291 84.41042 84.57339 84.3444 84.38741 82.94127 82.26507 81.3388 80.97414 81.70036 81.5766 80.02582 80.11007 82.55876 82.41375 78.82777 81.21986 82.19855 80.88245 79.21047 78.69238 76.77861 75.18124 71.87914 70.97765 71.29472 72.42729 72.67173 72.58925 71.98674 73.26879 73.24812
-128 -128 -128 -128 -128 -128 -128 -128 -128 -128 -128 -128 -128 -128 -128 -128 -128 -128 -128 -128 -128 -128 -128 -128 -128 23.55107 29.21342 40.01494 46.69138 52.44002 58.32119 58.10427 66.92975 72.94843 75.76102 79.4759 79.08421 79.7765 82.24703 84.54338 84.21404 84.69239 84.64964 84.66927 84.16216 83.84798 83.44411 83.63805 84.3336 84.6782 84.06117 82.39342 81.41293 81.86816 82.36189 82.1739 80.16608 78.95536 82.37632 82.87011 80.11256 81.47293 79.65875 76.79535 77.22344 77.81838 76.34225 74.92139 72.26272 70.24823 71.57312 71.9185 72.09646 72.36794 72.22779 73.65434 73.15806
-128 -128 -128 -128 -128 -128 -128 -128 -128 -128 -128 -128 -128 -128 -128 -128 -128 -128 -128 -128 -128 -128 -128 -128 -128 29.66059 36.67962 47.93308 52.18884 56.3178 60.27485 62.70346 68.73359 73.02669 76.23057 78.80029 81.11214 80.15115 82.60873 84.59948 83.43305 84.58123 84.81865 84.31006 84.08939 83.47559 83.46137 83.39191 83.82996 84.19729 83.18806 81.9073 81.70464 82.54569 82.58916 80.97797 79.8112 79.45547 83.68648 83.70794 82.77686 81.90909 79.19173 77.02748 76.5884 77.26064 76.83289 73.88473 71.20584 70.14656 71.29695 72.05016 72.19828 72.27243 71.71514 73.15797 73.04047
-128 -128 -128 -128 -128 -128 -128 -128 -128 -128 -128 -128 -128 -128 -128 -128 -128 -128 -128 -128 -128 -128 -128 -128 -128 35.21721 44.4241 52.67197 57.03439 60.11948 63.14599 64.4404 67.93687 72.94524 75.72449 79.5815 80.98158 80.78301 82.59986 84.8471 84.49193 85.28185 85.22545 85.17094 84.45164 83.8698 84.02646 84.40963 83.20386 82.22411 82.35548 82.77578 82.44148 82.0936 81.53478 79.98354 79.53957 81.17567 84.12383 84.08216 82.76768 81.82928 80.48209 79.41317 78.05853 77.38879 75.20084 72.21142 70.16558 70.0673 70.29332 71.3306 71.67807 71.88997 71.37358 72.62044 72.61634
-128 -128 -128 -128 -128 -128 -128 -128 -128 -128 -128 -128 -128 -128 -128 -128 -128 -128 -128 -128 -128 -128 -128 -128 29.98765 40.82952 49.32763 56.48772 60.05197 62.6081 63.74052 64.94077 66.97739 71.27897 75.3866 79.11028 81.40955 80.70885 82.80406 84.35544 85.2321 85.48494 84.82188 84.45492 83.07305 83.30356 84.61775 82.969 81.72346 81.40186 82.50055 84.02119 83.2373 80.90715 80.50706 80.83327 79.52071 80.56216 83.1701 82.67976 82.02105 81.17206 80.35033 80.51746 79.57781 76.37608 73.3068 70.20022 69.67326 70.20864 69.2325 69.46976 70.52985 71.15907 71.08547 72.3951 72.67049
-128 -128 -128 -128 -128 -128 -128 -128 -128 -128 -128 -128 -128 -128 -128 -128 -128 -128 -128 -128 -128 -128 -128 -128 31.47764 43.07236 52.42102 58.70054 61.70261 63.46484 64.6021 65.45667 66.13551 69.48162 77.327 78.7248 80.41064 80.6993 82.73558 83.92905 85.14838 85.56871 84.64712 82.65157 82.78386 84.22938 84.58906 83.59435 82.60159 80.61138 82.59079 83.04226 81.67918 80.11553 81.1535 82.08578 79.60133 80.70368 82.40049 82.58231 82.80957 82.37069 81.23158 80.36021 78.81851 75.17641 72.93676 70.48769 70.38872 71.00318 69.4344 67.85863 67.90421 68.91805 69.91606 72.13979 72.36582
-128 -128 -128 -128 -128 -128 -128 -128 -128 -128 -128 -128 -128 -128 -128 -128 -128 -128 -128 -128 -128 -128 -128 -128 30.08807 42.27276 52.50839 58.30361 61.48336 63.17908 64.97665 67.38229 68.22085 69.60145 76.52107 80.735 81.65601 82.22745 83.25901 83.31182 84.61243 84.04573 83.32874 84.52971 85.10326 84.4021 81.9282 81.10305 81.38909 82.31994 82.61519 82.80428 82.49297 81.30392 83.13791 83.45585 80.70751 80.78224 82.69433 83.53896 83.44694 82.8838 80.92619 79.99706 77.71638 74.57724 72.28587 70.69599 70.92138 70.46178 68.68047 67.38239 66.51295 66.84636 67.86097 71.42522 72.19688
-128 -128 -128 -128 -128 -128 -128 -128 -128 -128 -128 -128 -128 -128 -128 -128 -128 -128 -128 -128 -128 -128 -128 -128 28.69216 40.22673 50.77069 57.36288 60.8559 63.74521 66.42198 68.35896 68.54925 71.72184 76.71415 80.38212 81.08065 82.98186 83.75355 84.21944 84.82323 83.56667 83.89464 85.96957 85.54368 82.67494 81.01663 80.54371 80.52207 82.66449 83.18973 83.20317 82.52528 81.90887 83.57577 83.62378 81.21686 82.59807 83.95898 85.02052 84.72682 83.12566 80.58501 79.23219 76.85023 74.46223 72.54742 71.74046 71.69759 69.90805 68.02002 67.50844 66.92661 66.85418 66.73104 69.84482 71.42641
-128 -128 -128 -128 -128 -128 -128 -128 -128 -128 -128 -128 -128 -128 -128 -128 -128 -128 -128 -128 -128 -128 -128 -128 27.28841 38.54769 48.79858 55.66776 59.95758 63.44036 65.87885 67.26364 68.95642 73.14008 77.66507 78.95605 79.96889 82.4393 83.85937 84.11817 84.29603 83.60596 84.07393 85.8222 83.55766 80.3378 80.79292 81.05549 81.14007 81.93549 82.42332 82.94067 82.7639 83.23869 84.80696 81.78194 82.25264 83.24538 84.61131 85.24717 84.62116 82.87923 80.81348 79.3017 77.3336 74.80096 72.56683 72.77757 71.51677 68.94429 67.91966 67.57743 67.1335 66.22005 66.27292 69.91077 70.91318
-128 -128 -128 -128 -128 -128 -128 -128 -128 -128 -128 -128 -128 -128 -128 -128 -128 -128 -128 -128 -128 -128 -128 -128 25.83758 31.62928 46.17814 53.35747 57.69907 61.61888 63.21015 67.07314 71.44806 74.71229 77.34122 77.98032 79.22198 81.94057 83.61037 84.46922 84.76043 84.73074 85.37975 85.47572 83.46622 81.34834 81.03049 80.94717 81.96332 82.92282 82.57076 81.88357 83.63992 84.98408 85.44384 83.22263 82.33585 83.54059 85.13066 84.876 84.15959 82.88084 81.24277 79.75526 77.4388 74.76976 72.86195 72.31094 70.69171 68.33441 67.27212 66.7359 66.98717 65.9381 65.08473 67.8008 70.55675
-128 -128 -128 -128 -128 -128 -128 -128 -128 -128 -128 -128 -128 -128 -128 -128 -128 -128 -128 -128 -128 -128 -128 -128 22.38488 30.76656 41.66814 -128 53.67664 58.67197 60.97021 67.4986 72.58231 75.51349 78.35229 78.60306 82.23 83.75103 83.25703 83.89532 83.9661 84.09687 83.38944 83.13541 83.74396 81.91866 82.09486 81.76577 82.60611 84.17551 83.49869 81.931 83.76901 84.70317 85.35704 83.14046 80.96226 83.85892 84.49245 84.36744 84.27811 83.40947 81.10471 79.65661 77.89123 74.78989 72.68379 70.86497 68.90119 68.0911 67.30486 66.92992 66.96606 65.97826 64.9491 67.06535 70.16444
-128 -128 -128 -128 -128 -128 -128 -128 -128 -128 -128 -128 -128 -128 -128 -128 -128 -128 -128 -128 -128 -128 -128 -128 -128 -128 -128 -128 49.61689 54.64793 57.80163 67.51926 72.45353 75.66443 79.5536 79.91297 82.05499 83.03876 82.28004 82.1123 81.97551 82.31405 82.55828 82.4609 82.79278 82.64545 82.85754 83.47639 83.07891 84.04151 83.49907 82.58107 83.09834 83.92273 84.60783 82.29858 81.4468 83.32293 83.70374 84.37182 84.30594 82.80817 79.82517 78.55264 77.05763 74.53884 72.24597 70.13968 68.49346 67.14536 67.034 67.76019 67.20494 65.9955 65.19658 68.20081 70.52666
-128 -128 -128 -128 -128 -128 -128 -128 -128 -128 -128 -128 -128 -128 -128 -128 -128 -128 -128 -128 -128 -128 -128 -128 -128 -128 -128 -128 45.09405 51.11259 56.73886 65.8926 71.8866 75.76445 78.63441 80.03765 79.93702 82.33864 82.3965 81.73309 82.5478 83.06443 83.36777 84.10854 84.41573 83.61407 83.14564 82.86323 82.33857 83.63409 82.52072 83.44563 84.33577 83.10419 82.14743 80.21916 81.3409 82.02117 81.83517 82.31096 82.30331 81.36716 79.47188 77.83309 76.32101 73.95296 72.15653 70.42332 68.99808 68.74156 67.73417 67.30977 66.78659 65.76384 64.97202 67.04998 69.20971
-128 -128 -128 -128 -128 -128 -128 -128 -128 -128 -128 -128 -128 -128 -128 -128 -128 -128 -128 -128 -128 -128 -128 -128 -128 -128 -128 -128 40.08872 48.69397 56.83378 66.07069 70.74223 74.06628 76.34721 79.67673 80.03032 80.91305 81.74415 82.09733 83.11353 83.55853 84.25026 84.57829 83.88226 83.64008 82.27861 82.53131 82.65622 83.25289 82.72868 84.61478 83.73754 80.88073 80.45505 81.42483 81.78177 81.90961 81.6036 81.38326 79.89536 79.52935 79.69633 77.6037 76.69406 73.56022 72.31596 71.41128 70.1168 68.841 69.10265 66.89498 66.81536 66.24922 65.56004 67.72833 67.57497
-128 -128 -128 -128 -128 -128 -128 -128 -128 -128 -128 -128 -128 -128 -128 -128 -128 -128 -128 -128 -128 -128 -128 -128 -128 -128 -128 -128 34.98954 46.81858 56.519 65.08526 68.74153 72.07958 73.91118 76.62252 78.22838 79.33585 80.55001 81.59947 82.97377 83.99174 84.66811 83.75849 82.91432 83.11112 82.27106 82.79034 83.62474 82.52053 83.16087 83.18159 82.16776 79.95177 81.15825 81.48031 81.79601 81.02506 81.23356 80.16073 78.28097 77.80128 77.4553 76.16695 76.46152 73.69651 72.92095 71.89762 70.84218 69.87466 69.6802 69.11328 68.53506 69.43611 68.67715 69.9352 67.94135
-128 -128 -128 -128 -128 -128 -128 -128 -128 -128 -128 -128 -128 -128 -128 -128 -128 -128 -128 -128 -128 -128 -128 -128 -128 -128 15.06869 23.7664 38.19265 50.05667 58.14445 64.69065 69.56956 73.58955 75.84216 77.22129 78.42136 79.07722 80.48454 81.49089 82.88437 83.93058 84.02655 82.86844 80.37834 81.78658 82.3054 82.01237 82.76825 81.48501 83.1116 82.60522 81.17496 79.31139 81.32076 82.28214 81.29816 81.36006 80.9223 78.24091 78.05526 79.10574 77.86362 76.74396 76.38155 73.62218 72.52982 72.1367 72.3947 70.81588 71.01275 70.25053 70.54998 70.57432 69.85484 70.01245 68.05851
-128 -128 -128 -128 -128 -128 -128 -128 -128 -128 -128 -128 -128 -128 -128 -128 -128 -128 -128 -128 -128 -128 -128 -128 -128 -128 23.78791 35.36264 49.34011 57.15696 64.27056 68.49096 71.85423 75.89978 78.69411 79.92227 80.56001 81.05189 80.83564 81.72938 82.90028 83.61245 83.77927 82.50272 79.41469 80.99353 82.97561 83.2244 82.1256 80.97902 82.33994 81.67947 79.93757 79.49271 81.63226 83.18565 81.00878 81.63407 79.95025 76.3406 78.58636 79.25584 77.58727 76.8644 75.74155 73.64301 73.91212 73.47238 72.00249 71.09824 71.72774 70.48994 70.0563 70.06941 69.67367 68.62412 68.06609
-128 -128 -128 -128 -128 -128 -128 -128 -128 -128 -128 -128 -128 -128 -128 -128 -128 -128 -128 -128 -128 -128 -128 -128 -128 -128 34.16461 45.80241 55.63546 62.61494 68.09427 72.20687 74.318 76.4546 80.29446 81.57781 82.4678 82.64143 81.53804 81.51086 82.93066 83.41254 83.37041 82.80006 81.81017 82.02068 82.74301 82.9558 81.27479 81.33295 82.16 81.28137 79.71564 81.08649 82.53891 82.87012 81.6656 81.72021 80.49926 77.28413 78.95065 80.00893 77.63376 76.36294 76.05866 74.41925 73.75807 73.39668 71.63322 72.95703 73.16135 71.74005 70.53228 69.75237 69.23574 68.79466 68.8926
-128 -128 -128 -128 -128 -128 -128 -128 -128 -128 -128 -128 -128 -128 -128 -128 -128 -128 -128 -128 -128 -128 -128 -128 -128 -128 43.30665 52.81695 58.52075 66.79611 70.96496 73.98907 75.80264 78.23552 81.48332 83.53008 83.00971 83.56312 82.50468 81.81465 82.9285 83.20862 83.40867 83.16334 82.72146 83.32714 83.67641 83.39938 82.4897 81.50571 81.09193 79.59214 81.09389 82.72281 82.49579 82.10343 82.02828 82.48331 80.84351 80.32093 79.73389 79.67891 78.01679 77.24606 76.57847 74.9747 74.34611 72.58208 72.43137 73.97603 73.72615 72.75227 71.04233 70.11237 69.80074 69.80577 69.88577
-128 -128 -128 -128 -128 -128 -128 -128 -128 -128 -128 -128 -128 -128 -128 -128 -128 -128 -128 -128 -128 -128 -128 -128 -128 -128 51.51164 59.16708 65.05671 71.45303 72.4569 76.26252 77.76727 79.35618 81.88112 82.34096 81.93968 83.22337 83.3441 81.84938 82.32925 83.36422 84.12843 83.62568 83.40587 83.29313 82.63867 82.62173 82.62796 82.12487 81.50751 80.81483 81.93789 83.11087 83.04442 82.89171 82.98325 82.01717 81.06571 80.51395 79.43348 78.59257 78.35667 76.48669 75.79066 75.25076 74.15242 72.26728 72.22942 73.7611 73.30865 73.70745 72.437 71.42133 70.79376 71.04586 69.82642
-128 -128 -128 -128 -128 -128 -128 -128 -128 -128 -128 -128 -128 -128 -128 -128 -128 -128 -128 -128 -128 -128 -128 -128 -128 -128 54.97241 59.58277 67.18736 71.76331 74.22584 78.0388 78.68908 78.87379 80.2704 81.83826 83.74631 83.67453 83.00082 80.73486 80.6376 82.6312 83.98866 84.14874 83.52515 83.08276 82.07085 82.93799 83.38283 82.35052 81.94245 81.85877 81.98795 83.63045 83.02522 82.76847 83.08946 82.16408 81.43487 79.97348 78.3896 77.83624 77.75163 75.88628 75.77841 75.23996 73.43512 71.53896 72.08943 72.77117 72.72375 73.44178 72.96687 71.61188 72.41401 71.82107 70.78793
-128 -128 -128 -128 -128 -128 -128 -128 -128 -128 -128 -128 -128 -128 -128 -128 -128 -128 -128 -128 -128 -128 -128 -128 -128 -128 54.55164 63.16864 65.80337 71.41077 76.20428 79.88126 79.23131 79.22266 80.46175 81.07099 81.95261 82.19028 82.09906 81.15968 81.22015 82.54897 83.04385 83.53983 82.63123 82.39489 81.65795 81.6511 82.84373 81.99248 80.93932 80.59682 80.28071 82.70939 82.42297 83.23323 82.7072 80.79358 79.27248 78.83098 78.49213 77.66015 77.21806 75.85349 75.97446 75.11009 72.70341 70.61914 72.41579 72.6984 73.07541 72.98756 72.36899 70.85308 71.92614 71.82714 71.54086
-128 -128 -128 -128 -128 -128 -128 -128 -128 -128 -128 -128 -128 -128 -128 -128 -128 -128 -128 -128 -128 -128 -128 -128 -128 -128 54.58328 62.75364 64.82649 72.27103 78.70577 79.97519 78.28492 80.01638 80.81037 82.02361 82.74507 82.41376 81.38437 81.07652 82.11336 82.49911 83.15603 83.29833 81.22437 82.26081 81.51377 81.02337 81.44241 80.82189 80.05328 79.84555 79.18574 80.9126 81.25231 81.36288 81.35356 79.67519 77.99004 78.35651 78.90932 78.09641 77.25179 77.10099 76.16876 74.92858 72.0505 70.55525 71.73223 72.6363 73.24102 72.63123 71.68964 70.12606 70.76601 70.33453 72.05441
-128 -128 -128 -128 -128 -128 -128 -128 -128 -128 -128 -128 -128 -128 -128 -128 -128 -128 -128 -128 -128 -128 -128 -128 -128 -128 54.16058 63.23388 68.40315 70.8075 77.55518 78.95074 76.4656 78.98267 80.882 79.50269 81.92165 82.4694 81.77238 81.83916 82.24045 82.84596 82.74742 83.10517 81.59355 81.13539 80.07571 81.10989 81.00224 80.78609 79.84538 78.9485 78.19521 78.77305 79.78416 78.76581 79.49473 79.85653 77.98776 78.40377 78.54877 77.85823 77.0624 77.59164 77.07154 75.10605 72.91701 70.98172 71.18932 70.30531 70.58591 71.29592 70.40264 70.92389 68.80641 63.1632 65.38076
-128 -128 -128 -128 -128 -128 -128 -128 -128 -128 -128 -128 -128 -128 -128 -128 -128 -128 -128 -128 -128 -128 -128 -128 -128 -128 55.51137 63.1019 66.72229 71.01323 76.6515 77.81529 75.89381 79.34688 79.44376 77.19297 78.17045 80.77727 82.78573 83.51354 83.35589 82.60196 82.7998 82.90566 81.73149 80.98097 79.8959 79.90405 79.89079 79.62648 80.15975 79.07381 77.94725 77.72432 78.22845 76.90874 76.26772 78.87488 78.86813 78.0545 77.96735 77.45844 77.2606 77.29508 76.16753 73.08825 72.8292 72.5526 72.40771 71.14661 71.15982 71.45776 70.99102 70.54329 62.27832 59.96609 68.1328
-128 -128 -128 -128 -128 -128 -128 -128 -128 -128 -128 -128 -128 -128 -128 -128 -128 -128 -128 -128 -128 -128 -128 -128 -128 -128 56.47343 62.80123 63.46475 68.26271 72.61274 75.75037 74.23672 79.08562 79.39994 80.2661 80.79639 82.92143 84.00517 83.06171 82.93607 82.09135 82.45187 82.33314 81.28695 80.14895 80.25791 80.15648 79.0618 78.16924 78.91487 78.54456 78.06866 78.1418 77.02747 76.43288 75.13377 76.63395 76.52119 77.2114 77.29086 77.11584 76.78901 76.5254 74.17593 71.05697 71.56325 73.92444 72.98373 71.93195 71.46934 71.55881 71.81382 71.78912 69.15209 67.49903 68.27405
