formato/VCI/bioclim_7.asc
ncols         186
nrows         781
xllcorner     -75.7
yllcorner     -56.55
cellsize      0.05
NODATA_value  -9999
[rows 544 to 577 of 781, columns 0 to 76 of 186]
-128 -128 -128 -128 -128 -128 -128 -128 -128 -128 -128 -128 -128 -128 -128 -128 -128 -128 -128 -128 -128 -128 12.96 13.19477 13.94093 13.98195 14.25599 15.26586 15.59045 15.72003 15.52417 15.4357 15.62481 15.09623 14.60805 14.64727 14.75933 14.43215 14.2552 14.60045 14.45883 14.17347 13.66178 13.50086 13.56549 14.12525 15.48656 15.3995 15.88226 16.48612 15.62457 16.39693 17.61324 17.78752 17.67896 18.18614 17.4085 17.09859 -128 17.45496 17.58218 19.04811 18.30925 19.50238 18.74296 20.289 19.38766 19.18728 19.14672 18.30782 18.03769 18.14611 18.9328 19.33103 19.43361 19.86059 21.00013
-128 -128 -128 -128 -128 -128 -128 -128 -128 -128 12.47272 12.45413 12.39775 -128 -128 -128 -128 -128 -128 -128 -128 -128 -128 13.09372 14.25553 14.93325 14.42533 14.99294 15.74697 15.73909 15.28794 14.99189 14.89477 14.87919 14.92945 14.49486 14.84035 14.51362 14.13125 14.73324 15.10689 14.79602 13.75377 13.52689 -128 13.90677 14.97828 15.04484 14.87538 15.87444 15.37587 16.03639 16.59599 17.28546 17.15975 16.77337 16.36587 16.62922 17.87207 18.52199 17.16516 17.67035 18.76987 19.87217 20.02567 20.19674 20.52174 20.12492 20.40382 18.39932 19.28926 19.61048 20.50253 20.44323 20.49978 20.9663 20.81339
-128 -128 -128 -128 -128 -128 -128 -128 -128 12.43439 12.64121 12.84019 12.55022 12.39695 -128 -128 -128 -128 -128 -128 -128 -128 -128 -128 13.51358 14.68868 15.40803 14.85363 14.86779 15.01297 15.07092 15.18441 15.74465 15.71803 15.40939 14.8538 15.41309 15.18013 14.20168 14.31727 15.00127 14.73738 13.8003 -128 -128 14.01764 14.73406 15.47808 15.97003 15.69714 15.88957 16.16608 17.55293 17.24059 16.07514 16.04565 16.79483 18.52316 20.16061 18.65362 17.38999 18.64805 19.88726 19.92063 19.409 19.32958 19.9706 19.34238 20.14166 18.30023 20.16796 20.91399 20.61846 19.75661 -128 20.12622 20.43325
-128 -128 -128 -128 -128 -128 -128 -128 -128 -128 12.36817 12.75331 12.64371 12.39536 -128 -128 -128 -128 -128 -128 -128 -128 -128 -128 13.4501 13.84881 14.29484 14.7312 15.15538 15.23605 15.7848 15.65306 14.85253 14.83451 14.64457 14.65032 14.7851 15.0099 14.49525 14.12387 14.01968 14.06734 -128 -128 -128 -128 14.3985 14.96563 16.49981 16.66311 16.92235 16.90361 16.45857 15.87502 15.98835 16.92085 18.82541 19.67955 18.82579 18.88161 17.76991 18.16502 18.51533 18.21992 18.97437 20.22305 19.95499 18.78652 20.5912 19.39711 19.49422 20.48391 21.27535 21.02173 20.20334 -128 -128
-128 -128 -128 -128 -128 -128 -128 -128 -128 -128 12.4154 12.50006 12.47432 12.41585 -128 -128 -128 -128 -128 -128 12.78123 13.02377 -128 -128 13.47679 14.63011 15.05885 14.97733 15.47651 15.77253 16.36791 16.69227 15.77822 16.04629 15.96841 14.96597 14.78198 15.48739 15.16878 14.00036 14.09231 14.15792 -128 13.8772 13.93075 14.17494 -128 14.40614 14.46582 15.1897 15.20317 14.88119 15.41325 17.49382 16.208 17.51762 18.98831 18.98067 20.05366 18.59736 19.97528 18.86922 18.46078 17.50445 17.20102 17.6421 19.84993 18.27754 20.13966 19.8083 18.77913 19.88015 21.17805 21.36167 21.84142 21.51804 20.64158
-128 -128 -128 -128 -128 -128 -128 -128 -128 -128 -128 -128 -128 -128 -128 -128 -128 -128 -128 -128 -128 12.97957 13.12269 -128 -128 13.86011 14.51213 15.27889 16.17454 16.96812 16.39966 16.25562 15.83174 15.23069 15.28644 14.73073 14.26179 14.09049 14.15373 14.17495 14.23902 14.2481 14.09046 13.94517 13.96767 14.22093 14.77785 15.70072 15.96325 15.58017 15.37014 15.17222 17.57015 17.51142 15.7957 17.37568 18.30084 18.881 19.97647 19.19712 18.64491 19.94218 19.34564 18.92131 17.5092 18.03458 18.18974 17.97312 18.05557 18.00372 18.13485 18.46343 19.48553 20.68367 21.07295 20.35231 20.5238
-128 -128 -128 -128 -128 -128 -128 -128 -128 -128 -128 -128 -128 -128 -128 -128 -128 -128 -128 -128 -128 -128 -128 -128 13.54594 13.98083 14.44612 15.36404 15.91484 15.69696 15.398 15.53153 15.28366 15.25982 15.16094 15.22126 15.59875 14.81061 14.29082 14.15421 14.36743 14.40088 14.23319 14.07755 14.10753 14.31543 15.18649 16.58871 16.46486 16.33705 15.40295 16.07953 17.41253 16.87324 16.94675 17.51155 18.0192 19.26499 19.28051 19.6206 18.53033 18.27076 18.04826 17.47914 17.48137 19.59859 19.89138 19.82946 20.57491 20.34964 18.56945 19.22608 20.49732 21.19027 20.24191 19.9887 20.23911
-128 -128 -128 -128 -128 -128 -128 -128 -128 -128 -128 -128 -128 -128 -128 -128 -128 -128 -128 -128 -128 -128 -128 -128 -128 14.10421 14.76634 15.09658 15.36186 15.94335 16.18692 16.2873 16.38481 16.43434 16.07085 15.78772 15.46593 15.15972 15.00819 14.49506 14.38967 -128 14.36923 14.19858 14.17559 14.53148 14.71814 15.65528 15.39679 17.06915 17.40633 17.21129 16.88005 17.39315 18.3828 16.8154 17.51344 18.30353 18.69502 19.29066 19.709 19.5891 19.58552 17.75906 19.70404 19.36487 18.74393 19.7596 19.64059 20.14049 19.27187 19.57237 20.30737 22.41541 22.48505 22.13472 21.11644
-128 -128 -128 -128 -128 -128 -128 -128 -128 -128 -128 -128 -128 -128 -128 -128 -128 -128 -128 -128 -128 -128 -128 -128 -128 14.25011 15.23851 15.13676 16.21959 16.17124 16.67857 16.09562 16.23853 15.72126 16.19518 16.1362 15.9664 16.00326 16.01436 15.36221 14.60225 14.78008 14.56748 14.32575 14.24089 15.03124 16.04568 14.52603 16.10407 16.94923 18.77797 18.24182 17.0577 16.3002 16.19675 16.3096 17.17997 17.52141 18.817 18.78404 18.67342 17.63341 17.69613 19.50985 19.08002 19.60711 20.36835 19.58612 19.4584 19.39242 19.48564 19.24819 20.78221 21.73335 22.42179 22.45004 21.51493
-128 -128 -128 -128 -128 -128 -128 -128 -128 -128 -128 -128 -128 -128 -128 -128 -128 -128 -128 -128 -128 -128 13.27946 14.0076 13.7083 14.11904 14.86243 15.22082 15.45407 15.61071 15.91714 15.4819 15.38138 16.24056 16.328 16.14715 15.98161 15.60702 15.87026 15.17318 14.763 14.90223 14.65642 14.4037 14.35652 14.58326 14.85209 14.62516 14.8134 15.88611 16.98224 19.15137 17.76517 17.22318 16.75081 17.20971 18.0986 18.71331 18.67107 19.20952 19.32218 17.9061 18.96435 20.38936 20.50209 20.47641 19.21115 20.30828 21.58882 21.18555 19.14285 19.30673 20.50423 20.40884 20.23172 20.17069 20.24749
-128 -128 -128 -128 -128 -128 -128 -128 -128 -128 -128 -128 -128 -128 -128 -128 -128 -128 -128 -128 12.93179 13.16367 13.32475 13.74437 13.60891 14.10285 15.84085 15.87897 15.86034 16.089 15.65208 15.6528 16.2011 15.93188 16.1395 16.22217 15.424 15.29717 15.26233 14.84143 14.83648 15.04882 14.7757 14.5717 15.1239 15.06533 17.16953 16.60992 14.95425 15.13515 16.69479 17.733 18.21761 17.67876 17.58225 18.46891 17.95127 17.93782 19.08801 19.3362 19.53615 18.14841 20.96046 20.19666 20.98579 20.64233 20.66071 19.78171 19.39274 19.35961 21.03575 22.00142 21.68798 21.37466 20.96221 21.02934 21.28122
-128 -128 -128 -128 -128 -128 -128 -128 -128 -128 -128 -128 -128 -128 -128 -128 -128 -128 -128 -128 13.00283 13.20723 13.34897 13.40121 13.72918 14.19307 15.16982 16.2681 15.86603 16.41544 15.85513 16.19383 17.4708 17.05239 16.43316 16.19 16.09381 15.98104 15.19027 14.984 14.99262 15.15907 15.01725 15.81911 14.72479 14.83942 15.92614 16.41912 14.90382 14.77766 15.13012 16.23017 17.72729 17.63214 19.53133 19.62961 19.27181 18.78045 17.77538 18.82325 18.68084 19.45384 21.34295 19.93396 20.9982 21.18329 20.13885 19.61569 19.72299 19.35413 20.31397 20.14125 21.4093 23.18238 23.1818 22.32391 21.6265
-128 -128 -128 -128 -128 -128 -128 -128 -128 -128 -128 -128 -128 -128 -128 -128 -128 -128 -128 -128 -128 13.33016 13.46531 13.77495 15.54097 16.01704 15.70988 15.77378 15.77207 16.71365 15.94457 15.82374 16.22216 16.51083 16.83005 16.73644 16.05058 16.62528 15.25205 15.12495 15.23022 -128 15.44086 15.58828 15.12383 14.98143 15.27444 15.12993 15.8014 16.75656 17.23511 15.28917 16.37536 17.18602 18.54133 19.2009 20.01612 19.6567 20.7344 18.25401 18.25768 18.45464 20.83996 19.93982 19.98771 18.33503 19.22188 20.98144 22.39005 21.42885 22.83613 21.62815 19.96201 20.57543 22.11446 22.05398 21.18655
-128 -128 -128 -128 -128 -128 -128 -128 -128 -128 -128 -128 -128 -128 -128 -128 -128 -128 -128 -128 -128 -128 -128 -128 13.98388 14.83981 15.62624 16.27855 15.96186 15.90431 16.45331 15.91606 16.05207 16.74523 16.44348 16.37272 15.77961 15.65773 15.22889 15.32898 -128 -128 15.26389 15.25046 15.00765 -128 15.4475 15.73129 17.67387 18.6988 18.52844 16.30102 16.11241 17.23879 19.67864 20.59204 19.05614 18.56495 18.93558 18.78335 17.61436 17.90014 18.03219 19.33532 18.01372 19.63667 20.86229 21.35539 22.24293 22.46646 22.22446 22.40005 21.00667 20.09406 20.21457 20.44138 21.00664
-128 -128 -128 -128 -128 -128 -128 -128 -128 -128 -128 -128 -128 -128 -128 -128 -128 -128 -128 -128 -128 -128 -128 13.51662 13.97013 14.12018 14.51533 15.32561 15.56156 15.76506 15.81036 15.9686 15.92792 16.24145 16.47223 16.58136 16.05533 15.65501 15.43903 15.3339 15.52961 15.59268 15.32494 14.95314 15.18185 16.43863 16.09597 17.56433 17.5785 18.45045 18.65596 17.76576 16.99051 16.61611 16.307 16.63852 16.42727 16.54012 17.10628 17.45315 19.00314 19.34131 18.64151 18.7163 17.86602 18.02459 19.89007 21.39895 21.74667 20.35995 21.62943 22.0792 21.07258 20.69463 21.511 22.5708 22.77082
-128 -128 -128 -128 -128 -128 -128 -128 -128 -128 -128 -128 -128 -128 -128 -128 -128 -128 -128 -128 -128 13.42175 -128 13.93361 15.16269 14.66191 15.23715 15.67112 15.50583 15.82434 15.97819 16.14923 16.49996 17.67003 17.30139 16.48595 15.9141 16.18743 15.54905 15.58052 16.21179 16.22313 15.90523 15.14668 16.2721 17.39774 16.65135 18.08548 18.71371 19.38718 18.24283 17.1818 18.48992 17.96819 17.15351 17.20425 16.864 17.35763 18.71901 18.14514 18.90717 18.23342 19.26298 20.09905 19.49945 18.67311 19.46597 19.41944 19.39693 19.80069 20.94988 21.12107 20.55179 20.78422 21.19499 21.95878 21.67198
-128 -128 -128 -128 -128 -128 -128 -128 -128 -128 -128 -128 -128 -128 -128 -128 -128 12.93031 -128 -128 13.21298 -128 -128 13.93734 14.34128 15.61138 16.01415 16.06071 16.5449 16.03894 15.99801 16.35577 16.88371 16.96359 16.7429 16.58949 16.32698 16.5861 15.7738 16.7726 17.56725 16.51991 15.90892 15.34551 17.21178 17.44955 17.52251 18.22928 19.26303 18.6956 16.81671 17.653 18.74616 18.64115 17.74961 19.40511 18.553 19.60139 19.73905 17.92716 17.56001 18.86239 18.5794 19.99599 21.10013 20.10425 19.75624 21.33912 22.00247 21.81202 20.92454 19.7443 20.06087 21.62221 21.50029 20.728 20.58197
-128 -128 -128 -128 -128 -128 -128 -128 -128 -128 -128 -128 -128 -128 -128 -128 12.94942 12.96734 12.94913 13.02775 13.18287 -128 13.43311 13.94622 14.25969 15.41041 16.09315 16.12707 16.41511 16.33429 16.04646 16.48596 16.67832 17.80019 17.89797 16.86815 16.30638 15.92786 15.90095 16.43682 17.2359 16.6314 15.97145 15.59147 18.08381 18.2627 17.73125 17.53461 17.50291 16.54156 17.86592 19.02421 18.65833 20.21849 17.88661 20.19913 20.89902 20.89073 18.29967 19.35098 19.67574 18.96134 18.95128 18.25104 18.502 20.14478 21.10497 21.77194 21.64098 21.30366 21.10197 20.80035 20.29868 20.63001 20.72839 21.21668 21.59469
-128 -128 -128 -128 -128 -128 -128 -128 -128 -128 -128 -128 -128 -128 -128 12.90502 13.03425 13.47986 13.09683 13.03379 13.16856 14.30524 14.57774 14.06229 14.15755 14.7143 15.59191 16.64732 17.07508 16.94622 16.25664 16.43654 16.7816 18.65295 18.41494 17.88196 16.85289 16.10656 16.13909 17.08572 16.56866 16.29872 15.65902 15.95426 17.80198 18.51303 16.63493 15.74908 15.97894 17.31302 18.19437 18.15928 18.59629 18.62848 17.91257 20.84578 19.26793 17.65828 19.2883 21.13284 20.66984 18.81432 18.43126 17.46706 17.56154 19.75367 20.43093 21.03587 22.32266 22.04801 20.88401 20.56197 21.97091 23.9607 23.33156 22.02481 21.41809
-128 -128 -128 -128 -128 -128 -128 -128 -128 -128 -128 -128 -128 -128 -128 12.77774 12.80909 13.28401 13.85669 13.13086 13.80396 15.27418 14.59838 13.78803 14.24669 14.76235 15.37306 15.48823 16.7847 16.34884 16.05914 16.29584 16.59022 17.98423 18.86112 18.45281 16.59461 16.30162 16.34435 17.25009 18.2103 17.60376 15.94936 16.57584 18.15026 17.55236 15.53182 15.88711 16.39409 15.96054 16.31055 17.83205 18.25315 17.93704 18.23631 18.03656 16.83716 17.39802 18.99871 19.31649 19.67809 18.52476 18.49521 19.17705 18.05305 18.39376 18.78132 18.53332 19.2604 19.43503 19.49633 20.10104 20.54333 21.35191 21.06747 21.16755 21.52671
-128 -128 -128 -128 -128 -128 -128 -128 -128 -128 -128 -128 -128 -128 -128 -128 12.71838 12.69123 12.70132 12.88231 13.67941 14.66166 14.27446 13.78796 14.18956 15.2761 15.54278 15.45833 15.82253 16.03905 15.84166 16.05285 16.27899 16.62373 16.92091 16.60841 16.56423 16.56395 16.66867 16.58446 17.05532 18.59222 16.33758 17.55444 17.3583 16.17648 17.08159 17.87415 18.93271 17.82021 17.54797 20.43266 18.7378 16.85777 16.97897 18.39196 18.44209 19.23709 20.40731 21.15338 20.91463 20.23603 17.34307 18.82893 20.74815 20.69337 19.84727 19.0515 18.51887 19.1374 19.10591 19.52858 19.9332 20.54618 20.93443 21.30287 21.29552
-128 -128 -128 -128 -128 -128 -128 -128 -128 -128 -128 -128 -128 -128 12.55144 -128 12.63093 12.61351 12.59446 12.63272 12.79438 12.96352 13.45461 14.83887 14.68194 14.91443 15.09234 15.23379 16.64854 16.27419 16.73298 16.08939 16.31387 16.82836 17.67376 16.70625 16.71814 16.84144 16.58812 16.88849 16.44703 16.7631 16.3827 16.33061 16.29057 16.65958 17.84754 18.5623 19.79481 19.94145 18.97934 20.07427 16.98738 16.95129 19.13762 19.76805 19.66918 19.90828 19.30915 20.25262 19.94293 17.52738 17.74698 18.07464 17.35337 17.76861 18.32587 18.72252 18.38721 18.58973 18.83249 19.31194 20.06833 20.15528 20.72874 20.7073 21.2959
-128 -128 -128 -128 -128 -128 -128 -128 -128 -128 -128 -128 -128 -128 12.40354 -128 -128 12.59923 13.2338 13.80182 13.14935 13.28869 13.45762 13.95944 14.01863 14.60417 16.38067 15.6115 15.6632 16.54188 16.79162 16.40914 16.38773 16.74492 17.99116 16.87921 16.96442 16.87632 16.76756 17.37141 17.2052 17.05659 16.71205 17.13243 18.40954 18.51907 18.70392 19.61448 21.06211 20.72581 17.85178 16.60977 16.52328 16.62948 17.21793 17.78979 17.45724 17.68788 19.50542 17.5412 17.41177 18.09499 18.03004 18.88449 18.38156 18.04747 19.60538 21.39408 20.83006 21.1949 21.89469 21.14045 20.10714 21.35902 20.60419 20.70608 20.92921
-128 -128 -128 -128 -128 -128 -128 -128 -128 -128 -128 -128 12.81905 13.31034 12.7538 12.95679 12.92926 12.97165 13.86484 14.88832 13.62315 15.08977 14.7077 15.05557 14.22281 15.492 16.22714 17.46206 16.54987 17.88101 17.52166 16.81307 16.49056 16.47667 17.92224 16.73252 17.32087 17.1833 17.075 17.20248 17.53837 17.0841 17.14777 17.39421 16.81451 16.66716 16.7287 17.29389 16.95567 16.71221 17.36846 19.46924 18.52837 19.31995 20.49495 20.07293 17.60271 16.90172 16.3802 16.41253 17.4768 19.03506 20.39112 19.37117 20.56566 21.04086 19.56536 19.17825 20.29578 22.58915 22.34839 22.06017 19.96929 21.32592 21.6498 21.30564 21.76245
-128 -128 -128 -128 -128 -128 -128 -128 -128 -128 -128 -128 12.95532 14.29468 14.19139 14.189 13.9826 14.34661 14.89168 14.80219 14.74689 15.73792 16.31413 16.05696 14.90265 14.82667 16.23309 17.39178 17.81033 17.89857 18.06855 17.09889 17.29174 16.74207 16.45989 16.69267 17.68146 17.15364 16.78426 16.93447 17.09215 16.90091 17.65128 18.96295 19.13791 18.97764 17.05725 16.50692 16.83373 17.77411 18.89182 19.05358 18.67586 21.13663 20.62331 21.09427 19.42357 19.0026 20.02457 19.3904 20.08892 18.92993 20.49265 19.33388 19.03461 18.92534 19.32536 18.76403 19.5007 19.28574 19.74627 20.21692 22.203 21.98973 21.85376 22.76635 22.07733
-128 -128 -128 -128 -128 -128 -128 -128 -128 -128 -128 -128 12.61646 13.26529 13.43941 14.49832 15.09763 15.42587 15.49512 14.51306 14.78304 17.09326 17.88302 17.89103 16.64831 15.05853 16.21399 17.00976 18.09303 18.67436 18.4017 18.59185 17.89943 16.66099 16.42606 16.4702 17.36001 17.12189 17.78534 18.88722 17.52706 17.07255 18.58185 18.52535 19.1422 18.9764 16.48663 18.46072 18.35025 16.47597 15.57162 15.59719 16.9871 18.23692 20.00861 19.18712 17.25314 16.5551 18.14521 20.5369 18.78595 20.44576 19.58773 22.32076 21.52512 21.23246 20.98666 21.7474 21.07376 21.22164 22.99997 22.05729 22.98362 22.05957 21.43832 22.14809 22.55046
-128 -128 -128 -128 -128 -128 -128 -128 -128 -128 -128 -128 12.66895 12.74232 13.32998 14.41052 14.13811 14.41539 14.97192 13.77401 14.56388 15.4184 16.02626 16.91805 16.02017 15.09156 17.02548 17.73678 16.82178 17.20918 17.09584 17.15472 16.78915 16.59402 16.38257 16.31607 18.29628 18.01571 16.50347 17.08403 17.36222 17.02786 18.80615 19.19433 19.72677 17.44662 15.48585 15.68566 15.32069 15.6373 17.59412 15.91154 15.58251 17.87544 19.59269 19.86653 19.48126 19.64378 18.25063 17.10243 17.95935 16.92002 19.20786 20.30425 21.97082 21.94212 22.65513 23.33913 23.41534 23.17773 25.2556 24.27163 23.30049 22.74426 21.8716 22.75758 23.23004
-128 -128 -128 -128 -128 -128 -128 -128 -128 -128 -128 -128 12.77074 13.60123 15.15988 15.47764 15.28189 13.54071 13.52537 14.54172 15.22015 16.07842 14.85702 15.8124 17.73401 16.82812 17.27605 18.02202 18.56083 18.43099 18.38564 18.99281 17.8983 17.1449 17.09207 16.51839 18.62979 18.5591 17.7968 18.54897 17.28449 16.77707 18.88399 20.27982 18.40925 15.9578 17.58283 18.26838 16.26611 16.46309 17.69072 18.51985 16.49798 16.40111 18.2884 19.62339 18.00332 17.99162 18.6369 19.86777 19.86423 17.60434 17.31697 19.45925 19.67277 21.72921 23.81328 22.72576 23.62473 22.81569 22.32237 23.11449 23.51982 23.19339 23.44136 22.37465 22.75632
-128 -128 -128 -128 -128 -128 -128 -128 -128 -128 -128 -128 -128 12.78549 13.20495 13.37399 13.48296 13.31148 13.99367 16.1861 15.99719 16.27413 15.40557 15.30793 16.58792 16.51773 17.00626 16.25129 17.01471 17.59905 17.02047 17.26542 16.38075 17.0664 16.22366 16.43231 16.34595 17.39481 16.96025 17.29899 16.76147 16.49751 18.48739 18.15218 15.90095 17.59376 19.05183 19.94496 17.61291 17.99414 19.46397 20.57578 20.30621 16.88529 16.03354 16.22554 17.26962 19.11745 20.6946 19.52593 20.06673 19.47025 17.582 18.07474 17.48538 17.29217 17.97078 19.29016 18.3348 18.48015 18.67223 19.06067 19.5486 20.9449 23.63154 22.96731 22.46347
-128 -128 -128 -128 -128 -128 -128 -128 -128 -128 -128 -128 -128 12.65257 12.66969 12.8541 13.26843 14.30148 13.75935 14.47596 14.91941 15.12452 15.37319 15.32625 15.00259 15.16082 17.92452 18.15895 17.99769 18.79426 18.3689 18.50609 16.75744 16.4195 16.35925 18.89988 18.74154 16.24654 17.36463 17.75883 15.70626 17.41379 18.92937 16.09703 17.63243 17.75029 17.36764 17.56392 18.96896 19.96944 20.5481 18.45839 20.00756 19.32804 18.96072 17.43806 16.37778 16.14465 18.87729 18.05435 18.4633 19.22248 21.52612 19.98884 19.9467 18.59376 16.95939 17.61309 18.66445 19.10418 19.04531 19.35148 18.48511 19.47619 21.03275 24.1656 24.85823
-128 -128 -128 -128 -128 -128 -128 -128 -128 -128 -128 -128 12.65504 13.40568 13.26318 13.03025 14.90594 15.10217 15.45477 14.82731 16.13772 16.28363 16.1695 16.17405 16.25636 16.14878 15.72813 16.80175 17.8296 17.23409 17.24135 17.29886 17.02816 16.42007 16.51373 17.5974 17.6748 18.59232 17.32528 15.78452 15.52195 16.96828 16.08495 16.10571 18.42418 19.12109 19.1132 19.44386 19.29363 17.50781 16.87227 18.94188 20.3006 20.73705 20.29226 21.13987 19.78116 17.43192 17.99723 20.79403 21.04681 20.83939 21.71284 19.55198 20.70291 20.87282 18.37311 17.50084 18.97876 18.98204 19.23249 19.62599 18.85547 18.37965 19.16704 21.91682 23.45212
-128 -128 -128 -128 -128 -128 -128 -128 -128 -128 -128 12.66941 12.82701 13.87957 14.50078 14.24066 13.88279 15.24542 16.04545 15.65055 15.92031 16.25281 16.47905 16.6231 15.30486 16.91875 17.67032 16.77252 18.18451 18.86375 19.24669 19.39171 17.16794 16.51066 16.69027 16.38705 18.36584 18.53496 18.51198 15.86092 15.50173 17.65076 15.24571 16.55507 16.09995 16.79005 17.71378 19.01818 15.88433 16.13668 17.4502 18.50455 19.02862 18.5906 19.98662 19.18137 20.31663 17.34723 19.3099 19.99781 21.4837 21.82291 22.38151 22.12633 20.45684 20.77696 19.66092 21.22344 21.44744 22.37206 23.00537 22.0206 20.01583 20.33878 18.55169 19.56146 22.67497
-128 -128 -128 -128 -128 -128 -128 -128 -128 -128 12.70628 12.94957 13.30229 14.3539 14.35085 14.6324 14.97983 15.15892 15.74847 15.60309 15.10352 16.13317 16.53425 16.11198 16.77718 15.31496 16.47822 17.4386 18.45137 18.80172 18.17676 17.71488 16.55861 16.43001 18.02775 17.39345 16.67629 16.7053 16.31535 15.17295 15.0746 14.9666 16.47738 17.98399 16.70971 15.26537 15.8497 16.4157 15.64026 19.59006 18.62149 17.7951 18.52673 19.92753 18.58325 18.44235 17.71572 16.77497 16.41959 18.53036 21.00113 21.91051 21.84936 22.01338 21.24174 22.13833 21.67581 22.71503 22.96511 22.88577 21.5658 21.59945 21.72437 21.96442 20.68293 19.67606 20.06974
-128 -128 -128 -128 -128 -128 -128 13.02577 12.93424 12.9551 13.03432 13.5316 13.9443 13.79659 13.62093 13.51399 13.81046 14.90843 15.48716 15.22085 14.12287 14.11711 16.59735 16.49073 15.76418 15.17592 15.78409 18.16248 17.86139 17.162 17.02522 17.17561 16.56873 17.69357 17.20913 18.15026 17.64545 16.98367 15.63372 14.83081 15.3824 16.97033 19.41568 19.48102 16.3151 16.71821 16.2899 16.21353 15.24332 16.82181 15.57585 16.71407 18.12805 18.66323 19.90254 19.89315 19.02183 19.74799 17.99844 16.05131 17.10236 20.30796 19.53639 20.35586 20.45435 19.75621 20.43476 22.14782 22.66222 23.48944 23.84926 23.65779 23.98875 23.80681 22.84353 22.4233 22.438
