formato/VCI/bioclim_14.asc
ncols         186
nrows         781
xllcorner     -75.7
yllcorner     -56.55
cellsize      0.05
NODATA_value  -9999
[rows 510 to 543 of 781, columns 0 to 76 of 186]
-128 -128 -128 -128 -128 -128 -128 -128 -128 -128 -128 -128 -128 -128 -128 -128 -128 -128 -128 -128 -128 -128 -128 -128 -128 -128 -128 -128 7.388522 7.096573 6.711233 6.618072 6.249873 5.683012 5.683062 5.896107 6.01123 6.022349 6.15563 6.046333 6.181585 6.557197 6.63855 7.100508 7.187495 7.149602 7.08732 7.068262 -128 -128 -128 -128 -128 -128 -128 -128 6.869747 6.145011 6.620873 4.435519 4.444611 4.557729 3.663158 4.939404 4.405335 1.183352 2.718377 2.724876 0.7089889 -0.8811689 -0.1566753 -1.055845 0.9592456 -0.3005983 0.1233429 1.644761 -128
-128 -128 -128 -128 -128 -128 -128 -128 -128 -128 -128 -128 -128 -128 -128 -128 -128 -128 -128 -128 -128 -128 -128 -128 -128 -128 -128 7.457757 7.170026 6.846821 6.642572 6.558217 6.310235 5.930082 5.674176 5.756896 5.811224 5.872825 6.196108 6.35362 6.152888 6.445972 6.717499 6.95519 7.197614 7.155367 -128 -128 -128 -128 -128 -128 -128 -128 -128 -128 6.351999 4.52102 5.213038 5.199269 3.737169 3.694749 3.339736 5.017902 5.190342 3.358222 2.743707 1.139055 0.7348387 1.115821 -1.552544 0.2622581 0.2407414 1.40091 -0.9046965 -1.054376 -128
-128 -128 -128 -128 -128 -128 -128 -128 -128 -128 -128 -128 -128 -128 -128 -128 -128 -128 -128 -128 -128 -128 -128 -128 -128 -128 -128 7.38022 6.980581 6.726252 6.547834 6.408756 6.205452 6.167875 6.031896 6.04501 5.971581 5.925214 6.363743 6.734756 6.469233 6.867123 6.931971 7.035759 7.191439 -128 -128 -128 -128 -128 -128 -128 -128 -128 -128 6.968033 6.036507 4.063839 3.578281 3.486868 4.169075 3.000902 2.99272 1.212829 4.876381 3.113639 0.5733498 0.954595 0.6996028 1.713912 0.6701751 -0.5249957 0.284086 2.131302 0.9611273 -0.8881217 -0.4057171
-128 -128 -128 -128 -128 -128 -128 -128 -128 -128 -128 -128 -128 -128 -128 -128 -128 -128 -128 -128 -128 -128 -128 -128 -128 -128 7.472354 7.068951 6.937857 6.803871 6.559903 6.428316 6.06073 5.785967 5.880233 5.883414 5.832443 5.912805 6.197374 6.877582 7.043898 7.069397 7.042411 7.218449 7.233462 -128 -128 -128 -128 -128 -128 -128 -128 -128 -128 6.949552 6.269389 3.074588 2.001474 3.280621 2.897851 3.23313 1.880689 2.327474 4.670532 4.476995 1.788651 -0.06085068 1.651522 1.262176 -0.9359981 -0.4565028 0.05212105 1.116626 0.4022138 1.213361 1.971806
-128 -128 -128 -128 -128 -128 -128 -128 -128 -128 -128 -128 -128 -128 -128 -128 -128 -128 -128 -128 -128 -128 -128 -128 -128 7.565155 7.247531 6.93505 6.769968 6.64115 6.4023 6.269981 6.029794 5.783692 5.825487 5.887633 5.858139 5.856257 5.909964 6.786475 6.988291 7.061305 7.22736 -128 -128 -128 -128 -128 -128 -128 -128 -128 -128 -128 -128 -128 6.495969 4.18845 2.676338 2.540018 3.449735 1.989187 2.478962 3.122026 1.774566 4.887785 5.027029 3.479296 0.6952957 -1.183828 -0.2563553 -1.079765 -2.100088 -1.059843 1.244716 2.378597 2.826137
-128 -128 -128 -128 -128 -128 -128 -128 -128 -128 -128 -128 -128 -128 -128 -128 -128 -128 -128 -128 -128 -128 -128 -128 -128 7.554262 7.216944 6.834639 6.435101 6.544943 6.772253 6.399081 6.44676 6.132058 6.212096 6.139134 6.315948 6.257515 5.672999 6.219061 7.010473 7.206438 7.240109 -128 -128 -128 -128 -128 -128 -128 -128 -128 -128 7.074376 6.94637 6.485453 6.392251 6.027239 4.903683 2.992993 3.6966 1.330189 -0.05379032 -1.484823 0.5704171 3.69225 3.687408 4.227937 2.787849 -0.7784383 -0.4113198 -0.1205238 0.6217569 0.7622251 1.336113 2.092537 1.512652
-128 -128 -128 -128 -128 -128 -128 -128 -128 -128 -128 -128 -128 -128 -128 -128 -128 -128 -128 -128 -128 -128 -128 -128 -128 -128 -128 7.452783 7.192871 7.032772 7.060918 6.962162 6.89602 6.635033 6.58864 6.559413 6.32956 6.623334 6.326122 6.208988 6.975182 -128 -128 -128 -128 -128 -128 -128 -128 -128 -128 -128 6.95475 6.777659 6.154756 5.280669 5.482584 5.863615 5.792974 4.273841 2.186715 3.468143 1.300822 -1.731466 -1.857387 1.387633 1.422679 0.9765089 4.334277 3.124846 0.6769311 -1.443574 -0.6272988 2.766948 2.433334 0.06925772 -1.327609
-128 -128 -128 -128 -128 -128 -128 -128 -128 -128 -128 -128 -128 -128 -128 -128 -128 -128 -128 -128 -128 -128 -128 -128 -128 -128 -128 -128 7.451836 7.437798 7.323657 7.165185 7.104555 7.038492 6.996943 6.821255 6.632674 6.705124 6.666623 6.34259 7.090371 -128 -128 -128 -128 -128 -128 -128 -128 -128 -128 -128 6.869022 6.437932 6.227326 5.466251 4.953328 4.409137 4.520738 5.140118 3.873155 3.86468 2.173433 0.9554188 -0.844863 -0.4587002 2.54216 2.261121 2.314145 4.675542 3.212162 -0.2703044 2.251912 0.3193384 -0.00228061 -1.182139 -0.8240548
-128 -128 -128 -128 -128 -128 -128 -128 -128 -128 -128 -128 -128 -128 -128 -128 -128 -128 -128 -128 -128 -128 -128 -128 -128 -128 -128 -128 7.417946 7.448244 7.394504 7.335265 7.27233 -128 -128 -128 7.04073 7.119681 7.146099 7.17965 -128 -128 -128 -128 -128 -128 -128 -128 -128 -128 -128 -128 6.757343 6.515487 5.465661 5.326976 4.497073 3.489002 1.844741 2.625663 3.345355 3.213525 1.328612 -0.6954102 -0.2976093 1.60453 3.418834 1.068388 0.04988467 2.949697 3.595864 2.145531 1.240606 -1.206235 -1.077776 -2.039122 -0.9711828
-128 -128 -128 -128 -128 -128 -128 -128 -128 -128 -128 -128 -128 -128 -128 -128 -128 -128 -128 -128 -128 -128 -128 -128 -128 -128 -128 -128 7.479659 7.440691 7.386462 -128 -128 -128 -128 -128 -128 -128 -128 -128 -128 -128 -128 -128 -128 -128 -128 -128 -128 -128 -128 -128 6.569195 4.640093 5.528554 4.329766 3.469644 0.5042803 -0.3430402 -0.4127575 0.74406 1.648559 2.460174 -0.6721514 -0.4147329 0.4743757 2.368581 1.298191 -1.435085 -1.618714 0.147311 3.7877 1.168114 -0.04501214 0.2204041 -1.353905 -1.206284
-128 -128 -128 -128 -128 -128 -128 -128 -128 -128 -128 -128 -128 -128 -128 -128 -128 -128 7.56867 7.475528 7.520155 7.565404 -128 -128 -128 -128 -128 -128 -128 -128 -128 -128 -128 -128 -128 -128 -128 -128 -128 -128 -128 -128 -128 -128 -128 -128 -128 -128 -128 -128 -128 -128 6.731744 6.032894 5.815452 5.050303 2.671306 0.5324055 2.418982 3.495891 2.192905 -0.598623 -0.1427116 -0.3117447 -1.514406 -1.168501 1.363274 1.615022 -1.34717 -1.671441 -0.2193453 1.11305 2.265741 -0.1938822 -1.306786 -1.132645 -0.2084686
-128 -128 -128 -128 -128 -128 -128 -128 -128 -128 -128 -128 -128 -128 -128 -128 -128 7.364682 7.153646 6.87807 6.848385 7.084632 7.494213 -128 -128 -128 -128 -128 -128 -128 -128 -128 -128 -128 -128 -128 -128 -128 -128 -128 -128 -128 -128 -128 -128 -128 -128 -128 -128 -128 -128 -128 -128 6.510693 5.530087 5.566427 5.130196 5.087698 4.846992 2.759031 1.221052 -0.1700676 -0.4622867 0.1805394 0.3130255 -1.203786 0.6345465 2.579039 -0.9698951 -1.777112 -0.4113216 1.004727 3.254832 2.73003 0.9290123 -0.7047849 -1.055937
-128 -128 -128 -128 -128 -128 -128 -128 -128 -128 -128 -128 -128 -128 -128 -128 -128 7.451333 6.568151 6.539159 6.501382 6.804706 7.324064 -128 -128 -128 -128 -128 -128 -128 -128 -128 -128 -128 -128 -128 -128 -128 -128 -128 -128 -128 -128 -128 -128 -128 -128 -128 -128 -128 -128 -128 -128 6.587731 6.533319 6.299279 5.153892 5.17438 5.013689 4.258423 2.953214 2.214257 1.546515 -0.3957215 1.266412 0.7892802 1.083817 3.348412 -0.9940791 -1.141477 0.08037201 1.95392 0.2802142 3.042328 3.004409 2.86082 3.183403
-128 -128 -128 -128 -128 -128 -128 -128 -128 -128 -128 -128 -128 -128 -128 -128 -128 -128 7.259049 7.37695 -128 -128 -128 -128 -128 -128 -128 -128 -128 -128 -128 -128 -128 -128 -128 -128 -128 -128 -128 -128 -128 -128 -128 -128 -128 -128 -128 -128 -128 -128 -128 -128 -128 6.579053 5.969773 4.281568 4.604494 5.077234 4.094446 4.840534 3.530251 1.365621 0.3925694 0.05850069 -0.8705437 1.037778 1.999445 3.688495 0.2725538 -0.6077428 2.677274 2.514563 1.743414 0.1071835 0.8273985 1.130318 0.4135492
-128 -128 -128 -128 -128 -128 -128 -128 -128 -128 -128 -128 -128 -128 -128 -128 -128 -128 -128 -128 -128 -128 -128 -128 -128 -128 -128 -128 -128 -128 -128 -128 -128 -128 -128 -128 -128 -128 -128 -128 -128 -128 -128 7.170497 7.121435 -128 -128 -128 -128 -128 -128 -128 -128 5.67792 4.599998 3.578728 4.296439 4.792444 2.972191 3.612599 2.080912 2.793122 2.691126 1.450523 -1.156216 -0.07888744 1.32611 3.15125 3.074512 2.331979 3.502321 0.6675702 0.5049636 -0.7018731 -0.7234443 -1.47852 -1.234022
-128 -128 -128 -128 -128 -128 -128 -128 -128 -128 -128 -128 -128 -128 -128 -128 -128 -128 -128 -128 -128 -128 -128 -128 -128 -128 -128 -128 -128 -128 -128 7.246879 7.196472 7.124579 7.108844 7.091834 7.045381 7.005816 -128 -128 -128 -128 -128 -128 -128 -128 -128 -128 -128 -128 -128 -128 6.450354 6.416788 6.280958 5.898979 5.211073 5.044625 1.753063 3.012584 0.6871054 0.8661082 -0.2082614 0.6453928 -0.2552714 0.9608368 3.092845 1.862259 -0.1360805 -0.3319762 2.400097 -1.078772 -1.569697 -0.2665149 -1.488839 -1.232587 -0.1550763
-128 -128 -128 -128 -128 -128 -128 -128 -128 -128 -128 -128 -128 -128 -128 -128 -128 -128 -128 -128 -128 -128 -128 -128 -128 -128 -128 -128 -128 -128 -128 7.097033 6.636 6.609612 6.920154 7.013229 6.748549 6.632626 6.937646 6.996431 -128 -128 -128 -128 -128 -128 -128 -128 -128 -128 -128 -128 6.347007 6.30653 5.698258 5.567908 3.072721 4.736743 4.637125 4.326479 2.460524 2.216351 1.692702 0.2063198 -0.8272095 0.7038727 3.57065 1.797314 -1.454069 -0.4740652 0.102794 1.484606 -0.4617118 -1.535356 -1.98334 -1.074069 0.5432779
-128 -128 -128 -128 -128 -128 -128 -128 -128 -128 -128 -128 -128 -128 -128 -128 -128 -128 -128 -128 -128 -128 -128 -128 -128 -128 -128 -128 -128 -128 7.229592 6.992211 6.669684 6.41728 6.32067 6.711826 6.749453 6.586538 6.624997 6.898921 6.954352 6.978153 -128 -128 -128 -128 -128 -128 -128 -128 6.112043 6.113083 6.191722 5.424449 5.828557 5.372749 5.026704 4.386754 3.672096 2.52334 2.2812 1.353028 1.687774 0.9517976 -0.02396982 1.362685 3.762004 3.145752 1.962541 0.1734305 -1.73478 -1.265239 0.72079 -0.2750147 -2.059802 -1.303012 -1.091107
-128 -128 -128 -128 -128 -128 -128 -128 -128 -128 -128 -128 -128 -128 -128 -128 -128 -128 -128 -128 -128 -128 -128 -128 -128 -128 -128 -128 -128 -128 7.195541 7.127651 7.058396 6.866819 6.548598 6.39163 6.591202 6.679842 6.71669 6.791059 6.872504 6.914448 6.943534 -128 -128 -128 -128 -128 6.414227 5.315834 4.006143 5.346727 5.968509 5.296408 5.255914 4.102177 2.983416 3.725224 5.01833 2.792888 0.9413545 -0.03706122 0.4212912 1.09713 2.87798 4.607687 3.926116 2.399699 3.437937 3.171608 0.7000399 -1.110441 -1.125024 -1.26376 -2.434781 -2.789147 -2.017213
-128 -128 -128 -128 -128 -128 -128 -128 -128 -128 -128 -128 -128 -128 -128 -128 -128 -128 -128 -128 -128 -128 -128 -128 -128 -128 -128 -128 -128 7.108682 7.09179 7.109643 7.052277 -128 6.950242 6.727916 6.339817 6.539488 6.721672 6.629259 6.505132 6.77354 6.892613 -128 6.850736 -128 -128 -128 6.259013 4.995842 4.078526 5.321022 5.080253 4.741413 4.046493 4.56686 3.628661 2.465133 4.314015 4.19397 3.239994 1.845929 3.259233 4.104659 4.407724 4.779017 3.520558 3.827681 3.823143 3.888247 1.945283 0.2936689 0.4987504 -1.410087 -1.283724 -1.251406 -1.316883
-128 -128 -128 -128 -128 -128 -128 -128 -128 -128 -128 -128 -128 -128 -128 -128 -128 -128 -128 -128 -128 -128 -128 -128 -128 -128 -128 -128 7.015413 6.74866 6.982163 7.034076 6.995442 -128 -128 6.891196 6.871323 6.818246 6.769452 6.683835 6.429025 6.482019 6.658976 6.833592 6.800531 -128 -128 -128 6.212097 5.856524 5.581707 5.516014 3.812875 3.298127 3.527889 2.122112 1.315831 2.440465 3.019002 0.9758533 3.358603 4.085046 4.722661 4.249536 4.054811 3.687572 0.1554344 3.451094 3.082918 2.370545 -0.1375251 0.1316805 0.3294658 1.590042 0.9530185 -0.005436177 -0.9782189
-128 -128 -128 -128 -128 -128 -128 -128 -128 -128 -128 -128 -128 -128 -128 -128 -128 -128 -128 -128 -128 -128 -128 -128 -128 -128 7.131334 6.864954 6.694549 6.581396 6.83771 6.92836 6.89161 6.875176 6.856192 6.825084 6.803713 6.81912 6.776124 6.79213 6.652634 6.142982 6.551622 6.734144 -128 -128 -128 -128 6.198775 6.080366 4.394037 5.921396 4.313749 4.144141 1.988713 -0.6309374 -3.900694 -1.486133 0.7194945 1.556988 0.6680489 1.447863 2.361106 0.3455507 2.547837 1.648587 0.8363311 3.747125 2.242667 3.685045 2.919667 -0.06552463 -1.259898 -1.275487 -1.046663 -0.2611932 1.437091
-128 -128 -128 -128 -128 -128 -128 -128 -128 -128 -128 -128 -128 -128 -128 -128 -128 -128 -128 -128 -128 -128 -128 -128 -128 7.095028 7.022382 6.233786 6.167164 6.469285 6.698804 6.30278 6.114442 6.767968 6.472836 5.424819 6.271708 6.773098 6.773962 6.775435 6.74137 6.533958 6.550968 6.351222 6.385949 6.570042 -128 -128 6.112562 5.866221 4.608283 4.775398 5.299993 4.653944 4.106871 3.621465 2.239209 0.9533021 0.8701066 -0.1461117 0.2687071 0.4071974 0.6053616 0.2958038 3.140224 1.222566 2.378601 1.886531 0.1043176 2.453998 3.710526 1.110956 -0.964458 -0.5599046 -0.7676327 0.305594 0.7179067
-128 -128 -128 -128 -128 -128 -128 -128 -128 -128 -128 -128 -128 -128 -128 -128 -128 -128 -128 -128 -128 -128 -128 -128 -128 7.022521 6.941452 6.623658 6.206578 6.689635 6.655662 6.029664 5.935239 6.100993 6.016134 5.549504 6.046598 6.549562 6.767446 6.655988 6.452966 6.728464 6.680426 6.559622 6.558541 -128 -128 -128 6.056847 5.340264 4.442285 5.417211 4.935491 3.683839 2.095672 2.270309 2.166418 1.847932 2.181766 1.059814 -0.1817751 0.5948249 -0.3576786 0.2501422 3.199373 -0.588146 1.915363 1.716516 0.8743097 1.386933 2.14953 1.341796 1.238082 0.1466389 -0.7103599 1.430711 1.809658
-128 -128 -128 -128 -128 -128 -128 -128 -128 -128 -128 -128 -128 -128 -128 -128 -128 -128 -128 -128 -128 -128 -128 -128 -128 6.95371 6.615075 6.083875 6.522622 6.573722 6.577829 6.561157 5.660561 5.642195 5.634907 5.736132 6.390059 6.602865 6.709633 6.663055 6.640103 6.680083 -128 6.687431 -128 -128 -128 -128 -128 5.960231 5.231106 4.154006 4.067502 3.728669 3.222085 1.988376 1.045498 1.316374 -0.8417543 -0.357167 1.13187 1.479024 0.03700572 1.088614 1.815654 -0.2585414 0.3323578 3.21369 -0.540777 -0.07159816 1.083665 0.002513874 -0.6011993 0.1681634 1.388287 2.221606 3.372934
-128 -128 -128 -128 -128 -128 -128 -128 -128 -128 -128 -128 -128 -128 -128 -128 -128 -128 -128 -128 -128 -128 -128 -128 6.98707 6.896646 5.938533 4.087522 4.360606 6.356044 6.467852 6.263872 5.956185 4.681555 5.838386 5.75685 6.156101 6.296862 6.570692 6.334301 6.35234 6.623375 6.653573 6.631427 6.468609 6.443202 -128 -128 -128 5.908795 5.988935 5.56679 5.428308 4.733477 4.124437 1.940015 3.213596 3.615412 2.33024 2.352923 2.158647 0.4215331 0.3299254 2.401854 0.1017508 -1.602834 -1.176305 2.005816 -1.541204 -1.550488 -0.5487149 -0.3288597 0.3011655 1.250497 2.061249 2.853122 2.778872
-128 -128 -128 -128 -128 -128 -128 -128 -128 -128 -128 -128 -128 -128 -128 -128 -128 -128 -128 -128 -128 -128 -128 -128 6.93682 6.861023 6.705046 5.783926 6.190753 6.437585 6.502196 6.197204 6.176517 5.690993 5.945902 5.901628 6.043633 5.901069 6.47034 6.605634 6.551206 6.586847 6.572866 6.611401 6.546348 -128 6.320401 6.229539 5.577402 5.22256 5.852724 5.355819 5.584127 4.993209 5.413365 5.109476 3.270649 2.096384 1.48575 -0.07112557 0.0568401 0.8959166 3.281883 1.523095 0.1218635 -1.003025 0.2700399 0.2469147 -1.694978 -0.8659842 -0.3090591 0.1695239 1.079966 1.009807 0.8192048 1.349527 0.8357258
-128 -128 -128 -128 -128 -128 -128 -128 -128 -128 -128 -128 -128 -128 -128 -128 -128 -128 -128 -128 -128 -128 -128 6.927822 6.887105 6.786414 6.654414 5.638274 6.076185 6.480886 6.0517 5.495763 6.074874 4.395052 4.709948 5.950864 6.119731 6.236789 6.378358 6.043056 6.176619 6.484892 6.543193 6.571418 -128 -128 -128 6.258455 4.703144 4.315206 5.317692 5.675793 5.279334 5.207144 5.21018 5.359696 4.072899 3.302855 2.575194 2.204363 2.599866 3.543262 4.098387 1.275872 -2.442775 -2.771558 -2.252561 -2.035591 -0.4626812 0.2965938 -1.24588 0.5562166 0.1458125 -0.6472824 -0.9443262 -1.369305 -1.023872
-128 -128 -128 -128 -128 -128 -128 -128 -128 -128 -128 -128 -128 -128 -128 -128 -128 -128 -128 -128 -128 -128 -128 6.764037 6.220412 6.686924 6.235123 4.730413 3.881173 5.999407 6.418818 6.149352 6.445265 6.416594 5.957728 5.598966 5.956853 5.870466 6.048808 6.056071 6.116636 6.431027 6.502964 -128 -128 -128 -128 -128 6.260138 5.286607 3.770328 5.677052 5.121144 3.942283 2.783993 4.657388 5.102077 4.987691 3.859965 2.007783 2.602974 4.648399 2.448022 -1.450564 -2.842961 -3.416553 -2.304172 -2.341395 -1.857528 -0.8387808 1.728482 1.581509 -1.712684 -0.8356226 -1.08682 -2.060774 -2.248167
-128 -128 -128 -128 -128 -128 -128 -128 -128 -128 -128 -128 -128 -128 -128 -128 -128 -128 -128 -128 -128 -128 6.80326 5.982124 4.634957 5.839781 4.414735 4.087627 4.888606 5.203749 6.241921 6.392595 6.240939 6.245718 6.243147 6.386613 5.826581 6.160864 6.277544 6.377095 6.214134 6.12159 6.318154 6.527745 -128 -128 -128 6.373044 6.269124 4.308033 3.338293 3.566492 3.481085 4.663128 3.108072 4.476957 2.166573 1.572035 3.439991 4.094113 3.328211 4.823963 3.983337 1.681699 0.1100763 -1.465266 -2.648612 -1.720637 -1.060473 0.1190201 -0.2305741 -2.018753 -2.229757 -2.318654 -2.795773 -2.487213 -1.976174
-128 -128 -128 -128 -128 -128 -128 -128 -128 -128 -128 -128 -128 -128 -128 -128 -128 6.931757 6.873953 -128 -128 -128 -128 6.448454 5.311164 5.120721 5.817176 4.497183 3.844684 4.045213 4.449287 6.211407 5.816565 5.523872 5.73912 6.102506 6.034853 6.323988 6.270178 6.046725 6.013629 6.137364 6.446709 -128 -128 -128 6.349622 6.10417 6.293338 5.512651 4.663302 3.496668 2.398357 2.533828 4.573869 4.326353 1.771671 1.42844 0.8139238 2.49027 4.728056 4.019084 2.175414 2.280493 -0.3527055 -1.560382 -1.363866 -2.372185 -2.963178 -1.743176 0.5470439 -0.9978304 -0.9304578 -0.591025 -1.12406 -1.081603 -0.4515956
-128 -128 -128 -128 -128 -128 -128 -128 -128 -128 -128 -128 -128 -128 -128 -128 -128 6.840066 6.423896 6.699127 -128 6.766 -128 -128 -128 6.684186 6.593542 6.253808 5.902874 6.032972 5.998652 6.071672 6.392623 6.314118 6.203232 5.442431 6.226578 6.168043 4.639906 4.425179 4.957685 6.11485 6.476136 -128 -128 6.389046 6.221288 5.8649 5.905121 3.649574 4.59832 5.384337 4.570488 2.382967 4.462475 1.995538 0.9457328 0.6333134 2.020491 4.168878 4.261805 1.064019 -0.5397919 -0.6666918 0.7779232 1.96125 0.514367 -0.3733637 -0.747161 -1.701022 -1.259057 -1.610134 -2.043431 -2.283199 -2.522371 -1.595632 -1.14306
-128 -128 -128 -128 -128 -128 -128 -128 -128 -128 -128 -128 -128 -128 -128 -128 -128 6.846524 6.396885 6.647031 6.717367 6.635178 6.498597 6.526556 6.665484 6.663297 6.480283 6.090391 5.739889 4.72928 4.193499 4.58079 4.491245 4.447138 4.613457 4.796613 5.95213 5.810477 4.986741 3.43865 4.202906 5.822261 6.461535 -128 6.492419 5.705003 5.068514 4.56957 4.464443 5.391869 3.198787 3.71303 3.550546 4.252372 4.132914 4.968287 3.603745 3.141874 4.455959 4.809364 4.130497 1.288061 0.3120629 -1.70635 -1.704104 0.2865999 0.6673621 1.022353 1.616051 -1.306759 -1.634299 0.6204154 -1.634324 -1.378274 -1.040056 0.3636793 0.3719823
-128 -128 -128 -128 -128 -128 -128 -128 -128 -128 -128 -128 -128 -128 -128 -128 -128 6.868085 6.765495 6.716863 6.689014 6.554472 6.109566 5.133437 5.663999 6.403186 4.894248 4.400599 4.54991 4.83398 4.352077 3.758974 4.465705 4.58554 5.556262 4.729546 5.565303 6.021355 5.045824 2.512388 4.071654 5.889 6.41016 -128 6.460782 5.559063 4.681222 4.415266 3.38706 3.274698 4.67133 2.930581 0.6383489 3.062676 1.735508 1.716162 2.705465 4.305181 4.779006 4.611349 3.340169 -0.2095369 -0.2963476 1.310396 2.255247 1.611067 1.817763 2.342392 2.032786 0.3725624 -0.823512 1.139226 0.01030177 1.38657 1.326989 0.6495525 0.7002081
