formato/VCI/bioclim_15.asc
ncols         186
nrows         781
xllcorner     -75.7
yllcorner     -56.55
cellsize      0.05
NODATA_value  -9999
[rows 102 to 135 of 781, columns 77 to 153 of 186]
-128 -128 -128 -128 -128 -128 -128 -128 -128 -128 -128 -128 -128 -128 -128 -128 -128 -128 -128 -128 -128 -128 -128 -128 -128 -128 -128 -128 -128 -128 -128 8.986366 12.88064 10.15804 8.277819 9.168894 8.707742 9.721377 11.56796 12.55929 14.18744 14.38301 15.47935 16.40033 16.2451 16.07635 15.41007 14.84294 13.87294 13.0175 11.43969 10.63162 11.03975 11.91988 11.12706 11.77039 12.11485 13.53957 17.96653 17.11038 17.03507 17.4646 16.82741 16.36983 16.55243 16.15652 16.58574 18.6212 21.3156 22.12891 20.47353 21.15189 17.77456 23.24472 28.17067 34.87666 46.41893
-128 -128 -128 -128 -128 -128 -128 -128 -128 -128 -128 -128 -128 -128 -128 -128 -128 -128 -128 -128 -128 -128 -128 -128 -128 -128 -128 -128 -128 -128 -128 9.377761 12.72984 9.857738 9.749878 10.03914 9.241638 9.342062 10.21336 11.39138 13.51866 14.15043 14.98348 16.08489 16.87493 16.05687 15.1292 14.43906 13.69293 13.05758 11.58771 10.96941 10.97216 11.60964 11.73702 12.9845 14.11563 16.82382 18.99745 16.43787 15.62001 17.75067 17.8849 16.98804 17.22367 17.31658 18.37262 20.43921 23.22411 23.60667 21.51243 19.6123 18.02457 22.03013 27.22757 28.81299 29.2744
-128 -128 -128 -128 -128 -128 -128 -128 -128 -128 -128 -128 -128 -128 -128 -128 -128 -128 -128 -128 -128 -128 -128 -128 -128 -128 -128 -128 -128 -128 -128 9.40827 13.11394 10.12663 10.58583 11.57659 10.53774 9.594316 10.48723 11.87141 13.39382 14.66675 16.04963 16.34395 16.54006 15.72304 14.97899 14.23831 13.69226 13.26687 11.58813 10.82287 10.7132 11.66219 12.44724 14.26617 17.99843 21.70246 18.09417 15.38847 14.96528 16.59506 16.98581 16.60185 17.22482 17.94643 19.18248 21.31623 23.91288 22.81421 20.8116 18.07955 17.35779 19.84054 21.61997 22.24499 24.43143
-128 -128 -128 -128 -128 -128 -128 -128 -128 -128 -128 -128 -128 -128 -128 -128 -128 -128 -128 -128 -128 -128 -128 -128 -128 -128 -128 -128 -128 -128 10.33284 11.31416 14.32549 9.627357 10.03457 11.35639 11.57414 10.16845 11.13675 12.70577 14.1592 15.47506 17.1518 17.38312 16.33382 14.98521 14.41773 13.99125 13.68756 13.5244 12.03005 10.47957 10.80652 11.86237 12.97389 14.29639 17.75224 18.97458 15.7336 14.21678 14.37759 15.36715 15.92111 16.15001 16.97819 18.57997 20.64183 22.69102 22.56124 19.7273 18.32427 16.92902 17.42484 17.72026 20.34144 20.71734 22.93444
-128 -128 -128 -128 -128 -128 -128 -128 -128 -128 -128 -128 -128 -128 -128 -128 -128 -128 -128 -128 -128 -128 -128 -128 -128 -128 -128 -128 -128 -128 10.20181 11.56425 14.8261 10.52776 9.697469 10.35324 10.83366 11.36166 11.52133 13.15876 13.98908 15.04351 16.23106 16.44577 15.69955 14.55282 14.36716 14.06679 13.61921 13.69978 12.37164 10.85523 11.1875 11.70775 12.26435 13.28936 13.99484 14.99165 14.25741 13.30375 13.34968 14.06289 14.85365 15.54325 16.8666 19.39884 21.70119 22.30608 20.27495 17.41555 16.50741 16.48488 17.66547 18.4144 19.87729 19.80719 21.23784
-128 -128 -128 -128 -128 -128 -128 -128 -128 -128 -128 -128 -128 -128 -128 -128 -128 -128 -128 -128 -128 -128 -128 -128 -128 -128 -128 -128 -128 -128 -128 9.01876 14.48818 10.95426 9.670039 10.23306 10.4298 11.94614 11.76603 12.72291 12.66868 14.34014 15.34564 15.61125 15.29502 14.65826 14.41914 13.59867 13.07326 13.04481 11.79436 10.78725 10.63647 10.8539 11.54583 12.0085 12.60743 13.42714 13.18785 12.98661 13.56683 14.1082 14.9181 15.20952 16.55817 19.524 21.51135 20.34757 18.01897 16.74528 16.49248 17.48501 18.71022 19.04604 20.05 18.6758 19.60421
-128 -128 -128 -128 -128 -128 -128 -128 -128 -128 -128 -128 -128 -128 -128 -128 -128 -128 -128 -128 -128 -128 -128 -128 -128 -128 -128 -128 -128 -128 9.841501 9.42441 14.47948 10.3493 9.82653 10.14986 10.17625 11.51913 12.13599 12.20515 12.3861 14.14005 14.64898 15.04377 15.3152 15.1542 14.17657 12.9688 12.03208 11.42084 10.44401 9.685572 9.650839 9.833933 10.01743 10.91295 11.45122 12.32632 12.3277 12.36999 14.04022 15.31645 16.74912 15.80278 16.7889 19.16155 19.41062 17.75368 17.11842 16.91171 17.88006 19.15978 19.42348 19.13945 19.8612 18.16441 18.48167
-128 -128 -128 -128 -128 -128 -128 -128 -128 -128 -128 -128 -128 -128 -128 -128 -128 -128 -128 -128 -128 -128 -128 -128 -128 -128 -128 -128 -128 -128 9.819485 13.24591 14.49818 9.197135 9.467301 9.11236 10.03866 11.24163 11.93522 11.69554 12.5671 14.255 14.83947 15.17027 15.18431 14.81584 13.60275 12.23852 10.99349 10.33803 9.894243 8.967672 9.486645 9.660549 9.428985 10.35836 11.90448 12.02629 11.75873 12.62449 15.78168 17.60962 16.66015 16.20802 17.66948 19.20226 18.53504 16.05402 16.65917 18.37057 19.74916 19.90941 20.20556 20.63446 20.38522 17.80649 17.9614
-128 -128 -128 -128 -128 -128 -128 -128 -128 -128 -128 -128 -128 -128 -128 -128 -128 -128 -128 -128 -128 -128 -128 -128 -128 -128 13.11159 12.47387 -128 11.42501 9.963458 14.60124 12.26853 9.052021 9.835721 8.541193 10.42258 11.05564 11.84085 11.64139 12.68965 13.37143 13.40145 13.78664 13.90924 13.60909 13.40317 12.75364 11.28174 10.35436 9.338523 8.912611 9.154572 9.825813 10.02499 10.61958 11.98563 13.14504 12.82981 13.5874 18.19157 16.32044 16.07132 17.85073 18.8576 20.31348 19.3295 16.15826 16.99225 19.53912 20.93703 21.23651 21.94748 22.43289 21.70502 18.09682 17.77145
-128 -128 -128 -128 -128 -128 -128 -128 -128 -128 -128 -128 -128 -128 -128 -128 -128 -128 -128 -128 -128 -128 -128 -128 -128 13.12204 14.60546 11.98102 11.57224 11.44451 10.63744 14.10881 10.80587 9.320385 9.363065 9.21354 10.64816 10.8678 11.25312 11.21446 12.67024 12.83734 13.05398 12.47077 12.39334 12.55082 12.51606 12.076 11.26242 10.42212 9.383359 9.277957 9.597873 9.600633 9.847486 10.57588 12.97801 15.30646 14.53232 15.01515 17.77329 15.98748 19.85667 24.22377 21.03469 20.37538 19.26959 15.85964 17.51573 21.51364 21.33276 22.63041 23.47048 23.53126 22.62834 18.98731 17.65694
-128 -128 -128 -128 -128 -128 -128 -128 -128 -128 -128 -128 -128 -128 -128 -128 -128 -128 -128 -128 -128 -128 -128 -128 -128 13.23875 16.00035 12.34219 11.85609 11.69689 11.06225 11.41387 9.782643 9.577214 9.435404 9.480901 9.405733 11.02096 10.9816 11.01794 12.28778 12.27456 12.56886 12.40814 12.05994 11.87593 11.83291 11.73061 11.08277 10.57318 9.857895 9.718813 9.855951 9.797501 10.30612 12.30292 14.21739 15.77235 13.90656 14.50951 15.31874 17.25767 20.17819 23.61694 20.31772 18.29088 15.74534 15.83332 19.6768 21.83493 22.19754 23.02539 23.81393 23.89108 22.82968 19.51191 17.52597
-128 -128 -128 -128 -128 -128 -128 -128 -128 -128 -128 -128 -128 -128 -128 -128 -128 -128 -128 -128 -128 -128 -128 -128 -128 12.93234 14.68503 12.20358 11.85988 11.52862 10.72264 11.70898 11.4698 10.13875 10.15528 9.542728 9.97856 10.94591 11.21533 11.44486 11.39296 10.9285 11.46244 10.89617 11.27215 11.70226 11.30258 10.99484 11.62039 11.65013 10.76576 9.953954 9.733308 10.76044 11.75861 14.54557 16.8831 16.7983 14.86133 14.54981 15.56001 16.6097 17.79064 18.05564 16.78874 15.7018 14.44405 16.65784 19.90284 19.79312 22.23675 22.98679 23.59293 24.02659 22.89373 19.60311 17.22508
-128 -128 -128 -128 -128 -128 -128 -128 -128 -128 -128 -128 -128 -128 -128 -128 -128 -128 -128 -128 -128 -128 -128 -128 13.08237 13.42983 14.13384 12.25844 11.8101 11.41691 12.26192 12.26174 12.64626 10.96337 9.923507 9.650473 10.26677 11.57956 11.07557 11.28984 10.77434 10.26032 9.772285 10.38127 11.59033 11.40272 10.85199 11.55143 11.56142 12.14764 11.26608 9.912485 10.10937 12.00957 13.00667 14.61237 17.58727 18.7557 16.40284 16.46483 16.12348 16.8536 18.19116 17.51961 15.33527 14.22187 15.09849 18.60594 20.03631 19.40967 20.45639 21.19736 22.39177 23.63828 22.92826 19.5293 16.94036
-128 -128 -128 -128 -128 -128 -128 -128 -128 -128 -128 -128 -128 -128 -128 -128 -128 -128 -128 -128 -128 -128 -128 -128 13.09908 13.73568 13.18245 12.18546 11.58889 11.84883 12.48969 13.38271 12.8677 12.11987 10.0835 10.55262 10.72943 11.11444 10.58223 10.34722 9.927705 9.727509 10.54986 11.40485 11.0221 10.57708 10.70764 11.22837 11.65969 12.27261 10.83289 10.37913 11.16433 12.98321 13.49358 14.80717 19.15193 17.99795 17.84667 17.79377 17.50581 17.89524 18.30688 17.34285 14.9161 14.76311 16.53978 19.53178 19.73162 19.50333 19.87378 20.29049 21.25591 22.81659 22.80262 19.45312 16.6307
-128 -128 -128 -128 -128 -128 -128 -128 -128 -128 -128 -128 -128 -128 -128 -128 -128 -128 -128 -128 -128 -128 -128 -128 13.13428 13.17184 12.6635 12.13087 11.38614 11.93508 12.40685 11.83528 11.66203 12.32134 10.21543 10.21906 10.98533 10.92513 10.2412 10.23062 9.688504 10.90799 11.30825 10.53225 9.753535 10.01777 11.25811 12.16701 12.16678 11.28111 10.46125 10.26689 10.83033 12.33693 12.23023 13.48842 18.31029 19.52299 18.42341 17.57712 17.27456 17.95762 18.54582 16.98786 15.11581 15.88263 17.81123 20.05382 19.21618 19.46316 20.18684 20.45289 21.1172 21.87831 22.65995 19.33299 16.84234
-128 -128 -128 -128 -128 -128 -128 -128 -128 -128 -128 -128 -128 -128 -128 -128 -128 -128 -128 -128 -128 -128 -128 -128 13.18113 13.20316 12.6002 11.83966 11.31688 11.54 11.25629 11.59398 12.63705 10.93675 10.028 10.27259 11.15568 10.19152 10.27455 10.63064 10.33241 11.40427 10.64373 8.839298 8.880202 9.835478 10.65098 11.05527 11.53991 10.44236 10.54475 10.15961 10.65952 11.53011 11.04822 12.39566 16.11901 15.89895 15.7921 15.17556 15.51171 17.38475 18.57604 17.28822 15.78806 16.93325 19.40616 19.39934 18.83566 19.58847 20.39644 20.76371 21.16286 22.11183 22.7086 19.74949 16.99924
-128 -128 -128 -128 -128 -128 -128 -128 -128 -128 -128 -128 -128 -128 -128 -128 -128 -128 -128 -128 -128 -128 -128 -128 13.41209 13.40932 12.50653 11.37031 11.31573 12.24472 12.58407 12.85235 11.98393 10.42281 9.457197 10.46212 11.0243 11.13435 11.10287 10.87428 10.92439 11.34139 10.71664 10.02513 10.52861 11.23383 10.98101 11.00268 10.99135 11.19857 11.07751 11.01339 11.4487 11.20952 10.86836 14.65232 15.41309 14.50607 13.29167 12.57691 14.28113 16.7522 18.29935 17.03055 15.6812 16.94121 19.48557 18.74135 18.66412 19.71745 20.38742 21.2859 21.46595 21.70706 22.34993 19.53525 17.13349
-128 -128 -128 -128 -128 -128 -128 -128 -128 -128 -128 -128 -128 -128 -128 -128 -128 -128 -128 -128 -128 -128 -128 -128 13.84003 18.37705 12.69983 11.05587 10.81753 12.54708 14.62829 13.15805 10.8581 9.779395 10.18531 11.50087 11.83015 11.87501 11.99584 11.32198 10.88204 10.82178 10.7051 10.70404 10.92565 11.62455 11.61586 12.09432 11.51709 11.53687 11.86618 12.92402 11.71514 10.89782 10.50967 12.91542 15.74269 15.96218 14.37119 13.75346 14.87306 16.58535 18.03973 16.87902 15.79355 16.82619 17.83358 18.07059 19.06554 20.02012 20.44314 20.74118 21.21222 21.37748 21.74622 19.40145 16.73615
-128 -128 -128 -128 -128 -128 -128 -128 -128 -128 -128 -128 -128 -128 -128 -128 -128 -128 -128 -128 -128 -128 -128 -128 13.85268 14.06123 12.40192 -128 10.64305 12.33392 15.49967 13.25132 11.12707 10.73797 10.7125 11.72356 10.92488 11.44938 11.81023 11.20202 10.54447 10.33507 11.12374 10.9856 10.07986 11.27222 11.69675 11.76435 11.59839 11.26859 11.39558 12.28673 11.36997 10.8553 10.38129 12.60146 15.90681 15.81177 15.8176 15.50735 15.26033 16.37385 18.06601 17.58621 15.85841 16.69423 17.54613 18.34931 19.05285 20.17397 20.54009 20.83599 21.11934 21.36065 21.79927 19.31804 16.64654
-128 -128 -128 -128 -128 -128 -128 -128 -128 -128 -128 -128 -128 -128 -128 -128 -128 -128 -128 -128 -128 -128 -128 -128 -128 -128 -128 -128 10.83749 12.02298 16.89035 13.14149 11.72406 11.68885 10.79366 12.07847 12.09765 11.67385 12.46 11.37757 10.96936 10.87009 10.98907 10.72807 10.06436 10.48272 10.27505 10.69899 11.50161 10.75686 11.46347 11.25421 10.81672 10.83835 10.70261 13.52967 15.42017 15.81791 16.05819 15.99543 15.4886 17.36925 19.68962 18.38416 16.80907 17.16987 18.05243 18.92243 19.82753 20.40295 20.65006 21.11888 21.29163 21.4759 21.82227 19.21138 16.74298
-128 -128 -128 -128 -128 -128 -128 -128 -128 -128 -128 -128 -128 -128 -128 -128 -128 -128 -128 -128 -128 -128 -128 -128 -128 -128 -128 -128 11.1351 12.36902 15.41513 13.09604 12.24646 12.15529 12.06377 11.87981 12.74389 12.21497 12.15617 11.67053 11.23405 11.13297 10.93568 10.04756 9.533635 9.5717 10.01049 11.17413 11.96384 11.60268 12.42509 11.30816 10.77401 11.95957 13.2267 15.93254 15.46052 15.42257 15.43721 15.26763 16.37745 18.31338 19.84765 19.49911 17.39361 17.99288 18.76464 19.48714 20.4744 21.12087 20.737 21.20818 21.673 21.93969 21.90523 19.28544 18.16031
-128 -128 -128 -128 -128 -128 -128 -128 -128 -128 -128 -128 -128 -128 -128 -128 -128 -128 -128 -128 -128 -128 -128 -128 -128 -128 -128 -128 11.02775 13.88744 15.69749 12.65657 12.20517 11.89133 11.95814 11.33352 11.86849 11.63645 11.59318 12.08347 11.25215 11.11331 10.36027 9.908775 10.39863 10.12574 11.49283 11.61633 12.20136 12.56703 12.32974 11.12821 12.27875 14.66213 15.9341 16.10247 15.36132 15.51497 15.20167 15.90757 17.95354 19.18211 18.97676 19.94228 17.32567 17.94987 18.63939 19.02195 19.74886 21.10467 19.98951 20.95423 21.94584 21.9214 21.33023 19.2343 19.46236
-128 -128 -128 -128 -128 -128 -128 -128 -128 -128 -128 -128 -128 -128 -128 -128 -128 -128 -128 -128 -128 -128 -128 -128 -128 -128 -128 -128 12.14225 13.95743 15.00531 13.20486 12.69241 11.79206 11.4962 11.53577 11.87515 11.88699 12.07938 12.1376 11.23064 10.67785 9.966616 10.30272 10.90721 10.28682 11.37474 11.58355 11.47158 12.34099 11.23505 11.87692 13.2928 16.02585 15.27204 15.9779 15.29661 15.47681 16.11102 18.27294 22.59479 24.74119 23.22741 22.60605 18.18483 17.80266 18.7892 18.90349 20.83299 22.16372 20.04959 20.501 21.34399 21.37775 20.16601 19.36786 21.01792
-128 -128 -128 -128 -128 -128 -128 -128 -128 -128 -128 -128 -128 -128 -128 -128 -128 -128 -128 -128 -128 -128 -128 -128 -128 -128 12.50547 12.62283 12.63405 13.95477 12.72016 12.68034 12.40058 11.50545 11.22143 11.61518 11.96769 12.07492 12.14467 12.28932 11.34361 10.5888 10.25324 10.83061 12.31881 11.10538 11.27862 10.53707 10.11621 11.47044 11.0198 12.01466 13.81831 17.32694 15.57965 15.09207 15.60542 14.92108 16.80569 22.86633 25.48349 25.71553 27.87073 25.03248 19.06246 18.28613 18.75161 19.03011 20.24596 21.91403 19.49302 19.06504 19.15718 19.42123 18.77903 19.56448 21.40648
-128 -128 -128 -128 -128 -128 -128 -128 -128 -128 -128 -128 -128 -128 -128 -128 -128 -128 -128 -128 -128 -128 -128 -128 -128 -128 12.14946 15.34211 13.35124 13.23378 11.86376 11.65098 12.14072 11.06031 10.63883 11.06665 11.45905 11.6103 12.29732 12.59949 11.61439 10.79979 10.27627 11.08538 13.01957 11.36066 9.750422 9.161206 10.1978 11.58355 11.25756 12.73975 15.69082 18.48583 16.07149 14.64517 16.63198 15.21305 17.46253 26.09985 25.35615 25.66238 27.3274 24.33641 18.64396 17.89437 18.10897 19.75901 22.41069 23.36841 19.93976 19.15086 18.32431 18.85706 19.08539 20.30361 22.43736
-128 -128 -128 -128 -128 -128 -128 -128 -128 -128 -128 -128 -128 -128 -128 -128 -128 -128 -128 -128 -128 -128 -128 -128 -128 -128 11.52992 14.11571 14.27679 13.38044 11.86034 10.6629 11.62075 10.98968 10.1156 10.8437 10.77733 10.85309 11.86638 12.62289 11.75892 11.23165 10.66711 10.73619 11.17028 10.26454 9.676207 9.310324 11.10329 11.28296 12.1231 13.64941 16.35992 16.3771 15.36007 16.66754 17.74933 16.16976 16.30655 23.78899 24.96845 26.95539 28.66842 24.9419 18.22356 17.33445 19.03888 21.85029 25.28692 23.51709 21.90602 19.81957 18.60633 19.54418 20.48516 22.4468 25.61741
-128 -128 -128 -128 -128 -128 -128 -128 -128 -128 -128 -128 -128 -128 -128 -128 -128 -128 -128 -128 -128 -128 -128 -128 -128 -128 11.00033 13.57533 15.05739 12.12873 10.99636 10.01683 10.57056 10.49098 9.274858 9.761433 10.73018 10.39537 11.04131 12.00179 11.55496 10.97361 10.50604 10.55849 10.51093 9.584093 9.37622 9.473265 10.11232 10.9554 12.53369 15.36052 15.41021 13.86324 14.68917 16.05431 16.55386 15.28836 15.56062 19.92139 23.13243 25.95959 27.69004 22.82856 18.12535 18.08664 21.00283 27.19278 30.23025 27.15964 25.93146 22.60536 19.84654 19.92085 21.61254 23.30582 28.93885
-128 -128 -128 -128 -128 -128 -128 -128 -128 -128 -128 -128 -128 -128 -128 -128 -128 -128 -128 -128 -128 -128 -128 -128 -128 -128 10.58855 12.92311 12.82216 9.893353 10.82083 8.850801 9.14675 9.398401 9.158817 10.46717 11.43887 10.89078 10.39495 11.69412 11.79835 11.23544 10.38291 10.13864 10.14048 9.857463 10.56916 10.24753 10.35766 11.33755 12.2816 13.68792 13.27123 13.02082 13.84038 14.80434 14.67 14.20962 15.38475 17.51485 21.53786 25.91169 25.48999 24.29707 19.57719 19.33769 23.15613 31.38355 35.21962 31.96718 29.86412 25.71622 21.9502 21.19988 22.42079 24.8661 34.48489
-128 -128 -128 -128 -128 -128 -128 -128 -128 -128 -128 -128 -128 -128 -128 -128 -128 -128 -128 -128 -128 -128 -128 -128 -128 -128 10.00674 14.5212 11.88274 10.07055 10.08313 8.08267 8.785853 9.187204 9.382219 10.04649 10.63655 11.35938 11.2644 12.96264 12.19191 11.70903 10.8819 10.16361 9.792013 9.540539 10.08691 9.824198 10.02086 10.88505 11.27773 11.68859 12.6965 12.51742 13.80953 14.40401 13.88599 14.9051 17.77722 20.57993 26.47861 27.06229 25.75975 27.06459 21.0487 20.41781 25.29065 33.78667 34.95138 33.07645 30.25721 27.09796 21.59071 22.12512 22.62913 26.45517 36.01507
-128 -128 -128 -128 -128 -128 -128 -128 -128 -128 -128 -128 -128 -128 -128 -128 -128 -128 -128 -128 -128 -128 -128 -128 -128 -128 9.219007 11.75255 13.47927 10.44886 8.989163 7.354538 8.385501 8.882679 9.110576 9.772702 10.3288 10.95122 11.78554 13.16998 12.57973 12.17034 11.08204 10.37737 11.08173 9.561621 9.747633 9.87289 9.809574 10.08278 10.38253 11.29161 13.22824 12.8396 14.2103 14.33044 15.84018 19.39597 24.09765 28.02117 28.05147 27.28025 26.63962 26.62198 22.06811 21.56853 28.92261 36.31555 32.94186 30.28073 26.06159 23.56075 20.81703 23.9349 23.38909 28.51034 38.08354
-128 -128 -128 -128 -128 -128 -128 -128 -128 -128 -128 -128 -128 -128 -128 -128 -128 -128 -128 -128 -128 -128 -128 -128 -128 -128 8.774833 11.61127 13.30363 9.873862 7.799901 7.251325 8.296165 7.763067 8.566406 9.332029 9.657432 10.7945 11.90662 13.00475 12.7209 12.39525 11.19551 10.67472 11.92032 10.30727 10.78363 9.996493 9.861115 9.98074 10.13083 10.70805 12.28106 13.15023 15.29686 17.29841 18.85357 24.78318 32.94598 34.04396 27.69612 27.19597 26.83592 26.16983 23.56758 23.31622 30.6456 35.05708 30.63962 27.33924 24.02185 21.6296 22.58439 25.85918 30.28707 43.10973 61.65117
-128 -128 -128 -128 -128 -128 -128 -128 -128 -128 -128 -128 -128 -128 -128 -128 -128 -128 -128 -128 -128 -128 -128 -128 -128 -128 8.143747 10.93117 11.3239 10.04774 7.613379 7.658931 8.408518 7.219673 7.404551 9.529584 9.702442 9.904878 11.15087 11.61382 11.84 11.65379 11.15252 10.89042 11.20592 11.05614 12.33971 10.76588 10.67104 10.97311 11.14029 11.66819 13.98162 15.28213 15.80017 21.17298 23.79711 26.54476 34.26411 33.76809 28.92817 26.83047 25.90788 28.52071 26.02152 26.9565 28.93834 30.40964 27.57111 25.79711 24.94754 23.4779 26.9427 31.72361 75.53197 121.1442 124.2186
-128 -128 -128 -128 -128 -128 -128 -128 -128 -128 -128 -128 -128 -128 -128 -128 -128 -128 -128 -128 -128 -128 -128 -128 -128 -128 8.081006 11.43451 10.68588 9.114563 8.204623 8.071215 8.880153 7.507706 7.607609 10.69604 11.15086 10.4986 10.49892 10.85743 10.56748 10.85511 10.58245 10.28505 10.84616 11.58252 12.22873 12.06413 11.56071 11.98882 11.84997 13.22947 16.58572 18.85275 19.84048 24.40033 26.0541 26.30811 28.22507 28.75853 27.37309 26.11102 25.61889 27.78556 31.08837 39.22959 36.62649 31.76223 26.72346 25.50592 23.87327 25.1371 30.29116 48.36233 110.9466 77.15166 112.0645
-128 -128 -128 -128 -128 -128 -128 -128 -128 -128 -128 -128 -128 -128 -128 -128 -128 -128 -128 -128 -128 -128 -128 -128 -128 -128 8.345474 11.61522 11.82096 10.26216 9.458904 8.829618 9.745353 7.822926 7.867853 8.583419 10.04717 10.81482 10.99943 10.88629 10.58961 10.944 10.4067 10.39976 11.47462 12.34048 12.51893 12.41751 12.47344 13.10705 12.51318 13.74573 16.09164 18.73221 21.61813 24.03196 26.27961 31.1934 34.96388 33.55383 26.6496 25.47679 24.71972 29.13322 41.2774 53.34269 48.78125 32.30661 25.03327 24.24839 24.23695 28.68763 30.96755 52.34132 117.9465 124.2946 52.96811
