formato/VCI/bioclim_14.asc
ncols         186
nrows         781
xllcorner     -75.7
yllcorner     -56.55
cellsize      0.05
NODATA_value  -9999
[rows 68 to 101 of 781, columns 77 to 153 of 186]
-128 -128 -128 -128 -128 -128 -128 -128 -128 -128 -128 -128 -128 -128 -128 -128 -128 -128 -128 -128 -128 -128 -128 -128 -128 -128 -128 -128 -128 -128 -128 -128 -128 -128 11.78162 7.638193 11.40198 12.16883 12.8448 11.82171 10.85365 11.74449 13.50194 14.01389 14.28055 15.01277 15.73833 16.13062 16.18527 15.66701 15.72771 15.77864 15.374 14.54484 13.36124 11.99369 10.33738 7.15211 5.042629 4.700097 1.944307 0.3199489 -1.423033 -0.2216362 1.747015 0.9934886 -1.398128 -2.982422 -4.211452 -128 -128 -128 -128 -128 -128 -128 -128
-128 -128 -128 -128 -128 -128 -128 -128 -128 -128 -128 -128 -128 -128 -128 -128 -128 -128 -128 -128 -128 -128 -128 -128 -128 -128 -128 -128 -128 -128 -128 -128 -128 14.18648 11.3238 9.335135 11.04829 12.20894 12.54976 12.13924 11.50637 11.58325 13.38597 14.38423 13.96172 14.39491 15.12967 15.89536 16.17532 15.51938 15.86822 15.89664 15.44162 14.68955 13.03198 11.31072 9.247561 6.800403 3.457099 2.585929 1.185616 -0.09015522 -1.446215 -1.680168 1.446943 1.886566 0.3024346 -3.008797 -2.113159 1.583594 -128 -128 -128 -128 -128 -128 -128
-128 -128 -128 -128 -128 -128 -128 -128 -128 -128 -128 -128 -128 -128 -128 -128 -128 -128 -128 -128 -128 -128 -128 -128 -128 -128 -128 -128 -128 -128 -128 -128 -128 13.29837 9.958836 10.00102 10.03998 11.61409 10.70181 10.8873 11.85678 11.77274 12.9817 14.14453 14.22289 14.43046 15.00531 15.96257 16.10392 15.78113 16.21598 16.05726 15.65487 14.87902 13.70186 11.53051 9.873158 7.19955 4.461753 2.368359 1.266347 -1.111915 -2.343143 -2.66534 1.083084 1.687897 1.23786 0.7331685 0.8770403 2.957732 5.024454 -128 -128 -128 -128 -128 -128
-128 -128 -128 -128 -128 -128 -128 -128 -128 -128 -128 -128 -128 -128 -128 -128 -128 -128 -128 -128 -128 -128 -128 -128 -128 -128 -128 -128 -128 -128 -128 -128 -128 13.96145 12.32901 9.865715 9.536871 11.49194 11.10045 11.95135 12.22641 12.1364 12.35267 13.33841 14.38227 15.17677 15.54151 16.15323 16.2429 15.97909 16.261 16.00923 15.49082 14.5756 13.73988 12.63981 11.01663 9.3655 7.928542 4.998937 2.612375 0.7022216 -0.5619803 -0.06231443 2.52866 2.231076 0.381201 1.669736 0.8390152 3.106549 3.944419 3.915244 -128 -128 -128 -128 -128
-128 -128 -128 -128 -128 -128 -128 -128 -128 -128 -128 -128 -128 -128 -128 -128 -128 -128 -128 -128 -128 -128 -128 -128 -128 -128 -128 -128 -128 -128 -128 -128 -128 -128 13.46621 9.831203 10.24424 11.20452 10.89466 10.89108 10.89009 12.44354 13.196 14.11917 14.75156 15.15182 15.66778 15.99872 16.12945 15.85926 16.12709 16.0695 15.77296 14.36043 13.31279 12.67877 11.65681 9.510984 7.725505 2.949332 2.232563 0.6850885 -0.5093414 1.798469 3.76271 2.726715 1.148103 -0.9542031 -2.51885 1.615739 3.352586 3.497629 -128 -128 -128 -128 -128
-128 -128 -128 -128 -128 -128 -128 -128 -128 -128 -128 -128 -128 -128 -128 -128 -128 -128 -128 -128 -128 -128 -128 -128 -128 -128 -128 -128 -128 -128 -128 -128 -128 -128 14.39582 11.52412 9.797194 10.95792 11.05488 11.1503 12.21091 13.30782 14.0871 14.54054 14.64727 15.15302 15.6483 16.03161 16.19407 15.93284 16.19653 16.20648 15.80442 14.95977 13.83835 13.24788 12.22428 10.52231 7.383005 3.404461 2.433493 0.6330591 1.236315 3.168061 0.6309096 -1.972444 -2.045148 -4.066717 -3.398119 1.321192 3.78581 5.031547 4.661649 -128 -128 -128 -128
-128 -128 -128 -128 -128 -128 -128 -128 -128 -128 -128 -128 -128 -128 -128 -128 -128 -128 -128 -128 -128 -128 -128 -128 -128 -128 -128 -128 -128 -128 -128 -128 -128 -128 -128 11.35828 8.920648 10.56879 11.2828 12.18205 12.98267 13.33112 13.67584 14.12578 14.5153 14.98218 15.48732 15.91172 16.02292 15.92416 16.22763 16.08732 15.74347 15.1781 14.30703 13.61181 12.702 11.05116 8.386719 5.149676 2.248755 0.3281819 1.813505 3.547791 0.8355238 -4.391489 -5.413362 -9.121426 -4.115624 1.779772 4.508312 5.26056 4.864324 -128 -128 -128 -128
-128 -128 -128 -128 -128 -128 -128 -128 -128 -128 -128 -128 -128 -128 -128 -128 -128 -128 -128 -128 -128 -128 -128 -128 -128 -128 -128 -128 -128 -128 -128 -128 -128 -128 -128 13.1745 8.127092 9.113741 10.27137 11.25077 11.94682 12.78306 13.32685 13.83685 14.29124 14.58112 15.23876 15.77399 15.98404 15.90162 16.42773 16.35086 16.09776 15.46414 14.34523 13.42184 12.03587 9.193698 7.059477 3.719285 1.28362 1.321396 2.78186 3.894983 2.115961 -1.106547 -2.623594 -3.670896 -2.435581 1.671409 4.957489 4.88924 2.594339 0.1707375 -128 -128 -128
-128 -128 -128 -128 -128 -128 -128 -128 -128 -128 -128 -128 -128 -128 -128 -128 -128 -128 -128 -128 -128 -128 -128 -128 -128 -128 -128 -128 -128 -128 -128 -128 -128 -128 -128 14.69424 9.218313 9.235272 9.894528 11.78775 12.26277 12.59136 13.756 14.1529 14.50384 14.67547 15.68444 15.92493 16.06181 16.06118 16.61691 16.71911 16.48283 15.72575 14.47614 13.51672 11.62134 7.650301 6.584354 4.150049 0.9756269 1.468847 3.098105 4.123943 3.799353 2.673469 0.2409444 -1.927036 0.9175314 3.071219 5.196849 4.515281 1.688012 -2.323569 -128 -128 -128
-128 -128 -128 -128 -128 -128 -128 -128 -128 -128 -128 -128 -128 -128 -128 -128 -128 -128 -128 -128 -128 -128 -128 -128 -128 -128 -128 -128 -128 -128 -128 -128 -128 -128 -128 14.05933 9.643867 9.451669 10.54951 12.18605 12.1237 13.61743 14.70339 14.58836 14.77175 15.14906 15.77359 16.13233 15.89794 15.86977 16.76146 16.73055 16.47421 15.7883 14.54911 13.74249 11.65086 8.195884 6.608093 4.442969 1.500635 1.357147 3.062357 4.550055 4.560573 2.767462 -1.482944 0.02935394 4.272677 4.860783 5.249032 1.979028 2.96108 3.428408 -128 -128 -128
-128 -128 -128 -128 -128 -128 -128 -128 -128 -128 -128 -128 -128 -128 -128 -128 -128 -128 -128 -128 -128 -128 -128 -128 -128 -128 -128 -128 -128 -128 -128 -128 -128 -128 -128 15.43122 12.68454 12.24917 12.8772 13.41199 13.42282 14.55123 14.9705 14.91282 14.84879 15.14499 15.83509 16.26425 15.75055 15.9118 16.85339 16.85844 16.56336 15.85893 14.47565 13.34285 11.19359 7.266595 5.513552 3.181274 1.774452 1.986819 3.614045 5.061561 4.912505 2.88057 -2.239962 -0.8009194 4.136506 4.271866 2.570308 4.379605 4.558641 4.044161 -128 -128 -128
-128 -128 -128 -128 -128 -128 -128 -128 -128 -128 -128 -128 -128 -128 -128 -128 -128 -128 -128 -128 -128 -128 -128 -128 -128 -128 -128 -128 -128 -128 -128 -128 -128 -128 -128 14.78823 10.28481 11.26584 12.27757 13.14355 13.40505 13.85086 14.61437 15.07655 14.86259 15.31109 16.10023 16.33994 15.89159 15.89638 16.92746 17.19771 16.67256 15.61677 14.41939 13.38875 10.26443 6.890696 5.747677 3.423243 1.743092 2.395067 4.115152 5.695638 4.868799 3.40717 1.32464 1.888485 3.861519 4.580483 4.769274 4.835485 4.513528 2.568259 -128 -128 -128
-128 -128 -128 -128 -128 -128 -128 -128 -128 -128 -128 -128 -128 -128 -128 -128 -128 -128 -128 -128 -128 -128 -128 -128 -128 -128 -128 -128 -128 -128 -128 -128 -128 -128 -128 14.42327 9.005765 9.694266 11.51074 12.97107 13.11817 13.55391 13.85369 14.74006 15.24903 15.54167 16.14725 16.45676 16.1537 16.11881 17.16482 17.61267 17.07178 15.82059 14.28578 11.91461 8.503027 7.983932 6.163875 3.843557 1.920199 2.461169 4.642272 6.203358 4.952303 0.9214292 -5.16139 -0.5500107 3.238454 4.78532 4.424807 4.96193 4.10396 1.795888 -128 -128 -128
-128 -128 -128 -128 -128 -128 -128 -128 -128 -128 -128 -128 -128 -128 -128 -128 -128 -128 -128 -128 -128 -128 -128 -128 -128 -128 -128 -128 -128 -128 -128 -128 -128 -128 -128 11.44253 8.253029 10.22127 12.25219 12.85839 12.78302 13.29706 13.40328 14.85701 15.50214 16.04556 16.34232 16.66236 16.70616 16.39239 17.20573 17.44116 16.99147 15.78934 13.81237 10.30699 6.721794 5.969947 5.324012 3.872947 1.419313 2.853423 5.260148 6.673238 5.51769 1.818658 -3.570018 -3.042693 -0.08485663 2.81701 4.521993 5.098114 3.771674 0.7183683 -128 -128 -128
-128 -128 -128 -128 -128 -128 -128 -128 -128 -128 -128 -128 -128 -128 -128 -128 -128 -128 -128 -128 -128 -128 -128 -128 -128 -128 -128 -128 -128 -128 -128 -128 -128 -128 14.05718 9.509269 8.765674 10.24677 10.9156 11.73883 12.28625 13.61954 14.1673 14.75998 15.72413 16.49548 16.88883 16.93143 16.71585 16.36574 16.94324 17.1421 16.6762 15.54093 13.38446 9.372406 7.173495 7.246922 5.866773 2.922078 1.232254 3.036704 5.593739 6.979029 6.149296 4.116915 1.326558 -2.723559 -5.031666 -2.513692 3.606093 5.305408 3.270279 -1.57369 0.2821174 -128 -128
-128 -128 -128 -128 -128 -128 -128 -128 -128 -128 -128 -128 -128 -128 -128 -128 -128 -128 -128 -128 -128 -128 -128 -128 -128 -128 -128 -128 -128 -128 -128 -128 -128 14.86575 11.19348 9.432852 9.366998 9.913394 8.950522 10.81331 11.13401 12.27465 13.57899 14.35478 15.48558 16.72122 17.35089 17.2205 16.79179 16.14217 16.69373 16.76981 16.32013 14.84032 12.18259 9.164039 9.523852 8.678981 6.188664 4.030029 2.51529 4.231942 5.521537 6.911417 6.492086 5.351517 2.937262 0.4991554 -2.410275 -3.399804 -0.6878692 3.903563 5.221239 3.38179 -2.037218 -128 -128
-128 -128 -128 -128 -128 -128 -128 -128 -128 -128 -128 -128 -128 -128 -128 -128 -128 -128 -128 -128 -128 -128 -128 -128 -128 -128 -128 -128 -128 -128 -128 -128 -128 15.10959 12.12718 10.64625 9.58349 9.556091 9.612322 10.92766 10.5889 11.16088 12.41258 13.28011 14.7279 16.64115 17.26553 17.46682 16.91479 16.19223 16.82516 16.92608 15.85507 14.44559 12.38369 9.874315 9.884959 8.968263 6.161768 4.513169 3.026492 4.711133 5.539964 6.475168 6.475851 6.217959 5.904075 4.162934 2.73467 1.630623 0.7157294 3.643025 4.968167 4.007272 0.1702446 -0.5016299 -128
-128 -128 -128 -128 -128 -128 -128 -128 -128 -128 -128 -128 -128 -128 -128 -128 -128 -128 -128 -128 -128 -128 -128 -128 -128 -128 -128 -128 -128 -128 -128 -128 -128 15.3786 11.65474 9.967203 9.558982 8.696428 9.289441 10.39615 10.76674 11.68821 12.6588 13.14612 14.51822 16.15968 16.85018 17.33996 16.89204 16.3145 17.23313 17.39886 16.03931 13.48823 10.33739 6.92162 7.855638 6.502086 4.575818 4.585151 3.461874 4.684737 5.587715 6.030586 6.260484 6.328334 6.171824 5.367445 4.474619 4.08423 2.311673 -0.2689377 -2.436969 1.862571 1.414024 -3.636288 -128
-128 -128 -128 -128 -128 -128 -128 -128 -128 -128 -128 -128 -128 -128 -128 -128 -128 -128 -128 -128 -128 -128 -128 -128 -128 -128 -128 -128 -128 -128 -128 -128 -128 -128 12.31966 7.915218 8.291225 8.149886 8.921178 10.48606 11.55171 12.70511 13.7082 14.19189 15.28628 16.20479 16.72969 16.97831 16.65419 16.38099 17.6377 17.50783 15.3058 11.95809 8.371549 6.574511 6.736647 4.936805 2.954935 3.562821 3.196452 4.008635 5.058372 3.403507 5.784297 6.890791 6.931324 5.598571 3.350214 1.913108 1.564403 -0.1261906 -3.782814 -2.156947 0.7000148 -1.468156 -128
-128 -128 -128 -128 -128 -128 -128 -128 -128 -128 -128 -128 -128 -128 -128 -128 -128 -128 -128 -128 -128 -128 -128 -128 -128 -128 -128 -128 -128 -128 -128 -128 -128 15.76071 10.38777 6.800899 6.793082 7.975527 8.945059 10.07452 11.26558 12.78334 14.17019 15.17836 15.83182 16.46697 16.71732 16.88062 16.61183 16.52818 17.44677 17.15036 15.25445 10.14204 6.58493 6.875937 6.967516 5.232204 3.262799 2.822093 1.376494 2.432244 4.544702 3.372039 5.83226 7.713249 7.164294 4.695387 -2.874256 -5.620605 -4.165654 0.1915522 0.5882388 -1.167393 -1.661093 -0.5342586 -128
-128 -128 -128 -128 -128 -128 -128 -128 -128 -128 -128 -128 -128 -128 -128 -128 -128 -128 -128 -128 -128 -128 -128 -128 -128 -128 -128 -128 -128 -128 -128 -128 -128 14.64998 6.704661 5.856899 6.45785 7.733888 9.079214 10.1499 11.1901 11.81038 14.05971 15.59951 16.09399 16.48065 16.67882 17.15133 16.78094 16.46532 17.10949 16.52708 14.35124 9.117359 6.017004 7.902114 7.251275 5.664141 3.579633 3.416799 0.9982215 1.988253 4.714926 6.123742 7.104521 7.875861 7.274226 5.415744 1.289664 -0.7041528 -0.6562796 2.719342 2.344413 0.3456079 -2.624182 -3.58826 -128
-128 -128 -128 -128 -128 -128 -128 -128 -128 -128 -128 -128 -128 -128 -128 -128 -128 -128 -128 -128 -128 -128 -128 -128 -128 -128 -128 -128 -128 -128 -128 -128 -128 13.23805 6.070868 5.649796 7.072993 7.885565 9.096088 10.50595 12.12082 12.58129 14.84021 16.11765 16.17887 16.3856 16.71536 17.00175 16.92529 16.53212 16.7687 16.02585 13.64911 9.958718 7.919718 8.697911 7.742456 6.408083 4.961726 4.446183 1.752647 2.52599 4.695416 6.517023 7.448147 7.775233 6.782359 5.55271 4.145805 2.631577 3.199718 3.708277 3.636384 2.708469 -1.216009 -4.717782 -2.110325
-128 -128 -128 -128 -128 -128 -128 -128 -128 -128 -128 -128 -128 -128 -128 -128 -128 -128 -128 -128 -128 -128 -128 -128 -128 -128 -128 -128 -128 -128 -128 -128 -128 11.3363 8.163977 7.777496 8.217864 8.30483 9.157323 10.95509 13.04133 14.40117 15.13843 16.08447 16.37435 16.61539 16.76294 16.98228 16.983 16.63377 16.73552 16.12279 14.41438 11.24866 10.15025 8.71988 7.641094 6.769122 5.852419 3.784142 0.05577784 1.461333 4.344924 6.309492 7.394879 7.491858 6.629154 5.30286 3.103549 -0.6318158 0.8213475 2.361998 -0.0405359 2.914952 3.335721 2.17103 -0.01516042
-128 -128 -128 -128 -128 -128 -128 -128 -128 -128 -128 -128 -128 -128 -128 -128 -128 -128 -128 -128 -128 -128 -128 -128 -128 -128 -128 -128 -128 -128 -128 -128 15.60098 13.5429 10.67172 9.976129 9.27759 8.92149 9.988946 11.46941 13.18966 12.70824 13.71756 15.82382 16.22838 16.55788 16.83407 17.03191 17.01857 16.78818 16.72059 15.54748 14.52823 11.95375 10.02032 8.547685 8.025124 7.44067 6.116979 4.388983 2.407752 3.293244 4.5797 6.470773 7.825946 7.727524 7.025459 5.987969 4.399278 2.203215 3.003945 1.389442 -5.379599 -0.6686689 0.5363692 2.29565 -0.5022876
-128 -128 -128 -128 -128 -128 -128 -128 -128 -128 -128 -128 -128 -128 -128 -128 -128 -128 -128 -128 -128 -128 -128 -128 -128 -128 -128 -128 -128 -128 -128 -128 15.31246 11.42639 10.05564 11.28495 10.6404 10.08354 11.60637 12.00611 12.52312 12.54326 13.54855 15.10393 15.8703 16.49668 16.70261 17.04794 17.13001 16.84797 16.35999 15.33346 14.37952 12.95789 10.80909 8.989625 8.892446 7.599577 6.347525 6.006229 5.405982 6.666718 7.313895 8.035229 8.58137 8.30028 7.9267 7.37344 6.022676 5.873464 6.928581 5.778594 1.873188 -2.597171 -4.163272 -0.500124 0.6875009
-128 -128 -128 -128 -128 -128 -128 -128 -128 -128 -128 -128 -128 -128 -128 -128 -128 -128 -128 -128 -128 -128 -128 -128 -128 -128 -128 -128 -128 -128 -128 -128 14.96629 9.549047 9.258922 11.09682 11.05168 11.01757 11.32537 11.22513 12.01396 11.80922 12.93962 14.61551 15.52977 16.17509 16.5512 17.15172 17.20348 16.23275 15.00046 13.84295 14.31065 13.17949 11.39151 9.66897 8.810638 6.749496 5.237409 7.776929 8.405283 9.007968 9.12739 9.088621 9.071388 8.985063 8.898251 8.679607 7.968329 7.55877 8.126027 8.170188 5.793697 3.216063 -0.9751604 -3.211116 -0.1773803
-128 -128 -128 -128 -128 -128 -128 -128 -128 -128 -128 -128 -128 -128 -128 -128 -128 -128 -128 -128 -128 -128 -128 -128 -128 -128 -128 -128 -128 -128 -128 -128 14.62754 8.572866 9.387043 10.51093 10.69596 10.56404 11.74312 12.30876 11.85193 12.96277 13.77285 14.84639 15.42892 15.94422 16.5673 16.86784 15.9279 15.08605 14.75612 14.01615 13.98079 12.5877 10.83283 8.654874 7.507085 5.997188 5.550255 7.04231 8.084647 9.384637 9.671963 9.613343 9.348692 9.562187 9.669265 9.793826 8.910669 8.18493 8.438565 8.520617 8.173123 7.060251 3.777868 0.1045638 1.10942
-128 -128 -128 -128 -128 -128 -128 -128 -128 -128 -128 -128 -128 -128 -128 -128 -128 -128 -128 -128 -128 -128 -128 -128 -128 -128 -128 -128 -128 -128 -128 -128 13.2571 7.580812 8.45104 9.807363 11.04631 10.06344 11.9774 12.76186 13.17645 14.14782 14.70491 15.13711 15.23915 15.66943 16.17841 16.30542 15.69081 15.11164 15.25651 15.1909 14.3868 13.03552 11.20485 8.717318 6.014423 3.992927 6.081994 7.196877 8.628868 9.500138 9.579701 9.407897 9.289234 9.721978 10.20538 10.43912 9.660559 8.878686 8.85526 8.668213 8.806536 7.861322 6.309965 3.856163 1.262279
-128 -128 -128 -128 -128 -128 -128 -128 -128 -128 -128 -128 -128 -128 -128 -128 -128 -128 -128 -128 -128 -128 -128 -128 -128 -128 -128 -128 -128 -128 -128 16.42665 12.65178 8.021653 9.514765 10.48363 10.48723 9.411843 11.37341 12.86996 13.43976 14.31448 14.81313 14.83896 14.87941 15.26604 15.68716 15.68693 15.45382 15.01193 15.16177 15.35763 14.1709 11.45919 9.741461 7.898091 6.449769 6.127986 8.317665 8.829699 9.500598 9.777989 9.423081 9.254037 9.475543 9.982113 10.24361 10.0579 9.61544 8.980663 7.916708 7.09862 7.6493 6.59652 5.166047 2.993724 0.3937739
-128 -128 -128 -128 -128 -128 -128 -128 -128 -128 -128 -128 -128 -128 -128 -128 -128 -128 -128 -128 -128 -128 -128 -128 -128 -128 -128 -128 -128 -128 -128 16.63149 13.19413 9.164097 11.08107 10.94386 10.03016 8.527256 10.83569 11.97461 12.55041 13.649 14.18063 14.65774 14.77069 14.92898 15.10355 15.29457 15.26137 14.71093 14.78369 14.93888 14.05568 11.08786 10.06292 8.577144 7.477125 8.04399 9.32198 9.841201 9.498969 9.328863 9.194867 9.170839 9.129843 9.550231 9.796327 9.631254 9.293715 8.61362 7.854179 6.911366 6.164073 4.56876 3.122954 0.5576144 -0.7217152
-128 -128 -128 -128 -128 -128 -128 -128 -128 -128 -128 -128 -128 -128 -128 -128 -128 -128 -128 -128 -128 -128 -128 -128 -128 -128 -128 -128 -128 -128 -128 16.7343 12.50383 10.31989 10.11424 9.367521 9.62691 7.969807 9.601253 10.9573 11.37021 12.49563 13.34519 14.3739 14.63551 14.81706 14.9044 15.15953 15.33715 14.94886 14.79955 14.89339 14.56653 13.21411 12.1816 11.16259 10.15014 10.08359 10.68632 10.25349 9.44463 9.069496 9.053894 9.170481 9.260165 9.801793 9.993938 9.748832 9.098876 8.355341 7.536135 6.51661 5.04542 2.522889 1.049259 -1.178698 -2.05436
-128 -128 -128 -128 -128 -128 -128 -128 -128 -128 -128 -128 -128 -128 -128 -128 -128 -128 -128 -128 -128 -128 -128 -128 -128 -128 -128 -128 -128 -128 -128 16.83423 14.43923 10.01528 9.119266 9.921409 9.397326 8.71334 9.361329 10.44254 10.84008 11.63976 12.64887 13.86911 14.40111 14.56807 14.68938 15.03566 15.12255 15.06142 15.47497 15.52852 15.02429 14.04058 13.61889 12.88654 11.80742 11.2691 10.98869 10.28941 9.604184 9.193201 8.958459 8.997811 9.318489 9.8607 10.04338 9.76538 8.732989 7.539697 6.797392 5.62399 3.583816 2.037692 -0.3306053 -1.152596 -0.4569589
-128 -128 -128 -128 -128 -128 -128 -128 -128 -128 -128 -128 -128 -128 -128 -128 -128 -128 -128 -128 -128 -128 -128 -128 -128 -128 -128 -128 -128 -128 -128 16.87909 13.01058 9.390926 9.573465 11.13564 10.15461 10.38419 9.908627 10.67671 11.36981 12.036 12.61677 13.49708 13.84602 14.22557 14.53117 14.83317 15.09144 15.23355 15.45356 15.32216 14.87954 14.39021 13.45806 12.6716 12.1715 11.88411 11.29388 10.74975 10.0717 9.669957 9.348668 9.512021 9.573463 9.740721 9.713754 9.278542 7.701622 6.225183 5.187072 4.596697 4.485435 2.883361 -0.4657414 -0.8283481 0.008327263
-128 -128 -128 -128 -128 -128 -128 -128 -128 -128 -128 -128 -128 -128 -128 -128 -128 -128 -128 -128 -128 -128 -128 -128 -128 -128 -128 -128 -128 -128 -128 16.48901 10.65734 10.65331 11.29568 12.22673 11.75649 11.43541 10.5167 10.97784 11.47854 12.22548 12.86365 13.3997 13.61709 13.9121 14.27022 14.53853 14.84133 14.86522 15.09129 14.69264 13.44717 12.92812 12.70689 12.02306 11.58655 10.83053 9.387639 8.850551 9.030039 9.346705 9.648399 9.749724 9.641491 9.742776 9.119706 7.960194 5.838716 4.875199 4.924932 4.578359 6.1156 3.620651 1.16572 0.7289317 -0.03158689
