formato/VCI/bioclim_11.asc
ncols         186
nrows         781
xllcorner     -75.7
yllcorner     -56.55
cellsize      0.05
NODATA_value  -9999
[rows 68 to 101 of 781, columns 77 to 153 of 186]
-128 -128 -128 -128 -128 -128 -128 -128 -128 -128 -128 -128 -128 -128 -128 -128 -128 -128 -128 -128 -128 -128 -128 -128 -128 -128 -128 -128 -128 -128 -128 -128 -128 -128 11.98592 7.923484 11.89487 12.83226 13.46466 12.3125 11.16144 11.97186 13.66671 14.18952 14.48909 15.27173 16.07454 16.43054 16.46803 15.85957 15.88746 16.1003 15.79175 15.00278 13.90848 12.70922 11.22945 8.067373 5.864259 5.494298 2.412585 0.4796673 -1.199779 -0.06323767 1.888813 1.133082 -1.257346 -2.749569 -3.890806 -128 -128 -128 -128 -128 -128 -128 -128
-128 -128 -128 -128 -128 -128 -128 -128 -128 -128 -128 -128 -128 -128 -128 -128 -128 -128 -128 -128 -128 -128 -128 -128 -128 -128 -128 -128 -128 -128 -128 -128 -128 14.4361 11.4657 9.642912 11.48164 12.79923 13.21039 12.70971 11.78657 11.71531 13.51175 14.53047 14.17797 14.63349 15.5071 16.21464 16.51485 15.81345 15.9713 16.15128 15.81865 15.12301 13.5431 11.97866 10.06027 7.76267 4.381081 3.371521 1.703638 0.1378864 -1.249679 -1.525138 1.600166 2.051965 0.4381942 -2.760213 -1.807981 1.860645 -128 -128 -128 -128 -128 -128 -128
-128 -128 -128 -128 -128 -128 -128 -128 -128 -128 -128 -128 -128 -128 -128 -128 -128 -128 -128 -128 -128 -128 -128 -128 -128 -128 -128 -128 -128 -128 -128 -128 -128 13.47886 10.15022 10.19364 10.39153 12.20298 11.22678 11.33451 12.12395 11.86108 13.09495 14.27044 14.45586 14.70729 15.3206 16.30296 16.44308 16.05131 16.31931 16.35153 16.05701 15.32312 14.17243 12.17615 10.67629 8.081082 5.300039 3.069975 1.667928 -0.9289846 -2.13317 -2.488567 1.264369 1.886121 1.364491 0.9074793 1.0984 3.162682 5.132206 -128 -128 -128 -128 -128 -128
-128 -128 -128 -128 -128 -128 -128 -128 -128 -128 -128 -128 -128 -128 -128 -128 -128 -128 -128 -128 -128 -128 -128 -128 -128 -128 -128 -128 -128 -128 -128 -128 -128 14.22734 12.4315 10.02451 9.861453 12.02278 11.66723 12.40301 12.47684 12.2584 12.44648 13.46521 14.64755 15.44783 15.83629 16.42682 16.49583 16.19663 16.36398 16.29587 15.87621 14.99736 14.18848 13.27333 11.82838 10.24399 8.849859 5.854805 3.148753 0.9452176 -0.3854046 0.07267197 2.797279 2.499553 0.5526915 1.744152 1.019796 3.245378 4.106577 4.135627 -128 -128 -128 -128 -128
-128 -128 -128 -128 -128 -128 -128 -128 -128 -128 -128 -128 -128 -128 -128 -128 -128 -128 -128 -128 -128 -128 -128 -128 -128 -128 -128 -128 -128 -128 -128 -128 -128 -128 13.56044 10.03342 10.59346 11.74813 11.4126 11.25091 11.12218 12.63855 13.32198 14.30597 15.04568 15.47445 15.97417 16.31162 16.41802 16.10931 16.20604 16.3302 16.14608 14.8075 13.75712 13.27836 12.4354 10.41806 8.673532 3.816482 2.799755 0.9339475 -0.3128574 1.954733 3.945675 2.802995 1.265958 -0.910895 -2.363235 1.718988 3.478717 3.722122 -128 -128 -128 -128 -128
-128 -128 -128 -128 -128 -128 -128 -128 -128 -128 -128 -128 -128 -128 -128 -128 -128 -128 -128 -128 -128 -128 -128 -128 -128 -128 -128 -128 -128 -128 -128 -128 -128 -128 14.56249 11.76747 10.13476 11.4437 11.59463 11.59097 12.52465 13.54312 14.24754 14.75287 14.98541 15.49943 16.01175 16.37274 16.49164 16.15083 16.29817 16.46335 16.17101 15.38979 14.29875 13.86011 12.99191 11.42393 8.303464 4.22744 2.871346 0.8343387 1.517281 3.288039 0.8655707 -1.8049 -1.955942 -3.903618 -3.101603 1.525094 3.870163 5.066662 4.85424 -128 -128 -128 -128
-128 -128 -128 -128 -128 -128 -128 -128 -128 -128 -128 -128 -128 -128 -128 -128 -128 -128 -128 -128 -128 -128 -128 -128 -128 -128 -128 -128 -128 -128 -128 -128 -128 -128 -128 11.61192 9.215043 11.00128 11.79866 12.62922 13.28325 13.51916 13.84894 14.35463 14.82623 15.3217 15.8333 16.22256 16.30371 16.14347 16.36077 16.39494 16.17049 15.63903 14.77637 14.248 13.54365 12.04883 9.401889 6.085526 2.76547 0.5503058 2.105765 3.615463 1.075078 -4.260878 -5.172777 -8.72181 -3.758277 2.006342 4.554797 5.410656 5.084126 -128 -128 -128 -128
-128 -128 -128 -128 -128 -128 -128 -128 -128 -128 -128 -128 -128 -128 -128 -128 -128 -128 -128 -128 -128 -128 -128 -128 -128 -128 -128 -128 -128 -128 -128 -128 -128 -128 -128 13.40423 8.405357 9.440812 10.56711 11.5905 12.21193 13.02997 13.49858 14.09076 14.6803 14.91021 15.57424 16.13863 16.2909 16.19331 16.49673 16.60822 16.47533 15.86196 14.76855 14.01601 12.83078 10.12749 7.99242 4.563485 1.754227 1.580364 3.058246 3.991094 2.294286 -0.93685 -2.381889 -3.348952 -2.073615 1.924945 5.098516 5.101891 2.843223 0.3846025 -128 -128 -128
-128 -128 -128 -128 -128 -128 -128 -128 -128 -128 -128 -128 -128 -128 -128 -128 -128 -128 -128 -128 -128 -128 -128 -128 -128 -128 -128 -128 -128 -128 -128 -128 -128 -128 -128 14.86436 9.514962 9.488621 10.1359 12.10367 12.47358 12.75509 13.94516 14.47653 14.94115 15.0756 16.0488 16.37715 16.46059 16.40691 16.72475 16.94239 16.8226 16.13627 14.94829 14.14352 12.42108 8.600234 7.449149 4.936098 1.382096 1.77386 3.377063 4.257463 3.887932 2.786494 0.4404207 -1.597315 1.247501 3.243068 5.254032 4.634626 1.890223 -2.11044 -128 -128 -128
-128 -128 -128 -128 -128 -128 -128 -128 -128 -128 -128 -128 -128 -128 -128 -128 -128 -128 -128 -128 -128 -128 -128 -128 -128 -128 -128 -128 -128 -128 -128 -128 -128 -128 -128 14.18457 9.868314 9.687995 10.79758 12.45151 12.28082 13.75938 14.87001 14.86925 15.11703 15.5618 16.21501 16.60789 16.30967 16.2435 16.89921 16.97069 16.81448 16.20721 15.03111 14.39619 12.44681 9.109405 7.44322 5.222146 1.935325 1.65054 3.379736 4.692409 4.660785 2.938211 -1.224628 0.309207 4.389747 4.9205 5.301023 2.247247 3.125432 3.510677 -128 -128 -128
-128 -128 -128 -128 -128 -128 -128 -128 -128 -128 -128 -128 -128 -128 -128 -128 -128 -128 -128 -128 -128 -128 -128 -128 -128 -128 -128 -128 -128 -128 -128 -128 -128 -128 -128 15.58846 12.97351 12.6255 13.26166 13.77355 13.71728 14.78004 15.12484 15.1024 15.19448 15.52823 16.25601 16.72605 16.14456 16.27496 17.03393 17.11822 16.91776 16.29486 14.98106 13.97786 12.04905 8.241764 6.393615 3.953724 2.151377 2.260997 3.90112 5.166973 5.006962 3.064554 -1.979194 -0.5061143 4.243272 4.354462 2.730383 4.456842 4.627777 4.120364 -128 -128 -128
-128 -128 -128 -128 -128 -128 -128 -128 -128 -128 -128 -128 -128 -128 -128 -128 -128 -128 -128 -128 -128 -128 -128 -128 -128 -128 -128 -128 -128 -128 -128 -128 -128 -128 -128 14.89513 10.60518 11.63599 12.6245 13.48426 13.74512 14.04819 14.73279 15.25441 15.17506 15.64698 16.48949 16.77183 16.27093 16.29083 17.12424 17.47415 17.0737 16.07252 14.94109 14.06327 11.08129 7.78534 6.551527 4.147122 2.121513 2.689296 4.391432 5.819817 5.023535 3.599062 1.509001 2.067198 3.905528 4.663812 4.874432 4.970255 4.741691 2.70441 -128 -128 -128
-128 -128 -128 -128 -128 -128 -128 -128 -128 -128 -128 -128 -128 -128 -128 -128 -128 -128 -128 -128 -128 -128 -128 -128 -128 -128 -128 -128 -128 -128 -128 -128 -128 -128 -128 14.55357 9.275313 10.06407 11.86854 13.17119 13.33036 13.61533 13.91352 14.88925 15.5217 15.89006 16.55696 16.84444 16.52836 16.51496 17.36419 17.844 17.48636 16.31828 14.83597 12.62559 9.398547 8.903437 6.960315 4.565966 2.295432 2.725838 4.908237 6.316526 5.096181 1.081822 -4.922674 -0.3810264 3.327676 4.931772 4.753131 5.210463 4.311867 1.99734 -128 -128 -128
-128 -128 -128 -128 -128 -128 -128 -128 -128 -128 -128 -128 -128 -128 -128 -128 -128 -128 -128 -128 -128 -128 -128 -128 -128 -128 -128 -128 -128 -128 -128 -128 -128 -128 -128 11.58532 8.547104 10.61935 12.55612 13.03973 13.01463 13.46384 13.47155 14.97572 15.76731 16.38293 16.78052 17.07114 17.08063 16.77277 17.37198 17.74834 17.44982 16.37799 14.43926 11.04916 7.574738 6.735 6.036816 4.591019 1.836462 3.087929 5.506033 6.788103 5.6708 1.982203 -3.376755 -2.80432 0.05329045 2.858778 4.640269 5.470975 3.865279 0.933811 -128 -128 -128
-128 -128 -128 -128 -128 -128 -128 -128 -128 -128 -128 -128 -128 -128 -128 -128 -128 -128 -128 -128 -128 -128 -128 -128 -128 -128 -128 -128 -128 -128 -128 -128 -128 -128 14.248 9.762349 9.107144 10.53469 11.21365 12.13297 12.58564 13.81875 14.22257 14.88292 15.94677 16.85033 17.27188 17.32674 17.08061 16.73425 17.17726 17.5205 17.14232 16.09602 14.03223 10.15813 7.97758 7.988792 6.585016 3.617998 1.629537 3.224721 5.832016 7.105935 6.303971 4.284454 1.500621 -2.607943 -4.883001 -2.448334 3.689497 5.600308 3.337593 -1.333187 0.5237298 -128 -128
-128 -128 -128 -128 -128 -128 -128 -128 -128 -128 -128 -128 -128 -128 -128 -128 -128 -128 -128 -128 -128 -128 -128 -128 -128 -128 -128 -128 -128 -128 -128 -128 -128 15.37356 11.28995 9.693377 9.692256 10.26458 9.409473 11.38732 11.47085 12.49652 13.74675 14.45548 15.66529 16.98012 17.68825 17.60372 17.19207 16.5806 16.91434 17.15725 16.82491 15.47566 12.90554 9.975566 10.36304 9.496776 6.988745 4.789743 3.012672 4.496335 5.772873 7.067382 6.710476 5.523339 3.109822 0.640575 -2.263771 -3.232771 -0.5201795 3.958709 5.52438 3.427996 -1.847456 -128 -128
-128 -128 -128 -128 -128 -128 -128 -128 -128 -128 -128 -128 -128 -128 -128 -128 -128 -128 -128 -128 -128 -128 -128 -128 -128 -128 -128 -128 -128 -128 -128 -128 -128 15.6795 12.15623 10.83824 9.9872 10.10041 10.2184 11.39694 10.90063 11.35993 12.57078 13.4539 14.91214 16.82904 17.51705 17.82402 17.33241 16.67967 17.07682 17.31338 16.39295 15.12032 13.16567 10.7385 10.77272 9.794168 7.01132 5.279706 3.560234 5.013805 5.784342 6.665348 6.696369 6.391294 6.017374 4.371828 2.923652 1.744233 0.8876657 3.74163 5.114521 4.030545 0.3351595 -0.327855 -128
-128 -128 -128 -128 -128 -128 -128 -128 -128 -128 -128 -128 -128 -128 -128 -128 -128 -128 -128 -128 -128 -128 -128 -128 -128 -128 -128 -128 -128 -128 -128 -128 -128 15.99571 11.69152 10.1426 10.07366 9.343552 9.882053 10.92661 11.1135 11.93959 12.782 13.38427 14.76376 16.42087 17.21661 17.70774 17.35469 16.80258 17.47859 17.79105 16.60677 14.22728 11.18036 7.835168 8.678138 7.346786 5.466517 5.381282 4.013939 5.009824 5.809933 6.29704 6.538116 6.532364 6.296029 5.465324 4.648689 4.193479 2.387112 -0.1802146 -2.323644 2.028938 1.62428 -3.489758 -128
-128 -128 -128 -128 -128 -128 -128 -128 -128 -128 -128 -128 -128 -128 -128 -128 -128 -128 -128 -128 -128 -128 -128 -128 -128 -128 -128 -128 -128 -128 -128 -128 -128 -128 12.37806 8.340947 8.933748 8.872925 9.518012 10.97871 11.85208 12.89103 13.78507 14.33842 15.49218 16.51307 17.10562 17.44409 17.16276 16.91522 17.87188 17.91784 15.93108 12.76712 9.280703 7.458356 7.454344 5.70453 3.792354 4.276608 3.712858 4.344528 5.307524 3.805888 6.102426 7.059289 7.006724 5.703428 3.520418 2.066021 1.708304 -0.003858646 -3.699173 -2.015763 0.9149439 -1.312962 -128
-128 -128 -128 -128 -128 -128 -128 -128 -128 -128 -128 -128 -128 -128 -128 -128 -128 -128 -128 -128 -128 -128 -128 -128 -128 -128 -128 -128 -128 -128 -128 -128 -128 16.4339 10.52737 7.382567 7.491663 8.570826 9.401346 10.55094 11.58379 12.9924 14.39845 15.35596 16.03741 16.77275 17.1141 17.35749 17.11061 17.02357 17.71235 17.61939 15.93329 10.99522 7.471718 7.681584 7.690855 6.001826 4.06956 3.493003 1.818694 2.748442 4.762947 3.699873 6.140742 7.80267 7.193038 4.921014 -2.530452 -5.404598 -4.067285 0.2983149 0.7653554 -0.9639879 -1.456979 -0.3159133 -128
-128 -128 -128 -128 -128 -128 -128 -128 -128 -128 -128 -128 -128 -128 -128 -128 -128 -128 -128 -128 -128 -128 -128 -128 -128 -128 -128 -128 -128 -128 -128 -128 -128 15.17813 7.078112 6.447639 7.098548 8.199975 9.435008 10.57624 11.46282 11.97096 14.3283 15.85703 16.38076 16.83421 17.08194 17.56568 17.2639 16.92528 17.39699 17.02505 15.04803 9.956314 6.806796 8.636097 7.989961 6.46106 4.374438 4.100863 1.507986 2.334817 4.996043 6.361024 7.331901 7.979557 7.426303 5.595305 1.572699 -0.5079489 -0.5468622 2.751112 2.470209 0.5720267 -2.398807 -3.407025 -128
-128 -128 -128 -128 -128 -128 -128 -128 -128 -128 -128 -128 -128 -128 -128 -128 -128 -128 -128 -128 -128 -128 -128 -128 -128 -128 -128 -128 -128 -128 -128 -128 -128 13.58507 6.492259 6.186001 7.661258 8.375471 9.425661 10.85101 12.43094 12.86816 15.15348 16.42207 16.49948 16.74049 17.12098 17.48122 17.40118 16.96406 17.11536 16.56885 14.34513 10.74249 8.679804 9.409459 8.455935 7.165871 5.728133 5.146576 2.325804 2.922353 4.986079 6.790968 7.644298 7.90129 6.913056 5.758891 4.404305 2.862157 3.322667 3.777799 3.82884 2.855215 -0.931261 -4.510679 -1.930744
-128 -128 -128 -128 -128 -128 -128 -128 -128 -128 -128 -128 -128 -128 -128 -128 -128 -128 -128 -128 -128 -128 -128 -128 -128 -128 -128 -128 -128 -128 -128 -128 -128 11.36514 8.666766 8.331025 8.825036 8.796802 9.506588 11.34834 13.40717 14.71223 15.43278 16.36125 16.63353 16.94418 17.19544 17.4501 17.44121 17.06092 17.15315 16.68921 15.09375 12.01082 10.90354 9.454891 8.331344 7.485685 6.584707 4.499881 0.6164995 1.844477 4.623721 6.539383 7.629469 7.678332 6.808016 5.48991 3.301656 -0.4113021 0.9828503 2.422422 0.0492502 3.050777 3.563094 2.33596 0.2329354
-128 -128 -128 -128 -128 -128 -128 -128 -128 -128 -128 -128 -128 -128 -128 -128 -128 -128 -128 -128 -128 -128 -128 -128 -128 -128 -128 -128 -128 -128 -128 -128 16.20374 13.78259 10.98504 10.42932 9.836023 9.427112 10.40121 11.9604 13.56387 12.98702 13.9979 16.11855 16.52501 16.9217 17.24847 17.49344 17.47771 17.17081 17.15299 16.15896 15.22956 12.71451 10.7432 9.23333 8.686832 8.119477 6.814776 5.056796 2.917715 3.637357 4.837486 6.71576 8.071027 7.942497 7.240896 6.211601 4.63579 2.416281 3.191914 1.630138 -5.146539 -0.4899083 0.7447078 2.46586 -0.2280264
-128 -128 -128 -128 -128 -128 -128 -128 -128 -128 -128 -128 -128 -128 -128 -128 -128 -128 -128 -128 -128 -128 -128 -128 -128 -128 -128 -128 -128 -128 -128 -128 15.75253 11.56334 10.44455 11.61035 11.12448 10.68005 12.10409 12.49767 12.84884 12.79878 13.79986 15.37828 16.14249 16.83049 17.16534 17.49903 17.55392 17.2278 16.81083 15.95081 15.04123 13.64511 11.55776 9.721929 9.540831 8.265852 7.02458 6.618961 5.867953 7.02901 7.608227 8.287563 8.806966 8.523647 8.149066 7.569818 6.251024 6.090699 7.094522 6.047417 2.226973 -2.340415 -3.977313 -0.2918261 0.9023666
-128 -128 -128 -128 -128 -128 -128 -128 -128 -128 -128 -128 -128 -128 -128 -128 -128 -128 -128 -128 -128 -128 -128 -128 -128 -128 -128 -128 -128 -128 -128 -128 15.23305 9.842647 9.787516 11.49037 11.51189 11.57845 11.76399 11.71374 12.40111 12.08172 13.18 14.88542 15.84415 16.53454 17.01179 17.62442 17.68287 16.63019 15.49372 14.46641 14.95002 13.84711 12.12897 10.40328 9.440874 7.40663 5.880331 8.30072 8.842463 9.395393 9.44883 9.328202 9.317827 9.216235 9.11314 8.856383 8.127461 7.714756 8.299696 8.357437 6.102288 3.533358 -0.6890007 -3.020922 0.03251624
-128 -128 -128 -128 -128 -128 -128 -128 -128 -128 -128 -128 -128 -128 -128 -128 -128 -128 -128 -128 -128 -128 -128 -128 -128 -128 -128 -128 -128 -128 -128 -128 14.72815 8.995046 9.928308 11.00651 11.25062 11.15605 12.27828 12.75121 12.18276 13.25507 14.14069 15.19509 15.77592 16.37733 17.04553 17.33434 16.34064 15.42763 15.23815 14.58759 14.59247 13.25269 11.54471 9.375569 8.172691 6.661412 6.129543 7.570964 8.511964 9.747713 9.932815 9.8309 9.636546 9.822362 9.899861 9.974854 9.057822 8.31037 8.509686 8.556641 8.229721 7.251821 4.224971 0.4431882 1.402631
-128 -128 -128 -128 -128 -128 -128 -128 -128 -128 -128 -128 -128 -128 -128 -128 -128 -128 -128 -128 -128 -128 -128 -128 -128 -128 -128 -128 -128 -128 -128 -128 13.4574 8.05192 8.969781 10.31477 11.56567 10.67384 12.55493 13.15381 13.52519 14.48527 15.05799 15.5158 15.63609 16.10785 16.69733 16.77071 16.06186 15.46328 15.63491 15.71012 15.02931 13.73704 11.92695 9.42505 6.696944 4.60639 6.580123 7.660521 9.028929 9.805315 9.765829 9.688767 9.619928 10.01704 10.46263 10.64983 9.845599 9.074446 8.980991 8.720046 8.828403 8.023866 6.684718 4.347389 1.747311
-128 -128 -128 -128 -128 -128 -128 -128 -128 -128 -128 -128 -128 -128 -128 -128 -128 -128 -128 -128 -128 -128 -128 -128 -128 -128 -128 -128 -128 -128 -128 16.68396 12.90498 8.53159 10.06095 10.9766 11.0043 10.03588 11.97041 13.35182 13.78691 14.58175 15.08493 15.16363 15.30853 15.76115 16.19639 16.14278 15.83915 15.35347 15.50061 15.82626 14.81015 12.20132 10.49705 8.611664 7.085754 6.689898 8.821819 9.392948 9.982196 10.02703 9.7153 9.562981 9.83123 10.32013 10.55283 10.34089 9.876823 9.236608 8.12016 7.423456 7.92939 6.97011 5.649846 3.549264 0.9098666
-128 -128 -128 -128 -128 -128 -128 -128 -128 -128 -128 -128 -128 -128 -128 -128 -128 -128 -128 -128 -128 -128 -128 -128 -128 -128 -128 -128 -128 -128 -128 16.87403 13.42908 9.677086 11.46355 11.37263 10.58798 9.157929 11.43627 12.5008 12.97613 14.01923 14.47499 14.99317 15.16609 15.41509 15.60852 15.75314 15.67591 15.04795 15.13342 15.36235 14.63497 11.8158 10.79518 9.239761 8.055573 8.53869 9.801641 10.30645 9.912469 9.642215 9.564863 9.535211 9.544631 9.971513 10.18591 9.995946 9.623641 8.943737 8.111011 7.220617 6.418607 4.912275 3.555546 1.027491 -0.2972472
-128 -128 -128 -128 -128 -128 -128 -128 -128 -128 -128 -128 -128 -128 -128 -128 -128 -128 -128 -128 -128 -128 -128 -128 -128 -128 -128 -128 -128 -128 -128 16.94118 12.79016 10.77198 10.57539 9.874545 10.19021 8.588789 10.22334 11.47163 11.76919 12.80558 13.63335 14.67034 15.01063 15.25127 15.40399 15.64409 15.81677 15.32468 15.17458 15.30476 15.09015 13.87625 12.87248 11.78721 10.77709 10.70875 11.22152 10.72157 9.817745 9.346889 9.370725 9.516227 9.670678 10.20576 10.3708 10.07048 9.3793 8.623931 7.849703 6.87259 5.422372 2.884641 1.42626 -0.8321863 -1.731739
-128 -128 -128 -128 -128 -128 -128 -128 -128 -128 -128 -128 -128 -128 -128 -128 -128 -128 -128 -128 -128 -128 -128 -128 -128 -128 -128 -128 -128 -128 -128 17.00338 14.68976 10.54167 9.686365 10.43539 9.940047 9.279119 9.949071 10.91515 11.18283 11.90425 12.88964 14.17836 14.77101 14.95032 15.17035 15.53092 15.56719 15.43179 15.88186 16.03678 15.62922 14.72837 14.31679 13.5493 12.48808 11.87863 11.50159 10.78838 9.970747 9.448892 9.276141 9.369511 9.769553 10.28423 10.38903 10.05565 9.004153 7.805837 7.089739 5.965082 3.966522 2.370991 -0.0672284 -0.9311951 -0.2044913
-128 -128 -128 -128 -128 -128 -128 -128 -128 -128 -128 -128 -128 -128 -128 -128 -128 -128 -128 -128 -128 -128 -128 -128 -128 -128 -128 -128 -128 -128 -128 17.03187 13.32755 9.903188 10.14033 11.64214 10.72332 10.98351 10.49698 11.20769 11.77098 12.28383 12.8774 13.76267 14.20169 14.64229 14.99985 15.31753 15.49426 15.55717 15.88993 15.91365 15.5686 15.10323 14.17198 13.35374 12.8179 12.4675 11.8557 11.28939 10.4606 9.930892 9.664598 9.889105 10.01873 10.11882 10.02424 9.545674 8.038511 6.629231 5.570919 4.969321 4.869094 3.249438 -0.1334438 -0.5575661 0.2476607
-128 -128 -128 -128 -128 -128 -128 -128 -128 -128 -128 -128 -128 -128 -128 -128 -128 -128 -128 -128 -128 -128 -128 -128 -128 -128 -128 -128 -128 -128 -128 16.67473 11.05054 11.159 11.78759 12.63245 12.25057 11.96465 11.12037 11.46962 11.80177 12.54833 13.16544 13.70694 13.97756 14.353 14.74401 15.02396 15.25424 15.2059 15.52685 15.28444 14.14263 13.66059 13.41374 12.6908 12.21034 11.44418 10.04523 9.49068 9.528785 9.660928 9.957093 10.11257 10.04525 10.08536 9.425141 8.330339 6.294027 5.35781 5.311932 4.914526 6.532182 4.037544 1.515891 1.07414 0.2750627
