formato/VCI/bioclim_13.asc
ncols         186
nrows         781
xllcorner     -75.7
yllcorner     -56.55
cellsize      0.05
NODATA_value  -9999
[rows 578 to 611 of 781, columns 0 to 76 of 186]
-128 -128 -128 -128 -128 -128 12.64773 12.56837 12.03356 12.26294 11.99598 11.31686 10.95617 11.48727 11.76422 11.28546 11.51087 10.62833 11.09488 10.594 10.76912 11.30934 11.95987 10.66389 10.44516 12.37996 12.79658 12.52109 12.50661 12.47925 12.03283 12.19183 13.06227 12.61641 12.10093 12.6996 12.73345 12.84819 12.71688 12.28898 10.39563 8.281203 8.06708 9.794015 9.319016 8.712184 8.74868 10.13161 11.84355 11.57526 10.30032 11.78394 12.02043 10.20948 8.633819 8.558316 9.281067 11.53376 10.86076 12.19665 13.14324 10.63332 9.413395 8.636421 9.56869 10.34156 9.256176 10.87382 9.485138 10.02452 8.205163 8.42351 9.810045 12.6813 15.85013 16.65842 17.24879
-128 -128 -128 -128 -128 -128 12.50866 12.24116 11.88908 11.97569 11.34813 11.66134 11.61966 12.01555 11.55508 12.37908 11.52968 11.07234 11.53929 11.61424 10.74484 11.11447 11.80135 12.55626 12.45469 12.63494 12.75901 12.65962 12.56805 12.77785 12.95697 12.90926 12.93887 13.15905 12.98337 13.09078 13.15287 -128 12.71165 11.29762 8.280896 8.958561 9.652365 8.056067 7.898568 7.165734 9.044819 10.14732 8.932798 10.97406 11.79765 10.68251 11.05618 9.788952 9.521304 10.36556 10.56013 10.31946 10.78046 13.11105 13.21895 9.95315 9.718802 9.356498 8.268793 9.642945 10.12341 10.75159 11.69243 12.96381 12.7269 12.25684 14.43941 16.06466 16.70855 17.1678 17.25101
-128 -128 -128 12.48106 12.29491 12.06541 12.24239 11.74973 11.73261 11.90376 11.72853 11.78527 11.89442 12.28693 12.60036 12.46634 11.77606 11.82063 11.67809 12.20556 12.0687 11.94034 11.86704 12.43006 12.48587 12.28697 12.14841 12.7268 12.2914 12.00572 12.59023 13.1036 12.89795 13.23833 13.15486 13.36532 13.23067 12.89643 11.81244 9.852438 10.91541 9.94311 7.875418 7.889974 6.863656 5.304345 8.345215 8.705531 7.96234 10.18495 12.22796 10.58858 10.33513 11.63724 10.48709 10.08816 8.652865 9.451155 10.48662 13.01997 13.37681 11.55088 9.602139 10.5561 9.27859 9.159625 11.22503 12.84995 13.84679 15.03574 15.46636 15.75457 16.02045 16.32763 16.47486 16.44487 17.02926
-128 12.48407 12.33206 12.30507 12.10604 11.24683 11.20555 11.42778 11.67451 11.82421 11.97782 11.56588 11.97592 12.49683 12.44327 12.07392 11.51366 11.59587 11.53401 11.39315 11.93162 12.3422 12.08437 11.56724 12.01517 12.58981 12.1438 12.10403 12.62084 12.2554 12.79151 13.18383 13.06291 13.25781 13.43243 13.36395 13.18315 12.69068 10.21334 9.014698 9.638756 9.335398 8.072436 7.971182 4.819752 3.215233 2.191402 2.775432 5.235407 8.838682 11.04602 9.161175 7.818063 9.402577 8.222443 10.03584 10.80967 8.982469 9.526387 12.28714 14.19164 14.07282 12.9172 11.72171 10.33054 11.7771 14.6826 14.64831 14.39164 15.11531 15.02555 14.30776 13.71634 13.36233 13.55518 14.49488 14.32562
-128 12.40724 11.48614 11.15686 11.24347 11.30011 11.58015 11.94641 11.91097 11.68721 12.38363 12.43935 12.5804 12.49452 12.24465 11.72017 11.48362 11.42186 11.08097 11.30736 11.42109 12.25777 12.00233 11.71912 11.7864 12.40191 12.51682 11.7263 12.2877 12.65825 12.97663 13.19421 13.37245 13.63542 13.73193 13.40726 13.12994 11.28985 9.604939 8.397336 7.221094 6.773596 7.271215 6.157674 4.72647 2.800567 0.8864412 -0.1219546 3.288271 6.596904 10.47983 9.523374 8.387658 8.797889 10.06312 8.399599 10.7748 11.68857 12.32008 12.32459 13.7659 14.49007 14.62798 14.34797 14.03135 14.5145 14.47886 10.91921 12.93731 11.49859 11.53341 10.02733 9.852955 9.096375 9.518301 10.36412 9.65594
-128 11.98674 10.34851 11.02304 11.71362 12.1505 12.35544 12.40708 12.47382 12.55252 12.62305 12.72836 -128 12.62563 12.16193 12.02727 11.13254 11.58161 11.37066 11.48349 12.06242 12.26328 12.13679 12.17797 11.97632 12.16772 12.47735 12.56239 12.51843 12.60812 12.84159 13.17438 13.37284 13.72049 13.73135 13.42963 12.97401 10.39687 9.080346 8.852333 7.887741 7.331511 6.391485 5.649052 5.313247 5.206397 3.06057 2.465317 7.221044 9.104651 10.58285 10.38357 9.020733 8.809089 9.134025 11.39807 9.129943 9.659455 9.220345 9.499868 12.08771 14.24364 14.33265 14.30569 14.24473 13.93071 12.45326 9.319106 10.51779 10.79357 8.656147 7.591561 8.688961 8.149116 8.052007 8.300828 8.599633
12.40222 11.61861 10.48242 11.51793 11.54324 11.96778 12.23073 12.49091 12.59758 12.57532 12.40512 12.7603 -128 12.72838 12.57503 12.23073 11.88877 11.52313 11.88906 12.00024 11.55769 12.16221 12.16137 12.20753 12.25873 11.79186 11.7692 12.12787 12.45433 12.53252 12.80199 13.19842 13.43193 13.63831 13.60736 13.25994 11.1287 10.06138 9.332274 8.345988 7.557543 7.121827 6.546446 6.048029 5.824259 5.875629 5.384547 4.829269 7.282198 9.895609 10.93059 12.6135 12.03139 12.2649 12.61722 13.27869 12.79491 12.94629 12.56567 12.79359 13.87122 14.22884 14.16096 13.87256 13.41228 11.55827 9.442942 8.794015 9.49093 10.14423 9.492122 7.881596 9.113287 9.495697 9.153466 9.938564 9.592882
-128 11.63223 11.18255 11.79611 10.79359 10.89877 12.0772 12.34458 -128 12.76814 12.71955 12.83 -128 -128 12.73465 12.63748 12.42764 12.18286 12.24857 11.79943 11.93919 12.16683 12.17517 11.81055 11.96692 12.57045 12.51177 12.50737 12.48943 12.56762 12.86224 13.20233 13.38586 13.60908 13.50285 12.02336 11.489 10.91704 9.49961 8.345164 6.657016 6.337361 6.340096 5.981085 5.620766 5.292875 4.910622 4.407926 7.053282 10.43865 10.36784 10.55141 9.031936 8.345284 11.42501 11.7073 12.2978 13.32974 13.81263 13.86754 14.04303 14.00196 13.22406 12.53911 12.54951 10.70992 9.768938 7.909822 8.56905 8.568727 7.781915 8.31846 8.792281 9.014818 9.098289 11.17461 11.47004
-128 12.14621 11.45545 10.38147 10.38357 11.11022 10.87404 11.82547 12.58884 -128 -128 -128 -128 -128 -128 -128 -128 12.64569 12.60201 12.50971 12.27821 12.26199 12.47912 12.37162 12.6026 12.62585 12.6283 12.59897 12.56161 12.6857 12.90142 13.11334 13.26804 13.47948 13.15416 11.92369 10.31836 9.56583 8.762087 8.056703 6.921041 6.204771 5.880647 5.629169 5.139581 4.489131 4.495359 4.594847 4.850357 6.842207 8.173425 8.247093 7.516104 8.435866 10.42323 10.42365 12.00135 13.1679 13.76626 13.42995 13.48723 12.40267 11.58626 10.77445 11.2845 11.02131 10.27881 9.103106 7.2199 8.028707 8.678078 8.653049 8.146588 9.341998 10.13408 10.6306 11.65564
-128 -128 12.09287 10.50913 10.62141 10.57831 11.37183 11.75624 12.24215 -128 -128 -128 -128 -128 -128 -128 -128 -128 -128 -128 -128 12.47948 12.53649 12.31956 12.36969 12.47106 12.67422 12.70231 -128 -128 13.07051 13.14179 13.20571 12.87787 12.25795 11.63085 10.34128 9.405887 8.833859 7.453387 6.806983 6.320446 5.84235 5.444574 5.1683 5.066837 4.664592 5.025321 4.99573 7.867312 10.64683 8.41468 7.767168 8.310099 8.550312 9.110617 13.09186 13.25525 13.3575 12.06521 12.01729 10.64621 10.45618 9.616073 10.39751 9.327687 9.290343 8.951781 6.833002 7.100942 8.422214 7.557627 8.550148 8.710979 8.303617 7.825621 -128
-128 -128 -128 12.21654 11.06359 11.17343 10.97153 11.88951 12.63022 -128 -128 -128 -128 -128 -128 -128 -128 -128 -128 -128 -128 12.70631 12.73143 -128 12.78388 12.77037 -128 -128 -128 -128 -128 13.2961 13.27585 12.1503 11.6827 11.14491 10.85877 10.47587 9.649038 7.768124 6.459625 5.744012 5.219235 5.114489 4.846434 4.387138 3.338849 5.806508 6.871768 9.091496 10.58066 11.58717 9.191353 8.398414 7.598023 9.336884 13.18144 13.58435 12.6707 11.08642 10.58116 9.483928 10.34967 9.584383 9.942747 9.592351 9.208315 8.676881 7.805307 6.806373 8.302728 7.376975 7.528238 6.834522 6.903175 -128 -128
-128 -128 -128 -128 12.36757 12.36042 12.43557 -128 -128 -128 -128 -128 -128 -128 -128 -128 -128 -128 -128 -128 -128 -128 -128 -128 -128 -128 -128 -128 -128 -128 -128 13.30826 13.314 13.23584 12.88331 12.22572 11.87528 10.88906 9.687336 8.577044 5.933185 3.686 3.77243 4.560621 4.494643 3.856975 3.724716 7.299801 9.114734 10.96551 11.04955 11.96323 11.53003 11.57956 10.74337 10.6966 13.55373 13.31436 11.21473 9.318997 9.229506 9.718566 9.704868 9.591153 10.31946 9.44225 8.945123 9.975994 8.557178 7.162398 8.87163 7.072227 7.06609 6.255769 5.781189 5.664929 7.303465
-128 -128 -128 -128 -128 -128 -128 -128 -128 -128 -128 -128 -128 -128 -128 -128 -128 -128 -128 -128 -128 -128 -128 -128 -128 12.7646 12.49137 12.30479 12.40875 12.71606 12.88606 12.59243 12.73103 12.60355 12.56573 12.46358 10.5681 10.1696 8.859413 8.086954 6.967224 4.614238 3.128559 4.246874 4.343271 4.347763 5.282637 7.98833 9.761518 10.63256 9.770665 10.5827 9.604177 9.851182 11.38901 10.89402 11.05612 12.74459 11.93393 9.92353 8.74868 8.955775 8.886509 9.385369 10.5199 11.38155 11.98856 11.89443 11.66363 10.34916 10.59927 7.00107 8.305441 6.883756 6.97545 5.908175 6.243449
-128 -128 -128 -128 -128 -128 -128 -128 -128 -128 -128 -128 -128 -128 -128 -128 -128 -128 -128 -128 -128 -128 -128 -128 12.74723 11.63025 10.9622 11.36573 12.25364 12.45888 12.56886 11.90998 11.40001 11.72944 12.33493 10.49084 10.87616 9.968516 8.772484 7.085876 6.903277 5.189563 3.010631 4.217238 4.549525 4.566755 6.017561 8.709344 10.37241 10.67394 9.838679 9.439756 8.440879 8.54334 9.169038 9.233074 10.60556 11.32223 12.46517 10.4273 9.488759 11.01519 12.08022 12.17308 12.69607 12.88935 12.40199 11.6533 11.64536 11.31072 11.77376 11.15883 10.63031 8.691595 6.494037 6.732368 -128
-128 -128 -128 -128 -128 -128 -128 -128 -128 -128 -128 -128 -128 -128 -128 -128 -128 -128 -128 -128 -128 -128 -128 -128 12.7058 12.51466 12.45933 12.45693 -128 12.41679 12.54343 12.47959 11.99141 12.51884 11.42234 9.589746 9.232582 8.465738 8.303208 7.899784 6.331006 4.287103 2.697649 3.546902 4.902018 5.621264 6.455975 8.237643 10.3986 9.227035 11.07066 11.70122 11.39827 11.41818 12.16116 12.58237 12.94341 12.65978 13.25767 12.87145 12.70831 13.19656 12.14328 12.44709 12.34809 12.21379 11.89011 11.51638 11.05112 9.98151 9.93586 9.300519 11.66755 11.36587 8.126078 8.437248 10.42286
-128 -128 -128 -128 -128 -128 -128 -128 -128 -128 -128 -128 -128 -128 -128 -128 -128 -128 -128 -128 -128 -128 -128 -128 -128 12.56016 12.46738 -128 12.24148 12.28105 12.39312 12.51279 12.20428 11.88431 11.78849 10.56342 10.49555 9.482954 8.586889 6.823722 5.951454 5.027686 4.314957 3.221506 1.518563 5.544749 8.225811 9.344394 10.98352 9.820351 10.13324 11.10979 11.01246 10.4305 10.09664 10.4429 12.11236 12.43039 11.72188 11.33358 12.02 12.81875 9.484621 9.949312 10.93618 12.04961 12.02012 12.63734 13.14405 13.70795 13.37048 13.30219 11.85308 10.41842 12.04967 12.35716 12.48203
-128 -128 -128 -128 -128 -128 -128 -128 -128 -128 -128 -128 -128 -128 -128 -128 -128 -128 -128 -128 -128 -128 -128 -128 -128 -128 -128 12.23648 11.53967 11.63458 11.54123 11.29942 10.93192 11.22313 10.63582 11.4671 10.46912 8.515836 7.629213 6.427748 6.216515 5.423167 4.925542 4.362467 1.659044 4.243545 8.237303 9.104029 11.46011 11.53379 9.297237 9.351564 9.470098 9.002275 10.12607 10.69003 12.03722 12.2438 10.82865 10.47345 12.41141 13.20887 12.40946 11.95315 13.18018 13.37405 12.98486 13.28862 13.36325 12.89447 12.36325 12.66982 13.76003 12.58021 12.7809 12.87131 12.76044
-128 -128 -128 -128 -128 -128 -128 -128 -128 -128 -128 -128 -128 -128 -128 -128 -128 -128 -128 -128 -128 -128 -128 -128 -128 -128 12.23387 11.78302 10.75333 10.34851 10.92844 10.90964 11.7419 10.45886 9.753121 10.4119 9.332287 9.159488 7.753231 7.069174 6.920045 6.314554 6.136563 5.355498 3.872051 3.370101 6.311207 8.742139 10.81419 11.88758 12.28714 8.684452 10.03238 10.34906 11.60581 13.10993 14.14155 14.02574 13.83159 13.6743 13.66659 12.47678 13.31905 12.62243 12.75773 10.87281 10.50376 10.06894 9.278 9.449215 10.69114 12.46108 13.65021 14.09278 14.74215 -128 -128
-128 -128 -128 -128 -128 -128 -128 -128 -128 -128 -128 -128 -128 -128 -128 -128 -128 -128 -128 -128 -128 -128 -128 -128 -128 12.22743 12.0013 10.97197 9.57323 10.27232 11.09761 10.61204 11.00188 10.61304 10.06029 10.02117 10.21551 8.99709 8.284941 7.851032 7.682935 6.677478 6.671184 6.54074 6.017435 3.001792 6.142222 7.092077 8.303574 9.653595 10.75953 11.91774 12.3172 13.66797 14.26447 13.86259 14.31015 13.16887 13.34231 13.64019 13.44373 12.86111 12.53034 10.84576 9.156983 8.642337 8.664204 8.463027 8.450215 9.440999 10.95977 9.128682 10.0245 12.77203 -128 -128 -128
-128 -128 -128 -128 -128 -128 -128 -128 -128 -128 -128 -128 -128 -128 -128 -128 -128 -128 -128 -128 -128 -128 -128 -128 12.24701 11.98095 11.4617 10.20023 10.08101 10.7086 10.49228 10.1324 9.797219 10.13925 8.524655 8.741911 8.848073 8.495639 8.203866 8.058307 8.512204 7.960299 7.569588 6.879446 5.960009 5.042889 7.987966 8.721731 9.287879 9.638198 10.31161 11.4661 10.33248 9.543328 10.54638 12.72782 14.17453 12.78845 13.1712 13.43816 12.57141 12.59026 10.50465 8.397425 8.74609 8.739734 10.31904 10.34306 10.46469 11.19763 9.285198 8.339408 -128 -128 -128 -128 -128
-128 -128 -128 -128 -128 -128 -128 -128 -128 -128 -128 -128 -128 -128 -128 -128 -128 -128 -128 -128 -128 -128 -128 -128 12.14896 11.95353 11.04319 10.82828 10.71654 10.37848 9.35126 9.636138 9.801497 9.771476 9.415421 8.935945 8.282636 8.499613 9.32913 9.610161 9.147671 8.093073 7.690911 6.426909 4.969813 7.521821 8.795335 8.211575 9.16655 9.47228 8.650722 9.445492 8.520759 8.745492 10.33725 13.45103 13.1608 12.65257 13.25183 11.77564 9.976792 10.97626 11.64465 9.285664 9.248238 11.43199 11.28517 10.95482 10.9068 10.42956 8.582236 -128 -128 -128 -128 -128 -128
-128 -128 -128 -128 -128 -128 -128 -128 -128 -128 -128 -128 -128 -128 -128 -128 -128 -128 -128 -128 -128 -128 12.15942 12.14327 12.07448 11.89509 10.85027 10.48223 9.802574 9.67338 10.46159 10.37392 9.58483 8.665061 9.342253 10.17504 9.080069 8.153138 9.145302 10.86958 9.940241 9.3912 9.045316 8.213766 6.973001 8.172247 10.04077 10.90996 11.1431 8.759695 8.622539 8.84569 9.196179 8.612659 11.72753 13.62094 11.84303 12.03768 11.57518 9.207982 9.20536 9.675177 11.59636 11.65717 11.23922 10.04317 10.65023 10.24493 10.92805 -128 -128 -128 -128 -128 -128 -128 -128
-128 -128 -128 -128 -128 -128 -128 -128 -128 -128 -128 -128 -128 -128 -128 -128 -128 -128 -128 -128 -128 12.09705 12.08224 12.04301 11.94871 11.64709 11.73233 11.42231 10.315 9.543324 9.955022 9.38065 9.390415 10.53041 9.375771 8.888491 8.662668 8.399341 8.887361 10.99635 11.80711 11.66717 10.58607 8.514736 7.940956 6.832951 8.291026 7.946357 9.999153 11.86666 11.37541 11.31005 11.92822 11.31196 10.49349 10.23071 13.22265 10.89436 10.4489 11.00086 8.717341 8.110952 9.738566 10.48217 7.961687 7.221146 7.813456 7.90663 9.200432 -128 -128 -128 -128 -128 -128 -128 -128
-128 -128 -128 -128 -128 -128 -128 -128 -128 -128 -128 -128 -128 -128 -128 -128 -128 -128 -128 11.98434 -128 12.02692 11.78293 11.34385 11.54393 10.72945 11.22519 11.72217 11.14324 10.86969 11.13077 10.95022 10.97241 9.459183 9.644162 9.697416 9.272151 8.644653 9.276626 10.19432 11.84603 10.60433 9.929943 9.977372 9.098571 8.01433 9.144125 9.945139 10.86257 10.54974 10.49981 11.68559 13.17144 9.838896 9.827271 10.45959 12.6656 9.923691 7.663072 9.636516 9.941811 7.722881 7.988376 10.3139 8.722554 7.020897 5.856757 3.428878 -128 -128 -128 -128 -128 -128 -128 -128 -128
-128 -128 -128 -128 -128 -128 -128 -128 -128 -128 12.12573 12.13199 -128 -128 -128 -128 -128 -128 -128 11.9371 11.95032 11.77444 11.8254 11.74126 10.97865 10.72712 11.38886 11.55246 11.84824 11.71684 11.36282 11.04989 11.28508 10.86741 9.496951 9.519359 8.326829 8.292072 8.690138 9.314061 11.76813 11.24818 10.12018 10.27319 10.46207 9.422026 7.672876 8.354492 9.311018 9.532252 9.504131 11.16446 13.08321 12.78873 12.41151 11.43659 11.00189 12.58696 9.90937 8.497225 8.268123 8.918324 6.474345 8.862318 10.01888 7.264939 3.882806 5.316186 -128 -128 -128 -128 -128 -128 -128 -128 -128
-128 -128 -128 -128 -128 -128 -128 12.05926 -128 12.05298 12.05881 12.05274 12.0616 12.05264 12.05084 12.04446 12.02047 -128 -128 -128 11.79325 11.02661 11.38978 11.38932 11.41415 11.38231 10.93951 10.93703 11.66004 11.00658 10.48177 10.36209 10.17786 9.092852 9.108764 8.33164 8.079882 8.427475 8.450388 11.22134 10.696 9.509576 8.748667 8.986407 8.785649 9.040126 9.221001 9.943138 9.971772 9.858107 11.66347 13.29086 13.56721 13.01316 11.65489 9.358541 9.345089 12.25317 10.30574 8.445613 7.257058 8.716888 8.01813 9.352396 9.117105 7.280937 7.148982 -128 -128 -128 -128 -128 -128 -128 -128 -128 -128
-128 -128 -128 -128 -128 -128 12.01215 11.91303 11.83904 11.84808 11.90198 11.86713 11.77195 11.84153 11.65131 11.85405 11.97534 11.92518 -128 -128 11.86246 11.40249 11.20045 11.03804 11.48588 11.35691 10.96605 11.00771 11.75367 11.60789 11.21933 10.68452 10.59082 10.04281 9.481485 8.591885 9.110283 9.869524 9.302226 11.22038 10.6889 9.280767 8.496552 9.461064 9.476273 8.880793 8.700747 9.984721 12.34838 12.3425 12.94271 11.37009 11.52664 11.59038 9.192632 8.917092 9.224986 10.68807 11.33993 8.689685 8.515692 9.0146 8.053352 8.446494 7.417742 6.909 -128 -128 -128 -128 -128 -128 -128 -128 -128 -128 -128
-128 -128 -128 -128 -128 -128 11.97385 11.87784 11.7751 11.73565 11.52626 11.70269 11.85535 11.95451 11.97181 11.90715 11.91735 11.9203 11.93863 -128 11.99648 12.01731 12.04502 12.01709 11.71694 11.9213 12.12694 11.83394 11.66252 11.81377 11.54933 11.1031 10.78168 11.40039 10.0079 8.901797 8.872767 10.08286 10.64498 11.67073 12.0594 11.50027 11.07219 11.617 10.17097 11.54291 11.44958 11.50567 11.15822 9.378557 10.59813 9.931835 9.381644 9.650401 9.968929 8.907527 8.329792 8.311859 10.1654 10.83909 9.876399 7.302885 7.348735 8.197828 7.998258 -128 -128 -128 -128 -128 -128 -128 -128 -128 -128 -128 -128
-128 -128 -128 -128 -128 -128 -128 -128 -128 11.88484 11.8447 11.86328 11.87665 11.95758 11.9671 11.94551 11.90193 11.72977 11.86913 11.89823 11.48815 11.69615 11.40623 11.81393 11.7136 11.26352 11.41607 10.66894 11.21868 10.90562 10.65716 10.90434 11.51314 11.76199 11.59367 11.57721 11.68468 11.88677 12.336 12.56562 12.62184 12.66097 12.93996 12.79416 11.95766 11.95264 10.0569 9.805488 9.35426 8.494838 8.775649 9.629962 9.115555 8.614555 9.446599 9.358368 8.603542 7.39368 8.392556 10.17787 8.66805 6.995642 8.324567 9.199539 8.979443 -128 -128 -128 -128 -128 -128 -128 -128 -128 -128 -128 -128
-128 -128 -128 -128 -128 -128 -128 -128 11.87041 11.86947 11.89313 11.88051 11.85773 11.87892 11.85445 11.87278 11.69113 11.62382 11.88841 11.95364 11.81813 11.63951 11.787 11.87769 11.65977 10.8574 10.57665 10.54879 9.766581 10.59887 10.64342 10.91805 11.49493 11.76815 10.90868 11.1901 11.80796 11.86158 12.07243 12.6604 12.80407 13.26369 12.76191 12.76381 12.96326 10.73102 9.442924 10.85171 9.213362 8.409556 8.114069 8.795581 8.916851 8.262362 8.63481 9.743237 8.222284 7.791893 7.728547 9.188985 8.953655 8.987501 9.328807 9.257631 8.122883 -128 -128 -128 -128 -128 -128 -128 -128 -128 -128 -128 -128
-128 -128 -128 -128 -128 -128 -128 -128 11.7758 11.77799 11.73709 11.72974 11.72625 11.578 11.70224 11.52215 11.62421 11.61615 11.84821 11.85532 11.93873 11.91652 11.06665 11.78516 11.78133 11.78602 11.56575 11.43941 10.02732 10.17777 10.10346 10.41675 11.54277 11.58701 10.69977 11.95403 12.00505 11.57116 12.44883 12.6784 12.54887 13.13524 12.6054 11.8105 12.90921 12.60623 11.2794 12.23545 11.14891 10.33749 8.554165 9.734375 8.434042 8.11885 9.362629 10.14918 9.257854 8.529105 6.830909 7.803968 8.981843 8.606655 10.12847 8.799438 -128 -128 -128 -128 -128 -128 -128 -128 -128 -128 -128 -128 -128
-128 -128 -128 -128 -128 -128 11.71253 11.70951 11.69994 11.72816 11.7349 11.68783 11.60537 11.83672 11.79451 11.64642 11.47683 11.22976 11.51073 11.56104 11.98397 12.02105 11.55656 11.15208 10.39279 11.04216 11.58361 11.52143 11.60535 11.64509 11.72401 11.71965 11.67231 12.05382 12.23095 -128 12.54802 12.73921 -128 13.08199 12.6691 13.19501 12.22483 12.34559 12.58343 12.43982 12.46076 11.75988 11.11427 12.09569 12.15497 11.4689 9.314386 9.146605 10.08127 9.92385 7.7337 7.522804 6.833011 7.385005 8.367579 9.705 10.21443 9.812187 8.629453 8.317024 -128 -128 -128 -128 -128 -128 -128 -128 -128 -128 -128
-128 -128 -128 -128 11.67875 11.64458 11.56464 11.34384 11.62193 11.67925 11.56871 11.66308 11.7091 11.58052 11.63577 11.2587 10.99629 11.18609 11.65342 11.86327 11.94151 11.94294 10.55451 10.41879 10.18287 10.59959 11.07156 11.38308 11.58465 9.99715 10.2465 10.43543 10.35004 11.359 11.82586 12.06282 12.32129 12.57777 12.85226 13.03829 -128 13.43351 13.44292 11.64519 10.72299 10.89714 10.09495 10.44194 11.26667 11.36815 9.859135 12.06553 10.51081 11.44763 10.84371 10.25387 8.016862 8.78072 7.915682 6.61863 8.414828 9.843328 9.317525 9.471919 10.19 8.04898 -128 -128 -128 -128 -128 -128 -128 -128 -128 -128 -128
-128 -128 -128 11.56684 11.26772 11.11879 11.13866 11.12974 11.46705 11.62105 11.47022 11.54993 11.69496 11.56285 11.39124 11.41891 11.12155 10.97994 11.28103 11.61335 11.87971 -128 11.32926 10.63163 11.28149 10.2395 9.773487 10.25494 11.05234 10.64487 9.502587 10.3053 9.998164 10.11248 9.504668 9.046238 11.13232 12.18439 11.79981 12.55037 12.85676 13.07186 12.79634 12.90345 10.97116 9.777335 10.25796 10.80755 10.92071 11.33735 9.473775 11.32577 8.797332 9.427816 10.30796 11.32797 8.766406 9.756106 8.891076 8.405107 10.17888 9.48626 9.040811 9.71677 10.52479 8.425532 8.485454 -128 -128 -128 -128 -128 -128 -128 -128 -128 -128
