formato/VCI/bioclim_7.asc
ncols         186
nrows         781
xllcorner     -75.7
yllcorner     -56.55
cellsize      0.05
NODATA_value  -9999
[rows 510 to 543 of 781, columns 0 to 76 of 186]
-128 -128 -128 -128 -128 -128 -128 -128 -128 -128 -128 -128 -128 -128 -128 -128 -128 -128 -128 -128 -128 -128 -128 -128 -128 -128 -128 -128 13.97297 14.39118 14.87858 15.32048 15.81766 16.27587 16.33915 15.9184 15.56182 15.36979 15.13439 14.87993 14.46801 13.81272 13.22634 12.26612 11.97364 11.9622 11.96344 11.91935 -128 -128 -128 -128 -128 -128 -128 -128 15.05485 15.8908 16.25895 17.42717 17.51465 17.53109 18.03049 17.66707 17.88046 19.27612 19.02808 19.26081 20.15565 21.01999 20.78032 21.22529 20.67611 21.09004 20.97095 20.58806 -128
-128 -128 -128 -128 -128 -128 -128 -128 -128 -128 -128 -128 -128 -128 -128 -128 -128 -128 -128 -128 -128 -128 -128 -128 -128 -128 -128 13.71219 13.99093 14.54955 14.9768 15.23475 15.51664 15.91583 16.05779 15.67504 15.36369 15.07445 14.81811 14.50692 14.22884 13.79575 13.243 12.46492 11.94685 11.94124 -128 -128 -128 -128 -128 -128 -128 -128 -128 -128 15.19348 16.44341 16.69108 17.06129 17.8353 17.97301 18.19988 17.71952 17.70391 18.57624 19.00542 19.79382 20.17052 20.26457 21.26933 20.7251 20.92231 20.68788 21.54397 21.97802 -128
-128 -128 -128 -128 -128 -128 -128 -128 -128 -128 -128 -128 -128 -128 -128 -128 -128 -128 -128 -128 -128 -128 -128 -128 -128 -128 -128 13.69391 14.08886 14.47137 14.84468 15.10205 15.30501 15.47738 15.45161 15.16393 14.87402 14.6721 14.33197 14.0462 13.80456 13.26542 12.91061 12.44388 11.91509 -128 -128 -128 -128 -128 -128 -128 -128 -128 -128 14.27386 15.22687 16.61318 17.26056 17.70351 17.66298 18.21556 18.38877 19.1092 17.89891 18.70677 19.92999 19.9782 20.20228 19.99332 20.44489 20.90073 20.81332 20.43855 20.96838 21.98683 22.23688
-128 -128 -128 -128 -128 -128 -128 -128 -128 -128 -128 -128 -128 -128 -128 -128 -128 -128 -128 -128 -128 -128 -128 -128 -128 -128 13.49615 13.86136 14.18626 14.45168 14.7652 14.85688 15.11609 15.29103 15.12674 14.94113 14.69642 14.38525 14.02547 13.52609 13.11924 12.91239 12.5353 12.05653 11.85894 -128 -128 -128 -128 -128 -128 -128 -128 -128 -128 14.26132 15.17603 17.2273 18.04916 17.70267 18.02673 18.04222 18.63 18.69372 17.86161 18.07543 19.27325 20.19545 19.88206 20.16482 20.98767 20.9969 20.98359 20.66279 21.15695 21.40971 21.34075
-128 -128 -128 -128 -128 -128 -128 -128 -128 -128 -128 -128 -128 -128 -128 -128 -128 -128 -128 -128 -128 -128 -128 -128 -128 13.27124 13.53783 13.8909 14.20634 14.38016 14.60647 14.71441 14.92615 15.04277 14.85565 14.62993 14.3969 14.13604 13.86664 13.27374 12.88973 12.59 12.19439 -128 -128 -128 -128 -128 -128 -128 -128 -128 -128 -128 -128 -128 14.98935 16.45412 17.57138 18.02624 17.7663 18.42299 18.42309 18.30801 18.88841 17.79376 17.9413 18.76738 20.05074 20.89692 20.77835 21.19623 21.82534 21.65838 21.07648 21.02041 21.07252
-128 -128 -128 -128 -128 -128 -128 -128 -128 -128 -128 -128 -128 -128 -128 -128 -128 -128 -128 -128 -128 -128 -128 -128 -128 13.14942 13.38735 13.76521 14.09285 14.18143 14.17351 14.34754 14.4226 14.52977 14.45232 14.21956 13.91779 13.70727 13.68382 13.26639 12.57476 12.31972 12.11261 -128 -128 -128 -128 -128 -128 -128 -128 -128 -128 13.21171 13.6843 14.4981 15.07725 15.75775 16.58868 17.66757 17.57819 18.57001 19.36285 20.17221 19.40447 18.41156 18.40915 18.25136 19.14051 20.64201 20.88076 20.94744 20.86766 20.97839 21.06969 21.06093 21.2763
-128 -128 -128 -128 -128 -128 -128 -128 -128 -128 -128 -128 -128 -128 -128 -128 -128 -128 -128 -128 -128 -128 -128 -128 -128 -128 -128 13.11699 13.37928 13.65736 13.70716 13.80679 13.81364 13.89952 13.89048 13.76164 13.64332 13.32601 13.23798 13.0496 12.51818 -128 -128 -128 -128 -128 -128 -128 -128 -128 -128 -128 13.01799 13.4133 14.12449 15.00088 15.43128 15.78655 16.26068 17.1796 17.98901 17.70002 18.76521 20.21492 20.50975 19.18563 19.28175 19.59912 18.27958 19.11775 20.31029 21.46054 21.31751 20.48671 20.70557 21.47975 22.17377
-128 -128 -128 -128 -128 -128 -128 -128 -128 -128 -128 -128 -128 -128 -128 -128 -128 -128 -128 -128 -128 -128 -128 -128 -128 -128 -128 -128 12.91836 12.97033 13.07804 13.19057 13.20368 13.28193 13.25097 13.27849 13.21765 13.02277 12.94957 12.89671 12.38831 -128 -128 -128 -128 -128 -128 -128 -128 -128 -128 -128 13.0521 13.6055 14.1375 14.88039 15.58155 16.25675 16.71317 16.76891 17.32371 17.41344 18.24443 18.90854 19.82262 19.98541 18.88753 19.04212 19.09341 18.40648 19.32146 20.82025 20.29242 21.02883 21.34904 21.85085 22.0427
-128 -128 -128 -128 -128 -128 -128 -128 -128 -128 -128 -128 -128 -128 -128 -128 -128 -128 -128 -128 -128 -128 -128 -128 -128 -128 -128 -128 12.58348 12.60549 12.62917 12.65808 12.68501 -128 -128 -128 12.64231 12.50428 12.42494 12.33232 -128 -128 -128 -128 -128 -128 -128 -128 -128 -128 -128 -128 13.14613 13.63638 14.45543 15.0046 15.81658 16.69669 17.76758 17.71867 17.45749 17.6116 18.52002 19.54887 19.55765 19.14781 18.58845 19.52893 20.03282 19.1826 19.15303 19.94429 20.54226 21.58466 21.82545 22.44902 22.09519
-128 -128 -128 -128 -128 -128 -128 -128 -128 -128 -128 -128 -128 -128 -128 -128 -128 -128 -128 -128 -128 -128 -128 -128 -128 -128 -128 -128 12.24604 12.26459 12.28502 -128 -128 -128 -128 -128 -128 -128 -128 -128 -128 -128 -128 -128 -128 -128 -128 -128 -128 -128 -128 -128 13.24863 14.37173 14.44415 15.42931 16.46009 18.09717 18.80766 18.99259 18.58721 18.18159 18.05058 19.47349 19.61658 19.41558 18.91862 19.49822 20.7994 21.2183 20.47462 19.43763 20.33966 20.98639 21.18441 22.02725 22.22644
-128 -128 -128 -128 -128 -128 -128 -128 -128 -128 -128 -128 -128 -128 -128 -128 -128 -128 12.17787 12.13197 12.13189 12.0862 -128 -128 -128 -128 -128 -128 -128 -128 -128 -128 -128 -128 -128 -128 -128 -128 -128 -128 -128 -128 -128 -128 -128 -128 -128 -128 -128 -128 -128 -128 13.26588 13.87966 14.41664 15.21525 16.53178 18.06273 17.6635 17.43618 17.98482 19.07035 19.0456 19.34605 20.12734 20.15283 19.31003 19.32983 20.79165 21.24491 20.61649 20.26222 20.03212 21.02469 21.88597 22.02069 21.75789
-128 -128 -128 -128 -128 -128 -128 -128 -128 -128 -128 -128 -128 -128 -128 -128 -128 12.25565 12.30762 12.41955 12.37704 12.23105 12.08218 -128 -128 -128 -128 -128 -128 -128 -128 -128 -128 -128 -128 -128 -128 -128 -128 -128 -128 -128 -128 -128 -128 -128 -128 -128 -128 -128 -128 -128 -128 13.73896 14.54771 15.02721 15.73683 16.22463 16.67988 17.60352 18.23336 18.82944 19.37075 19.23608 19.35174 20.13581 19.59324 18.99827 20.61759 21.34171 20.80617 20.44346 19.77465 19.9878 20.73931 21.62792 22.10896
-128 -128 -128 -128 -128 -128 -128 -128 -128 -128 -128 -128 -128 -128 -128 -128 -128 12.21894 12.53046 12.533 12.53101 12.3445 12.11485 -128 -128 -128 -128 -128 -128 -128 -128 -128 -128 -128 -128 -128 -128 -128 -128 -128 -128 -128 -128 -128 -128 -128 -128 -128 -128 -128 -128 -128 -128 13.94772 14.24817 14.81478 15.68344 16.06558 16.45848 16.98725 17.56841 17.95868 18.48023 19.4669 19.02899 19.32043 19.5227 18.82811 20.69508 21.03435 20.56629 19.98058 20.80105 19.98275 20.08622 20.37752 20.51438
-128 -128 -128 -128 -128 -128 -128 -128 -128 -128 -128 -128 -128 -128 -128 -128 -128 -128 12.25526 12.21586 -128 -128 -128 -128 -128 -128 -128 -128 -128 -128 -128 -128 -128 -128 -128 -128 -128 -128 -128 -128 -128 -128 -128 -128 -128 -128 -128 -128 -128 -128 -128 -128 -128 14.10515 14.68429 15.76999 15.95416 16.09652 16.79615 16.71507 17.25972 18.24392 18.91683 19.41891 20.07719 19.37607 19.20695 18.77754 20.12839 20.90243 19.68255 19.84261 20.14158 20.74729 20.634 20.70125 21.12474
-128 -128 -128 -128 -128 -128 -128 -128 -128 -128 -128 -128 -128 -128 -128 -128 -128 -128 -128 -128 -128 -128 -128 -128 -128 -128 -128 -128 -128 -128 -128 -128 -128 -128 -128 -128 -128 -128 -128 -128 -128 -128 -128 12.24626 12.33627 -128 -128 -128 -128 -128 -128 -128 -128 14.69018 15.38871 16.15338 16.25196 16.36518 17.3302 17.36922 18.0052 17.82925 18.12126 18.90366 20.42655 19.94917 19.61528 19.09885 19.28719 19.7038 19.40963 20.25796 20.30443 21.00008 21.01485 21.62426 21.72686
-128 -128 -128 -128 -128 -128 -128 -128 -128 -128 -128 -128 -128 -128 -128 -128 -128 -128 -128 -128 -128 -128 -128 -128 -128 -128 -128 -128 -128 -128 -128 12.08378 12.11068 12.14922 12.15848 12.16593 12.18794 12.24561 -128 -128 -128 -128 -128 -128 -128 -128 -128 -128 -128 -128 -128 -128 14.41627 14.64648 15.00227 15.46109 16.08881 16.44859 17.95697 17.79218 18.73595 18.79661 19.57541 19.36013 20.09613 19.63039 19.14845 19.67836 20.66288 20.85157 19.61835 21.05972 21.38257 20.4999 21.20636 21.2825 20.97824
-128 -128 -128 -128 -128 -128 -128 -128 -128 -128 -128 -128 -128 -128 -128 -128 -128 -128 -128 -128 -128 -128 -128 -128 -128 -128 -128 -128 -128 -128 -128 12.21405 12.68236 12.71377 12.49455 12.35154 12.61631 12.69168 12.46089 12.37109 -128 -128 -128 -128 -128 -128 -128 -128 -128 -128 -128 -128 14.81564 15.1249 15.66146 15.99512 17.29926 16.89396 17.127 17.4101 18.16893 18.37016 18.90332 19.84208 20.62638 19.98745 19.00856 19.69215 21.4536 20.88044 20.38548 19.74878 20.37139 20.94349 21.23924 20.92812 20.54711
-128 -128 -128 -128 -128 -128 -128 -128 -128 -128 -128 -128 -128 -128 -128 -128 -128 -128 -128 -128 -128 -128 -128 -128 -128 -128 -128 -128 -128 -128 12.14746 12.52388 12.85454 12.96337 13.00208 12.91836 12.86054 12.97205 12.80892 12.50582 12.55851 12.60989 -128 -128 -128 -128 -128 -128 -128 -128 14.62794 14.95948 15.22208 15.84129 15.90078 16.39624 16.84885 17.3328 17.82226 18.3961 18.56595 18.90597 19.01557 19.51588 20.35942 19.80689 19.05325 19.24724 19.62167 20.40838 21.3432 20.86704 19.87886 20.08478 21.04157 20.56954 20.33471
-128 -128 -128 -128 -128 -128 -128 -128 -128 -128 -128 -128 -128 -128 -128 -128 -128 -128 -128 -128 -128 -128 -128 -128 -128 -128 -128 -128 -128 -128 12.17988 12.23789 12.33478 12.7053 12.85528 12.88337 12.85967 12.86514 12.73205 12.80219 12.64851 12.7589 12.80139 -128 -128 -128 -128 -128 14.19041 14.95801 15.78538 15.5382 15.60397 16.11417 16.42965 17.08814 17.74103 17.74035 17.439 18.39161 19.19468 19.69975 19.69825 19.5887 19.22293 18.71829 18.98089 19.53141 19.20767 19.18564 19.9331 20.79976 20.73897 20.68316 21.33534 21.47192 20.74938
-128 -128 -128 -128 -128 -128 -128 -128 -128 -128 -128 -128 -128 -128 -128 -128 -128 -128 -128 -128 -128 -128 -128 -128 -128 -128 -128 -128 -128 12.20673 12.24755 12.27127 12.33495 -128 12.46606 12.75847 12.95764 12.86861 12.94635 13.02402 13.08472 12.92715 12.95086 -128 13.21978 -128 -128 -128 14.56264 15.34746 15.93724 15.94038 16.26423 16.62698 17.10625 17.1221 17.63736 18.32692 17.90206 18.04509 18.40887 19.0401 18.75647 18.62028 18.72694 18.6361 19.22107 19.09258 19.12469 18.97438 19.47532 19.94817 19.88101 20.69877 20.57722 20.47682 20.48505
-128 -128 -128 -128 -128 -128 -128 -128 -128 -128 -128 -128 -128 -128 -128 -128 -128 -128 -128 -128 -128 -128 -128 -128 -128 -128 -128 -128 12.24162 12.28502 12.25447 12.40747 12.51642 -128 -128 12.73751 12.76199 12.82535 12.98011 13.08725 13.29355 13.26143 13.23768 13.18994 13.38758 -128 -128 -128 14.74491 15.03022 15.4618 15.90452 16.78797 17.24118 17.41782 18.0687 18.51068 18.31947 18.34769 19.25048 18.42638 18.24367 18.14341 18.49106 18.71005 18.92172 20.72198 19.07985 19.20251 19.46677 20.55081 20.24022 19.97263 19.39271 19.5607 19.85947 20.43779
-128 -128 -128 -128 -128 -128 -128 -128 -128 -128 -128 -128 -128 -128 -128 -128 -128 -128 -128 -128 -128 -128 -128 -128 -128 -128 12.22019 12.30618 12.38405 12.44995 12.46961 12.55305 12.69132 12.95899 13.06218 13.05024 13.08519 13.19723 13.31209 13.29815 13.42691 13.61038 13.39553 13.32216 -128 -128 -128 -128 14.82442 14.99639 15.99999 15.70102 16.51617 16.80539 17.89709 19.39044 21.68899 20.29187 19.05616 18.79196 19.2336 19.00227 18.78019 19.87255 19.03502 19.47173 20.12051 18.88636 19.45275 18.96232 19.14434 20.36817 21.1183 21.1144 20.89358 20.39683 19.86557
-128 -128 -128 -128 -128 -128 -128 -128 -128 -128 -128 -128 -128 -128 -128 -128 -128 -128 -128 -128 -128 -128 -128 -128 -128 12.21191 12.28938 12.59727 12.70432 12.70809 12.79962 13.08215 13.35116 13.31502 13.62671 14.11687 13.69264 13.61695 13.6743 13.68769 13.69213 13.64523 13.62035 13.63565 13.75227 14.0582 -128 -128 14.92187 15.18149 15.95258 16.22492 16.16889 16.51997 16.82723 17.05782 17.65776 18.49104 18.79975 19.46415 19.28449 19.2816 19.3413 19.70879 18.57355 19.48566 19.17888 19.44468 20.54715 19.37584 18.91746 19.8193 21.09659 20.86164 21.0411 20.5791 20.5125
-128 -128 -128 -128 -128 -128 -128 -128 -128 -128 -128 -128 -128 -128 -128 -128 -128 -128 -128 -128 -128 -128 -128 -128 -128 12.19559 12.28212 12.43328 12.68778 12.60353 12.94697 13.3972 13.73314 13.95058 14.13299 14.38852 14.25877 14.0523 13.98529 14.09664 13.95121 13.86739 13.80283 13.72227 13.90044 -128 -128 -128 15.02722 15.47182 16.07139 16.02604 16.31797 16.92928 17.68595 17.68786 17.81061 18.18628 18.27576 18.83804 19.60376 19.21528 19.85315 19.51887 18.33249 20.35171 19.02287 19.10475 19.69944 19.50818 19.40224 19.76185 19.84689 20.42016 21.0686 20.23692 20.17348
-128 -128 -128 -128 -128 -128 -128 -128 -128 -128 -128 -128 -128 -128 -128 -128 -128 -128 -128 -128 -128 -128 -128 -128 -128 12.17062 12.38753 12.6605 12.54659 12.83303 13.14833 13.3907 14.07393 14.45963 14.66647 14.66519 14.42551 14.33255 14.34836 14.39369 14.3035 14.21295 -128 13.90592 -128 -128 -128 -128 -128 15.25198 15.83343 16.51686 16.73327 17.01964 17.36905 17.93033 18.43182 18.56635 20.02315 19.82106 18.89175 18.73919 19.484 18.86588 18.56727 19.72375 19.37309 18.30498 20.27327 20.10222 19.67251 20.27316 20.77555 20.39421 20.01116 19.97812 19.93972
-128 -128 -128 -128 -128 -128 -128 -128 -128 -128 -128 -128 -128 -128 -128 -128 -128 -128 -128 -128 -128 -128 -128 -128 12.11665 12.24111 12.71949 13.80267 13.83992 13.31763 13.50512 13.83212 14.27888 15.07529 14.85594 14.93047 14.83659 14.81421 14.76102 14.85535 14.6585 14.39334 14.17474 14.007 14.12637 14.40013 -128 -128 -128 15.42296 15.45104 15.88998 16.12029 16.61598 17.00317 18.06861 17.69827 17.69576 18.40802 18.46151 18.54075 19.48982 19.32958 18.15955 19.18572 20.22746 19.88497 18.51206 20.51303 20.73709 20.20469 20.34078 20.05046 19.79984 19.79767 19.8169 20.10956
-128 -128 -128 -128 -128 -128 -128 -128 -128 -128 -128 -128 -128 -128 -128 -128 -128 -128 -128 -128 -128 -128 -128 -128 12.22813 12.39781 12.57386 13.16184 13.32686 13.58296 13.79453 14.17952 14.41652 14.8211 14.97354 15.07758 15.1107 15.16396 14.80943 14.65244 14.51068 14.34938 14.24523 14.0052 14.06009 -128 14.68688 14.86999 15.32893 15.67865 15.59127 15.97218 16.0685 16.54879 16.60347 16.81428 17.80555 18.55466 19.02909 20.11774 20.00384 19.35575 17.89749 18.43677 18.96929 19.51689 18.73503 18.87915 20.24504 19.94548 19.8253 19.80171 19.64758 19.83857 20.16841 20.27966 20.63043
-128 -128 -128 -128 -128 -128 -128 -128 -128 -128 -128 -128 -128 -128 -128 -128 -128 -128 -128 -128 -128 -128 -128 12.24978 12.33777 12.57006 12.81556 13.68525 13.78601 13.99188 14.37265 14.85604 14.77498 15.72279 15.78612 15.21643 15.15464 15.09362 15.12105 15.1023 14.77754 14.50238 14.27615 14.01665 -128 -128 -128 14.82181 15.72678 16.00558 15.77757 15.82178 16.25602 16.4703 16.69523 16.89208 17.64506 18.16107 18.74419 18.95979 18.64567 18.17897 17.5913 18.54889 20.63834 20.46242 19.68465 19.83594 19.15084 19.01182 20.16661 19.61592 19.80836 20.24548 20.72894 21.30279 21.32586
-128 -128 -128 -128 -128 -128 -128 -128 -128 -128 -128 -128 -128 -128 -128 -128 -128 -128 -128 -128 -128 -128 -128 12.42918 12.84875 12.89439 13.42335 14.50737 15.22591 14.44605 14.45757 14.71907 14.82722 14.92622 15.41109 15.67932 15.52944 15.54194 15.37437 15.21273 14.84446 14.43216 14.21888 -128 -128 -128 -128 -128 14.81926 15.45305 16.33909 15.67708 16.18426 16.99692 17.76301 17.1061 17.14825 17.43153 18.12275 19.05006 18.76895 17.64873 18.28067 20.21656 20.86835 21.18429 20.18776 20.24084 20.02674 19.60662 18.6536 18.88748 20.71224 20.29649 20.67137 21.69198 22.13735
-128 -128 -128 -128 -128 -128 -128 -128 -128 -128 -128 -128 -128 -128 -128 -128 -128 -128 -128 -128 -128 -128 12.49484 12.92791 13.82157 13.64571 14.59257 15.12613 15.15139 15.20633 14.86922 14.95208 15.17957 15.38686 15.46502 15.37301 15.61673 15.35929 15.28014 15.02092 14.83994 14.60033 14.29295 13.87823 -128 -128 -128 14.50942 14.66668 15.80046 16.47402 16.57286 16.85529 16.51504 17.5262 17.19964 18.60405 19.18919 18.44171 18.12332 18.56863 17.56172 17.68089 18.33227 18.88842 19.66072 20.23391 19.82924 19.52925 19.02339 19.42122 20.85195 21.07951 21.22292 21.73652 21.86168 21.77499
-128 -128 -128 -128 -128 -128 -128 -128 -128 -128 -128 -128 -128 -128 -128 -128 -128 12.27812 12.23984 -128 -128 -128 -128 12.73579 13.57011 14.051 14.12723 15.1577 15.89397 16.08402 15.99021 15.30394 15.58266 15.83543 15.73056 15.44604 15.45488 15.20585 15.23404 15.13475 14.87582 14.52823 14.09416 -128 -128 -128 14.32431 14.51492 14.5274 15.00909 15.66123 16.45769 17.28972 17.48026 16.76333 17.20289 18.73318 19.20165 19.91465 18.98989 17.67933 17.95385 18.55898 18.04224 19.21526 19.87738 19.61215 20.34654 20.95036 20.27251 18.92167 19.94335 20.00534 19.81044 20.38467 20.73656 20.766
-128 -128 -128 -128 -128 -128 -128 -128 -128 -128 -128 -128 -128 -128 -128 -128 -128 12.32031 12.45106 12.37715 -128 12.59154 -128 -128 -128 13.28148 13.72005 14.29439 14.8768 15.07843 15.07136 15.09274 14.93416 15.04658 15.12219 15.4979 15.133 15.0832 15.85468 15.87414 15.30564 14.34746 13.88796 -128 -128 13.94605 14.26776 14.53748 14.63681 15.90497 15.58075 15.33004 16.0219 17.40248 16.69958 18.18319 19.20086 19.60145 19.05255 18.05079 17.87425 19.60052 20.33689 20.12593 18.7091 17.96971 18.58027 19.20202 19.58051 20.3338 20.15728 20.50715 20.85141 21.11812 21.45336 21.06362 21.16178
-128 -128 -128 -128 -128 -128 -128 -128 -128 -128 -128 -128 -128 -128 -128 -128 -128 12.32242 12.45166 12.40461 12.63183 12.79344 12.97667 13.01978 13.10194 13.45619 13.89601 14.49466 15.08167 15.77315 15.97529 15.76902 15.87245 15.93425 15.82703 15.61825 15.10242 15.08452 15.40338 16.11224 15.61304 14.39945 13.70748 -128 13.52147 14.21937 14.88611 15.23579 15.28972 14.91415 16.12451 15.9994 16.40454 16.34044 16.67315 16.47026 17.46365 18.03234 17.77837 17.58925 18.01754 19.36527 19.77661 20.81743 20.60655 19.07336 18.66392 18.49753 18.3459 20.1732 20.39345 18.98597 20.50526 20.36842 20.46682 19.97803 20.38842
-128 -128 -128 -128 -128 -128 -128 -128 -128 -128 -128 -128 -128 -128 -128 -128 -128 12.32522 12.3228 12.42678 12.72565 13.00459 13.26166 13.84212 13.7581 13.79333 14.85252 15.4727 15.77119 15.8162 16.00102 16.2227 15.88114 15.86796 15.42401 15.65347 15.1089 14.74904 15.08224 16.42859 15.35274 14.23207 13.66117 -128 13.53607 14.30643 15.12949 15.34122 15.89375 16.05079 15.4517 16.43903 17.89448 16.91924 17.83968 18.09705 17.89362 17.36967 17.40703 17.6788 18.14845 20.29071 20.0666 18.65504 18.06049 18.30983 18.09259 17.89644 18.05814 18.95134 19.84005 18.75617 19.34523 18.74734 18.88661 19.55269 19.88231
