formato/VCI/bioclim_3.asc
ncols         186
nrows         781
xllcorner     -75.7
yllcorner     -56.55
cellsize      0.05
NODATA_value  -9999
[rows 714 to 747 of 781, columns 77 to 153 of 186]
43.80421 -128 43.74519 42.43499 43.95153 43.69429 43.55827 43.79617 42.6749 43.0328 43.77989 44.30622 44.4898 43.6139 43.09602 43.56417 45.25082 45.59871 45.79456 -128 -128 -128 -128 -128 -128 -128 -128 46.83371 46.9373 47.64012 48.01051 48.21503 48.26671 47.89268 47.43135 46.90798 46.60185 46.54608 47.35367 46.82732 46.3487 46.4701 46.59512 46.83117 47.20078 47.68763 48.11744 48.45642 48.65062 48.83956 49.07903 49.11916 49.22941 49.49545 49.58152 49.66985 49.69315 49.74326 49.82197 49.72208 49.5343 49.43662 49.13694 48.6595 48.12724 -128 -128 -128 -128 -128 -128 -128 -128 -128 -128 -128 -128
42.85448 43.71064 42.37759 40.35257 42.68765 42.87882 41.91626 42.89358 43.59769 42.92184 42.71235 43.27425 43.15387 43.10769 43.68151 44.36982 45.28794 45.6842 45.80757 -128 -128 -128 -128 -128 -128 -128 -128 46.63391 47.09958 47.4999 47.49775 47.85731 47.64714 46.83429 45.89682 45.21644 45.11236 45.75174 46.72385 46.44752 46.04508 45.83825 46.67529 47.36527 47.76875 48.28174 48.50805 48.78033 48.88284 49.0605 49.03586 49.32338 49.41507 49.48489 49.41726 49.59916 49.88797 49.9629 49.89234 49.72398 49.64046 49.53402 49.37128 49.02899 48.58088 -128 -128 -128 -128 -128 -128 -128 -128 -128 -128 -128 -128
42.90704 43.77424 41.96662 40.00084 41.12333 42.75077 42.7333 41.92102 42.6661 42.47538 42.59372 42.05862 43.04059 44.07574 44.31074 44.60435 45.85751 45.93288 46.02994 -128 -128 -128 -128 -128 -128 -128 -128 46.48745 47.06815 47.28901 47.48122 47.16961 46.08066 44.88455 44.30124 44.83435 45.09776 45.15872 45.99198 45.85612 46.28408 47.09038 47.52656 47.82803 48.13648 48.37779 48.62077 48.82067 48.89775 49.08567 49.21384 49.2947 49.36922 49.46216 49.7058 49.81089 49.77536 49.71947 49.67506 49.55272 49.65942 49.65246 49.50848 49.18568 48.64152 -128 -128 -128 -128 -128 -128 -128 -128 -128 -128 -128 -128
42.94422 43.50654 42.0008 41.34793 40.95598 41.72261 41.64172 42.11549 41.93439 42.43283 42.95541 43.60353 43.72206 44.97337 45.22481 45.13259 45.29963 46.17518 -128 -128 -128 -128 -128 -128 -128 -128 -128 46.3279 46.55618 46.76206 46.90784 45.96828 44.43349 43.0316 42.96635 43.51701 44.45231 45.67027 46.33436 46.79644 47.07593 47.07876 47.18613 47.42938 47.62038 47.79606 47.97126 48.16095 48.43092 48.78637 49.09894 49.31721 49.57257 49.60386 49.71819 49.5681 49.75609 49.64181 49.37324 49.15998 49.01889 48.67354 48.46584 47.97803 47.68002 -128 -128 -128 -128 -128 -128 -128 -128 -128 -128 -128 -128
42.95559 43.94831 43.44696 42.66922 42.1934 41.4585 41.49238 42.55577 42.35418 42.369 43.44067 44.19339 44.50147 44.88103 45.36571 46.09975 46.35365 46.29671 -128 -128 -128 -128 -128 -128 -128 -128 -128 -128 -128 -128 46.25387 44.5634 42.36826 43.08902 44.08123 45.10341 45.56184 45.7027 -128 -128 -128 -128 -128 -128 -128 -128 -128 -128 -128 -128 48.19898 48.87829 49.26025 49.55713 49.62621 49.37118 49.16244 48.79499 48.2723 47.85794 47.66998 47.7773 48.00943 47.68121 47.51372 -128 -128 -128 -128 -128 -128 -128 -128 -128 -128 -128 -128
44.17683 44.14045 43.53467 42.80945 43.02216 42.29462 41.39055 42.18449 43.16438 43.03588 43.97936 44.36388 44.79206 44.91704 44.40436 44.60468 45.72692 46.37535 -128 -128 -128 -128 -128 -128 -128 -128 -128 -128 -128 -128 -128 45.13171 44.3924 44.71431 44.60622 44.76579 -128 -128 -128 -128 -128 -128 -128 -128 -128 -128 -128 -128 -128 -128 48.0336 48.46241 48.87678 49.04858 48.77589 48.57944 48.15196 47.8638 47.4153 47.48522 47.35261 47.80496 48.07907 48.10507 48.15777 -128 -128 -128 -128 -128 -128 -128 -128 -128 -128 -128 -128
43.60755 43.6095 42.24087 42.42785 42.42415 42.4993 42.94541 42.39647 42.95928 43.50992 43.89983 44.02177 44.20877 45.35992 45.026 43.63261 44.46862 45.78568 46.77136 -128 -128 -128 -128 -128 -128 -128 -128 -128 -128 -128 -128 -128 -128 -128 -128 -128 -128 -128 -128 -128 -128 -128 -128 -128 -128 -128 -128 -128 47.18919 47.40253 47.61632 47.89382 47.88572 47.6858 47.52369 47.48301 47.80494 47.94537 47.75937 47.86129 47.5181 47.85216 48.04028 48.33604 48.36876 -128 -128 -128 -128 -128 -128 -128 -128 -128 -128 -128 -128
41.55672 42.28899 42.64275 41.83795 42.44937 42.41278 42.39513 43.04451 42.94693 43.41155 44.35083 43.54147 44.1048 44.91926 45.83123 45.83402 44.95235 45.48283 46.96418 -128 -128 -128 -128 -128 -128 -128 46.22367 45.92963 -128 -128 -128 -128 -128 -128 -128 -128 -128 -128 -128 -128 -128 -128 -128 -128 -128 46.49212 46.51895 46.75517 47.15535 47.27106 47.17047 47.05165 46.91088 46.67025 46.70197 46.96741 47.09159 47.1609 47.56564 47.83872 47.96585 47.8133 48.20834 48.12194 48.23211 -128 -128 -128 -128 -128 -128 -128 -128 -128 -128 -128 -128
41.55043 42.05192 41.93221 42.28237 41.71703 42.80259 41.55181 42.71222 43.01318 43.61204 43.26151 44.46905 44.98577 45.46971 45.31973 45.51997 46.58537 46.64024 47.24083 -128 -128 -128 -128 -128 -128 46.21152 45.8135 45.89827 -128 -128 -128 -128 -128 -128 -128 -128 -128 -128 -128 -128 -128 -128 46.36689 46.43553 46.43166 46.72467 46.59779 46.60852 46.62677 46.53528 46.48429 46.55896 46.44991 46.27381 46.42037 46.49818 46.53242 46.82606 47.26271 46.98932 47.16643 47.60755 47.94017 48.25946 48.3846 -128 -128 -128 -128 -128 -128 -128 -128 -128 -128 -128 -128
42.30477 41.61397 42.32675 41.41326 43.3209 43.69996 43.34361 43.19984 43.98689 43.70664 44.57261 44.3014 45.22783 45.8243 45.23533 46.1279 46.61121 47.30245 47.52918 -128 -128 -128 46.95329 46.72392 46.3387 45.4822 45.53868 45.98643 -128 -128 -128 -128 -128 -128 -128 -128 -128 -128 45.38834 45.84852 46.12156 46.52311 46.5415 46.68819 46.71695 46.67731 46.58095 46.49398 46.43531 46.32295 46.49068 46.54302 46.33133 46.13289 46.13739 46.57969 46.76408 47.02887 46.99971 47.18449 47.47967 47.99015 48.27219 48.54669 48.89075 -128 -128 -128 -128 -128 -128 -128 -128 -128 -128 -128 -128
43.80172 43.37465 44.278 44.22799 44.57077 44.87796 43.90768 44.13323 44.53942 45.4954 45.16518 46.10607 45.50498 45.55084 45.6992 44.5367 45.2319 47.12666 -128 -128 -128 -128 47.2088 46.25051 44.68894 45.19081 45.34442 45.74551 -128 -128 -128 -128 -128 -128 44.66231 44.50404 44.48448 44.7325 44.98647 45.1378 45.32271 45.69499 45.88615 45.88764 45.86401 45.97486 45.8287 45.49133 45.96384 46.24319 46.54763 46.51619 46.48367 46.39985 46.32019 46.73549 47.18681 47.22849 47.45349 48.10966 48.48443 48.77568 48.91739 49.24612 49.5626 -128 -128 -128 -128 -128 -128 -128 -128 -128 -128 -128 -128
45.58326 45.73382 45.83951 45.6403 44.1406 43.57148 43.684 44.98481 46.10882 46.36923 45.45829 45.7874 46.22068 46.25001 45.69183 46.30873 45.9178 47.63191 -128 -128 -128 -128 47.37022 46.78339 45.9152 45.40789 44.95888 45.39122 45.76537 -128 -128 -128 -128 44.28218 43.4408 42.40457 43.00038 43.30543 43.85343 44.04812 44.58745 45.02362 45.0729 44.72769 44.77207 44.86364 45.24266 45.50968 45.95467 46.36004 46.72899 47.14551 47.22157 47.20015 47.22174 47.35033 47.58278 47.88474 48.12904 48.38594 48.66003 48.97086 49.20782 49.47039 49.74881 -128 -128 -128 -128 -128 -128 -128 -128 -128 -128 -128 -128
-128 -128 -128 46.67609 47.01877 47.01081 46.12061 45.85929 46.89407 44.69748 45.38826 45.96198 45.90798 46.056 47.48026 47.68705 47.83304 -128 -128 47.85168 47.44661 47.41437 47.49327 47.23437 46.80382 46.16966 45.7147 45.74744 45.76777 45.44008 -128 -128 -128 44.0875 43.11361 42.3197 41.82503 41.59262 42.30342 42.55517 43.4655 44.00423 44.56774 44.69693 44.76002 44.85011 45.42527 45.81494 46.44749 47.02966 47.41664 47.70835 47.79273 47.89533 47.86828 48.03765 48.05299 48.11171 48.39219 48.6622 48.88473 49.16912 49.40966 49.63268 49.96161 -128 -128 -128 -128 -128 -128 -128 -128 -128 -128 -128 -128
46.5988 46.75328 47.059 -128 -128 -128 -128 -128 47.85762 46.98045 45.43722 46.10266 47.38121 47.99149 48.07894 -128 -128 -128 47.74744 47.1726 45.87379 45.23551 46.56116 47.20214 47.04598 46.51119 46.17183 45.97023 45.71814 -128 -128 -128 -128 44.02759 43.33466 42.41838 40.29475 40.68919 40.97336 41.66977 42.23226 43.28848 44.3113 44.27872 44.47803 44.95992 45.24759 45.7817 46.31529 46.76657 46.91478 47.21938 47.4643 47.80876 48.19347 48.17579 48.09781 48.33194 48.41285 48.65033 48.83062 49.18932 49.46732 49.4829 49.66292 -128 -128 -128 -128 -128 -128 -128 -128 -128 -128 -128 -128
46.31309 46.25126 45.57156 47.2022 47.64794 47.83208 48.00222 48.00074 47.91404 -128 -128 -128 -128 -128 -128 -128 -128 -128 47.62222 46.88887 44.69574 45.14375 45.72222 47.25022 46.73143 46.2926 44.86929 44.87658 44.93969 45.26962 -128 -128 -128 -128 44.10948 43.14764 42.66143 42.03102 41.71183 41.44724 41.4942 43.79253 43.35355 44.09621 43.23516 44.78242 45.09307 44.91514 45.21066 45.79863 45.51253 46.32843 46.95671 47.17096 47.64119 47.86727 48.07099 48.2901 48.59464 48.73212 48.84793 49.25562 49.61965 49.65079 49.75942 -128 -128 -128 -128 -128 -128 -128 -128 -128 -128 -128 -128
45.63597 44.004 45.15975 47.23529 46.99543 46.16277 47.33592 47.18708 47.67463 47.42218 47.56531 47.66071 -128 -128 -128 -128 -128 -128 -128 46.35421 45.43741 45.5181 44.85094 46.31108 46.82417 46.40903 44.21297 43.80008 44.09091 44.65648 44.71866 -128 -128 -128 44.61494 44.18607 43.82107 43.48135 43.35965 43.25956 43.45201 44.31803 43.28129 43.55835 43.06303 44.70457 44.62309 44.61327 45.32596 45.40223 45.57284 46.21646 46.52989 46.75984 46.99446 46.99939 47.4657 47.76861 47.86454 48.43103 48.80999 49.21241 49.1417 49.05309 49.3657 -128 -128 -128 -128 -128 -128 -128 -128 -128 -128 -128 -128
43.82642 44.86041 45.38845 46.97263 46.09573 44.06387 43.93474 44.97104 46.21777 47.08519 45.84498 46.91943 47.25709 -128 47.30055 47.19265 -128 -128 -128 46.91068 44.23946 44.10935 44.81015 44.49421 45.43904 46.22574 46.12091 44.67991 43.96457 44.09129 44.63563 -128 -128 -128 -128 44.65415 43.78572 43.03364 43.21955 43.68781 43.93208 44.64153 44.53878 44.23096 44.62194 44.43229 44.90392 45.24686 45.11761 44.50722 44.76278 45.56203 45.45406 46.12127 46.10356 46.9109 47.53994 47.65301 47.57996 47.48525 47.91236 48.49291 48.68431 48.81372 48.95313 -128 -128 -128 -128 -128 -128 -128 -128 -128 -128 -128 -128
43.82739 43.77851 45.20265 45.44575 46.30394 45.56564 45.0277 45.26336 45.61063 46.0721 44.87719 45.77134 46.57 46.75277 46.59381 45.86455 46.06325 46.55605 -128 46.47046 44.91491 44.43876 44.91788 44.94601 45.03189 44.76306 46.36498 45.58836 44.88823 44.12523 43.21719 44.14602 -128 -128 -128 44.89712 43.69169 41.73525 41.81203 43.47861 43.83733 43.80672 43.98941 43.89141 43.59357 42.66526 44.74742 44.60663 44.17741 43.99826 44.94518 44.88398 45.01958 45.79082 45.40319 46.47942 47.05788 46.67983 46.03686 46.04066 46.72482 47.63906 48.2559 48.58387 48.3544 -128 -128 -128 -128 -128 -128 -128 -128 -128 -128 -128 -128
44.53246 43.65682 44.41014 45.42924 44.63541 44.65898 45.16889 45.4639 45.63428 45.54585 45.37944 45.14323 45.97251 45.11575 45.41444 41.69482 43.61406 45.93196 46.17087 46.23065 45.8209 45.0167 44.16549 43.14553 44.29718 45.50883 45.97536 45.68347 44.36827 43.11412 44.15359 44.52705 -128 -128 -128 -128 44.88112 44.29057 43.01755 43.4097 43.11068 41.83054 42.21167 42.7716 43.58738 43.09776 44.19682 43.7405 42.55518 42.88809 43.92307 45.1137 45.00928 44.45266 45.9622 46.48371 45.50679 44.34284 44.90521 44.98706 45.22029 46.32265 47.03349 48.0037 47.84388 -128 -128 -128 -128 -128 -128 -128 -128 -128 -128 -128 -128
44.32726 45.46193 45.44893 44.52812 43.72053 45.00003 44.90345 45.79763 45.36602 44.43648 43.98821 44.2782 45.14436 44.49572 44.55284 42.25658 44.79846 44.743 45.90578 44.45177 44.18864 44.58227 44.21295 43.75836 43.77105 44.4727 45.59019 44.05456 44.53653 44.69051 44.75781 44.402 44.38695 -128 -128 -128 -128 -128 44.76258 44.75535 44.328 43.56322 42.79109 42.88894 44.55447 44.38971 42.4421 42.15723 41.90211 42.34821 43.24612 43.64571 43.57548 45.41344 45.69492 45.23473 44.1043 43.705 43.3788 43.72506 44.52273 45.7718 46.50977 47.41986 46.95132 -128 -128 -128 -128 -128 -128 -128 -128 -128 -128 -128 -128
43.30405 44.46355 45.85419 45.77679 45.04809 45.44375 45.86402 45.98164 45.10793 43.69924 44.78886 43.75077 45.42199 44.23771 43.37085 43.75832 43.92228 43.88311 44.7928 44.15855 42.11586 41.68893 41.08661 41.61232 44.23233 44.42225 44.95601 44.87699 42.50296 42.98239 43.38876 43.79422 44.02428 -128 -128 -128 -128 -128 -128 -128 -128 -128 45.22853 45.14658 45.07442 44.20128 43.47609 42.74469 43.08717 41.82161 41.31355 42.69964 44.63026 43.86916 44.70334 44.31771 43.48243 43.6262 42.97181 42.68707 43.9373 44.89156 46.10477 45.17597 45.44471 -128 -128 -128 -128 -128 -128 -128 -128 -128 -128 -128 -128
45.15111 45.44983 45.11443 46.01193 46.25373 46.24291 45.7821 44.85942 45.10538 45.70549 45.12071 45.19334 44.91022 43.61303 43.1659 43.48106 43.20323 44.53141 44.68914 44.85734 44.2728 43.40708 43.42915 43.12898 42.45865 44.16507 45.11926 45.18756 44.96641 44.27715 43.6354 43.46292 44.25425 -128 44.08837 43.53942 43.50034 44.32907 44.46672 44.74116 44.74678 45.1154 -128 45.14011 -128 -128 44.82751 43.69733 42.67242 42.21112 41.27216 42.6045 42.62009 42.47744 42.43766 42.50559 42.72918 42.43299 42.53985 42.85473 43.82336 44.97087 45.09694 44.67952 45.22907 -128 -128 -128 -128 -128 -128 -128 -128 -128 -128 -128 -128
45.31156 45.80079 45.50383 45.75908 46.20904 46.17813 46.2868 45.34557 45.39075 45.70621 45.21999 44.4958 43.6401 44.32631 44.15814 43.87317 44.54587 44.49276 44.66787 44.08019 43.26515 43.7602 44.65722 44.85554 44.63434 45.08408 45.24772 43.5289 42.18976 42.83892 43.8522 44.10161 44.08462 43.20275 42.25072 41.74772 42.44783 43.82445 44.6892 44.84233 42.88977 42.77699 43.66602 44.83693 45.16005 45.02365 44.85591 44.84472 44.87119 44.8832 44.76723 43.92353 41.48022 41.8144 43.06475 43.87384 43.73156 43.58302 42.9841 42.54043 42.73257 42.4537 42.60109 42.88764 43.54133 -128 -128 -128 -128 -128 -128 -128 -128 -128 -128 -128 -128
-128 45.56231 45.8013 45.89755 46.20547 45.9892 45.95787 45.91465 45.66697 45.22966 45.0322 45.3564 45.0607 44.7594 44.14248 44.89577 -128 -128 43.55961 42.31871 41.99699 40.65495 42.53205 43.09599 43.13099 44.93658 45.2674 43.44388 42.50577 40.14597 41.01144 42.3774 43.39188 43.95629 43.21674 42.76463 42.38917 43.19978 44.15057 44.88791 44.54289 42.37726 41.11515 42.66348 45.01003 45.28143 43.55299 43.1996 44.80233 44.9535 -128 -128 45.29689 45.25928 44.05191 41.6688 39.79129 40.49144 40.78042 41.75689 42.1891 42.41935 43.81404 43.85997 44.20278 -128 -128 -128 -128 -128 -128 -128 -128 -128 -128 -128 -128
45.01746 43.82514 44.21759 45.4378 45.4487 44.95773 44.89004 44.81144 45.11903 44.20774 43.19334 43.24535 44.16388 44.73077 44.51744 44.64737 44.81839 44.58867 43.64823 39.65924 36.7321 36.98232 42.12024 43.15443 43.79212 42.19054 43.5245 44.36482 43.67453 41.11612 40.32876 38.71214 39.04168 41.35388 42.42995 40.41497 40.34475 39.71916 41.02417 43.04513 43.79339 42.78009 40.14751 41.10344 43.63985 43.48975 42.70896 41.57733 40.77388 41.27055 42.8637 43.99651 44.665 -128 44.83623 44.44889 43.08191 39.75207 40.79056 38.94992 41.5969 39.97009 40.96697 40.8148 39.89369 -128 -128 -128 -128 -128 -128 -128 -128 -128 -128 -128 -128
44.27364 43.87235 44.06708 43.72041 43.92471 44.42195 43.09429 42.76366 42.44989 42.8981 40.61403 41.67228 42.11913 41.75267 43.07827 42.52269 42.33833 43.29713 42.70697 41.11791 38.16825 38.44452 41.66294 43.67633 40.69731 36.92314 39.62975 42.90059 43.69253 43.04894 42.41772 42.05368 39.63406 39.08605 40.31739 40.04302 39.4042 37.82095 39.84351 41.28628 41.60567 41.75621 40.70618 39.46737 41.47011 41.1805 39.0084 41.86819 39.68269 40.67546 40.27329 40.32076 42.85316 44.2333 42.13052 42.78135 42.94861 43.45227 42.77697 42.1963 42.31078 42.55767 42.59139 42.75354 41.8509 -128 -128 -128 -128 -128 -128 -128 -128 -128 -128 -128 -128
43.09863 43.57944 43.88649 42.5693 42.73897 42.46781 42.93431 42.01349 43.04197 42.95512 43.45806 41.60744 42.01461 39.26782 39.00401 41.83226 39.72973 40.89702 42.74237 39.56956 37.59563 41.02821 43.5164 42.62716 40.95577 38.10786 35.38465 38.27575 38.56979 40.59588 41.90796 41.12634 40.2417 40.24339 39.58264 36.96943 35.50903 34.96642 38.60808 38.13242 37.06038 39.19567 39.2469 37.05136 37.33218 39.30941 37.43189 38.7176 38.07058 38.35772 40.7424 43.0684 43.25691 43.55778 40.60229 38.87677 41.90762 40.63556 39.28854 40.83726 42.19005 44.62035 44.88926 45.19404 45.47233 -128 -128 -128 -128 -128 -128 -128 -128 -128 -128 -128 -128
43.24679 41.83544 41.82236 42.75531 42.455 42.22681 42.73084 42.14348 43.12944 44.17826 44.18123 43.71808 41.1518 40.84242 39.73073 39.14675 41.99675 39.90495 41.64443 39.50727 40.79258 41.91374 42.06719 41.97049 41.52972 40.97776 38.2611 38.2328 36.26121 39.09428 39.1333 39.85926 39.3947 37.31397 36.41249 34.36774 31.44558 30.24412 33.15766 33.17831 36.23911 36.99245 38.00489 34.69725 35.373 36.65162 33.03891 33.78573 37.97778 41.14629 43.50545 42.55777 39.54832 42.40766 41.66674 39.09357 39.12683 38.14104 39.35586 41.05434 43.34898 40.94604 40.81081 43.37843 44.69386 -128 -128 -128 -128 -128 -128 -128 -128 -128 -128 -128 -128
42.96068 43.58278 43.84745 43.18533 43.36187 42.69823 42.94266 42.22501 43.45173 44.50549 44.21451 43.75338 42.48856 41.75887 41.62038 41.78729 43.51922 42.43848 41.85529 40.28991 40.0182 41.45499 40.76998 40.76307 40.45293 41.2284 41.30205 41.75619 41.15622 40.26096 39.68526 36.69505 35.18977 35.78217 34.12015 29.28141 27.01066 27.36755 27.92059 26.88447 27.11045 32.20967 28.23735 27.63075 30.47665 31.42556 31.10458 34.19355 39.67799 43.1174 42.58729 39.79192 38.74376 40.42255 40.54692 37.91251 39.11012 38.55893 37.69868 39.58886 39.35158 39.53514 40.43358 40.81374 42.15377 -128 -128 -128 -128 -128 -128 -128 -128 -128 -128 -128 -128
44.13292 43.79565 42.90312 44.01994 44.16078 43.53405 43.6608 43.83561 44.4883 44.48433 44.31563 43.22958 42.94192 42.57189 43.06008 43.55462 43.70294 43.25446 43.1986 42.42615 41.82749 42.02098 41.48599 41.62825 42.56465 43.46863 43.59017 42.58028 39.95872 39.50198 39.57089 38.86145 39.6614 39.09211 37.75391 35.47519 31.14571 34.4276 37.03405 29.77601 29.16179 31.09942 31.36519 31.6803 28.26733 30.43077 37.37043 41.56215 41.24939 42.49059 41.5659 38.07586 36.6795 39.39888 37.2798 38.03247 39.23412 42.03803 42.97134 40.74281 41.22194 39.14639 39.41888 41.79074 41.19926 -128 -128 -128 -128 -128 -128 -128 -128 -128 -128 -128 -128
44.14217 44.29324 44.48849 44.55216 43.71795 43.29434 44.52025 44.55651 44.56116 44.55182 44.30879 43.66827 43.35723 43.52135 43.40633 43.91734 43.96792 43.3965 43.75669 43.29187 42.20536 42.8145 43.06549 42.95802 43.56327 43.21677 42.67808 42.27627 40.90956 38.79091 40.91909 41.57777 41.453 38.79039 37.56499 36.14221 36.39251 39.59374 37.33477 32.37202 37.0987 39.52323 39.8201 39.84563 39.38127 38.30663 34.63945 38.17384 36.97979 40.51037 40.80882 36.40637 34.85718 32.09639 34.36344 39.70837 38.9612 39.99442 41.5205 43.89728 44.15405 43.43822 43.29007 43.04657 41.24787 42.54256 -128 -128 -128 -128 -128 -128 -128 -128 -128 -128 -128
44.81889 44.88511 -128 -128 44.73497 44.64415 44.69825 44.66048 44.62897 44.57601 44.37423 44.14597 44.02936 -128 -128 44.09758 43.73929 44.20268 44.49781 44.20327 43.89584 43.84263 43.24856 43.6154 43.72636 43.63192 43.07858 41.74603 41.42866 40.80504 42.62594 41.93365 40.1466 39.925 39.91942 39.99798 37.80404 41.36666 38.02687 36.38252 37.42209 41.05537 41.748 42.38173 42.17907 40.92673 37.20926 34.45754 36.69648 39.70183 37.95091 34.95083 32.59354 32.41853 39.11423 41.64317 43.27366 42.6457 42.55946 44.70284 41.38653 40.56334 43.95189 45.21795 43.18708 43.00688 -128 -128 -128 -128 -128 -128 -128 -128 -128 -128 -128
-128 -128 -128 -128 -128 -128 44.9747 44.90488 44.19997 43.56941 43.23604 43.5716 43.71462 43.94312 44.02728 -128 -128 44.70073 44.78256 45.01957 44.40964 43.34402 43.86677 44.44339 44.44852 44.50874 43.97294 43.87947 43.5607 43.05368 42.90329 40.67067 41.22173 40.72104 42.1989 41.83443 39.04943 41.78208 42.48802 41.55377 43.13214 44.10659 44.15378 44.12819 42.72584 41.85143 39.34339 39.25168 42.11742 42.37253 42.54113 41.35231 40.24844 37.82359 36.53482 40.47281 40.96583 42.26905 43.85843 44.55199 44.67591 42.24497 41.89454 42.99158 45.1452 45.61804 -128 -128 -128 -128 -128 -128 -128 -128 -128 -128 -128
-128 -128 -128 -128 -128 -128 -128 44.9771 43.04622 43.27415 42.96095 43.55606 43.02528 41.98202 42.63723 43.71588 43.76515 44.66986 45.14812 45.25884 -128 44.9796 44.46638 43.99106 43.47235 43.0997 43.03041 43.51257 44.01716 44.35417 44.54861 44.0702 44.01308 44.64997 44.79525 44.42922 44.60226 45.06287 -128 45.72704 45.58643 46.09644 45.36584 45.59598 45.59186 44.86681 44.26023 43.15001 43.19423 43.54396 41.50327 39.89871 36.39106 35.5343 34.01689 35.91776 41.30067 41.54485 39.88139 41.7774 43.72355 45.25537 46.05653 46.09029 45.32602 45.76273 -128 -128 -128 -128 -128 -128 -128 46.94223 47.10337 47.26851 47.3338
