formato/VCI/bioclim_5.asc
ncols         186
nrows         781
xllcorner     -75.7
yllcorner     -56.55
cellsize      0.05
NODATA_value  -9999
[rows 680 to 713 of 781, columns 0 to 76 of 186]
-128 -128 -128 -128 -128 -128 -128 12.75516 12.19563 11.08154 11.32055 12.85631 12.99417 13.11722 12.65511 12.95646 13.20882 13.45881 13.55265 13.62094 13.64709 13.66952 13.68933 -128 -128 -128 13.71904 13.6941 13.66837 13.69266 13.76824 13.84357 13.90595 14.00308 14.09448 14.12492 13.57712 13.48754 12.7863 13.049 14.2406 14.02709 13.55962 13.67234 12.06241 8.81786 10.32089 12.21109 13.47507 14.34626 13.98097 13.92684 13.21831 14.82065 14.76594 14.22727 14.31495 12.80934 12.89158 14.9212 15.10046 14.35325 14.27334 15.09211 14.6304 14.31157 14.27287 14.26917 -128 -128 -128 -128 -128 -128 -128 -128 -128
-128 -128 -128 -128 -128 -128 12.84208 12.46411 10.58811 11.31402 12.07794 12.93294 -128 -128 -128 13.20281 13.28298 -128 13.46167 13.49535 13.53498 13.55966 13.57047 13.59651 -128 13.59964 13.52973 13.57134 13.55514 13.57338 -128 13.66829 13.65433 13.80114 13.9102 13.93511 13.649 12.70331 12.65296 12.36094 13.35454 13.96196 12.58083 11.85109 11.76281 11.30925 12.02053 13.90551 13.2286 12.60262 12.73587 13.21074 14.56874 13.39575 13.19921 14.00224 14.05602 14.84816 14.91303 15.15101 15.20252 15.20789 15.06627 15.41872 14.58718 13.15467 12.82131 12.83541 -128 -128 -128 -128 -128 -128 -128 -128 -128
-128 -128 -128 -128 -128 -128 -128 12.69968 12.31396 12.38399 12.89027 -128 -128 -128 -128 12.99493 12.82358 13.14168 13.3274 -128 -128 13.45703 13.4256 13.47739 13.48904 -128 13.48005 13.45226 13.44186 13.45637 13.49527 13.328 12.94195 13.0739 13.739 13.7646 13.40218 12.86538 12.55305 12.63292 12.64893 13.78045 12.356 11.68254 10.83287 12.70686 12.37631 12.17773 13.79014 14.75663 14.436 14.07067 11.58347 11.20079 11.48515 10.24091 10.65203 12.80099 14.45106 15.02818 15.37167 15.56669 15.66994 15.6154 14.42232 12.4735 13.04086 14.13013 14.56172 -128 -128 -128 -128 -128 -128 -128 -128
-128 -128 -128 -128 -128 -128 -128 -128 -128 -128 -128 -128 -128 -128 12.95041 12.82071 12.25676 11.82957 12.90397 13.26238 13.28974 13.29464 -128 13.28862 13.26485 13.35012 13.35184 13.33038 13.31894 13.17152 12.96313 12.54983 12.05539 11.98708 13.39486 12.7605 13.25134 13.60719 13.1596 11.54614 11.55297 13.01939 11.82315 12.79606 12.85515 10.95372 13.0813 11.74985 12.98039 14.6604 14.62183 14.01171 14.06824 12.07307 11.82028 12.68544 10.77287 9.820241 11.78455 14.3556 15.26335 15.57885 15.80925 15.84209 15.50995 14.14335 14.69493 14.86449 14.83899 14.84885 -128 -128 -128 -128 -128 -128 -128
-128 -128 -128 -128 -128 -128 -128 -128 -128 -128 -128 -128 12.83884 12.55397 12.5164 12.8869 12.75855 12.03394 12.77071 13.00154 13.04798 13.1233 12.78145 13.18677 12.6035 12.72608 13.11975 -128 13.1998 12.99094 12.31317 12.03905 11.52204 12.02328 13.05359 13.07934 12.93988 13.10817 13.17448 12.1143 12.38516 13.48509 13.08138 13.12942 11.65847 11.03912 10.56538 13.4143 11.57341 13.67322 13.26172 13.27733 13.02231 14.4153 13.91985 14.04802 13.83298 13.38325 13.20847 13.50632 14.43348 15.24931 15.66048 16.02072 15.931 15.69618 15.51596 15.23826 15.05387 15.14834 15.18811 15.2925 -128 -128 -128 -128 -128
-128 -128 -128 -128 -128 -128 -128 -128 -128 -128 -128 -128 12.45985 11.05217 11.96278 12.81082 12.31976 11.99802 12.14259 12.71334 12.83387 13.02762 12.80949 13.09729 13.00401 11.96648 11.90458 12.61973 13.07747 13.09897 13.13743 13.01281 12.57008 11.81964 11.89913 12.3052 13.17769 12.61461 12.7288 13.23193 13.32608 13.35137 13.27293 11.56894 11.33288 8.134435 8.407692 13.85109 11.23491 13.15346 13.5367 13.85616 12.8834 14.40473 14.53935 14.53953 14.64381 14.6148 13.35504 13.26062 13.53335 14.87317 15.584 15.98587 16.03786 15.83795 15.69401 15.53116 15.31448 15.43163 15.56636 15.60751 15.53837 15.57421 -128 -128 -128
-128 -128 -128 -128 -128 -128 -128 -128 -128 -128 -128 12.50565 11.79977 10.80632 11.88283 12.13008 12.58688 11.29336 11.5719 12.46484 12.20781 12.61881 12.92781 13.0142 13.02514 12.76258 12.18844 11.85734 12.53938 12.01243 12.94917 13.05736 12.79002 12.81613 13.05304 12.36961 12.17346 13.06869 12.93978 13.20918 13.47719 12.27329 13.19895 12.97893 11.86033 9.991716 8.440567 13.12298 11.98505 11.68792 11.07976 11.36589 12.76543 14.40786 13.51064 14.5808 -128 -128 14.75876 14.83952 14.98674 15.35616 15.73916 15.95965 15.65218 15.71388 15.87158 15.87012 15.9875 16.10864 16.19259 16.21049 16.06564 15.7279 15.6945 -128 -128
-128 -128 -128 -128 -128 -128 -128 -128 -128 -128 -128 12.75105 12.248 10.57402 11.88098 11.18045 12.46919 11.23375 11.98003 11.70742 12.46752 12.60588 12.53193 12.86579 12.94158 12.9455 12.63181 11.14449 10.93743 10.90575 11.86156 12.8242 12.71583 13.08738 13.11823 12.85794 12.29418 12.20081 12.15469 12.07887 13.43618 13.1436 11.66391 13.31561 12.62016 11.08948 8.236408 13.0742 13.58506 12.74051 13.50518 13.80244 13.66554 11.21216 12.53182 14.37751 14.87788 -128 -128 15.09003 -128 -128 -128 -128 15.99259 15.94978 16.11112 16.14252 16.2044 16.25094 16.32064 16.26379 16.17545 15.90607 15.7065 15.745 -128
-128 -128 -128 -128 -128 -128 -128 -128 -128 -128 12.74562 12.70626 12.50643 12.61866 11.07994 10.83597 11.19084 11.09752 10.88805 10.5532 11.43444 12.1199 12.46167 12.83891 12.86435 12.88666 12.87252 12.77252 12.37287 11.07774 11.58236 12.29619 11.9807 11.61003 12.88279 13.07066 13.09945 12.73669 12.04768 12.52711 13.38673 13.53081 12.59311 12.49665 13.56404 11.6368 10.32469 11.76536 14.22883 11.58037 12.03707 12.96025 14.01663 13.7088 13.70397 14.45547 14.88076 14.95051 15.01959 15.14666 15.30932 15.48047 15.69063 15.88661 15.78176 15.54209 15.8526 15.91249 15.87024 15.98838 16.09793 16.04156 15.90226 15.65004 15.50893 15.56318 -128
-128 -128 -128 -128 -128 -128 -128 -128 -128 -128 -128 -128 12.69934 12.44341 10.96401 10.195 11.03015 11.71082 10.6159 11.02166 11.9154 12.6955 11.83086 12.17817 12.69804 12.82138 12.83018 12.72651 12.78903 12.82507 12.78882 12.63489 11.49191 9.955438 11.68913 11.90359 12.67496 12.47862 11.00428 11.74619 13.3289 13.48696 13.27895 11.33627 12.36372 12.83287 9.98206 12.04689 14.43049 11.52672 12.12654 14.51513 12.50477 10.97126 12.79516 14.82631 14.24866 12.6254 13.38117 15.1458 15.25282 13.70245 15.06098 15.32477 15.52108 15.47329 15.30443 15.49714 15.38091 15.38958 15.46251 15.44151 15.33453 15.27012 15.29693 15.3439 -128
-128 -128 -128 -128 -128 -128 -128 -128 -128 -128 -128 -128 12.69842 11.47586 10.17758 10.55984 11.97627 12.15277 11.48438 11.48771 11.69914 10.88735 10.39191 11.48124 12.44225 12.76453 12.65353 12.69706 12.69866 12.72489 12.81563 12.86176 12.40834 10.97351 11.0583 10.16362 11.19178 12.57519 12.90998 12.56874 12.78939 13.43827 13.5149 11.60951 11.83306 12.98635 12.10058 12.26738 14.17439 11.76367 12.43698 14.19416 11.43325 11.89286 14.24769 14.74303 12.26384 11.87077 12.31756 15.04393 15.07288 12.12988 12.57133 15.13511 15.46741 15.45862 15.00975 14.84037 14.27282 14.59575 14.76689 14.83096 14.85951 14.78025 14.99824 15.19192 15.27634
-128 -128 -128 -128 -128 -128 -128 -128 -128 -128 -128 -128 12.70653 12.59002 11.74559 11.37748 11.93622 11.7823 10.88188 12.02828 11.13379 11.70316 12.32069 12.44582 12.42744 12.82039 12.67459 12.21397 12.74784 12.73567 12.76941 12.69302 12.8519 12.36096 11.59546 11.35676 11.96025 12.22697 11.18014 12.42627 11.92972 13.23531 -128 13.46339 13.21236 13.20677 10.88121 10.28582 14.12297 12.88559 11.96588 14.17486 13.00227 13.69937 14.3914 14.08756 10.79846 12.98295 14.53002 14.68667 15.10587 13.35498 12.44374 14.72988 15.29512 14.97107 13.16533 13.66998 12.53721 13.06762 13.18556 13.64407 14.15384 13.79952 13.52671 14.32226 14.21933
-128 -128 -128 -128 -128 -128 -128 -128 -128 -128 -128 -128 -128 12.71179 12.41089 12.3741 12.1199 11.25194 12.58681 12.59402 11.66662 12.23097 12.55016 12.78629 12.81692 12.79933 12.68569 12.28943 11.01558 11.59911 12.14967 11.5813 11.31424 12.74889 12.46777 12.84544 12.88809 10.89811 10.59784 12.07679 12.65205 11.77222 13.22077 13.51153 13.21575 13.62897 13.20639 11.59165 12.68435 13.96475 13.73718 14.0733 13.1412 13.51336 14.10809 10.62512 12.72543 13.79784 11.42231 12.36441 14.63626 14.95921 14.92319 15.05987 15.07364 14.60841 12.12322 13.21814 12.83997 13.0221 13.6341 13.83884 13.98866 12.49288 12.4757 12.99466 12.60577
-128 -128 -128 -128 -128 -128 -128 -128 -128 -128 -128 -128 -128 12.72974 -128 12.75962 12.70871 12.66071 12.17018 10.9495 11.93391 12.63795 12.75422 12.82229 12.68275 11.98804 12.44584 12.06768 12.24629 11.96792 11.89351 12.20852 12.32781 11.92272 12.12516 12.12637 11.89447 12.45292 12.33651 11.56631 12.66701 12.92044 12.58223 13.28897 12.89832 11.56423 13.78543 13.8614 13.93389 13.21107 12.92484 11.79331 13.58289 13.45389 14.0398 11.95879 13.971 11.82604 12.77506 13.49682 12.31455 11.98314 14.78806 15.2288 15.20466 14.57817 13.33175 13.08815 13.74635 13.79048 13.73358 13.51385 12.83399 12.88825 12.11157 12.79941 12.822
-128 -128 -128 -128 -128 -128 -128 -128 -128 -128 -128 -128 -128 -128 -128 12.77825 11.67868 12.21369 12.61016 12.40832 12.60612 11.97733 12.59988 12.8354 12.82239 12.82046 12.82061 12.771 12.5255 12.70938 12.47941 12.29642 12.02722 12.49459 11.09716 10.23279 11.36958 12.46037 12.85263 12.54573 12.76953 13.20327 13.09337 13.02866 12.55585 11.87063 12.21972 13.75525 13.59863 12.47764 11.67408 13.25611 12.94273 10.30905 12.65524 14.19334 14.24783 12.73205 12.15624 11.38172 12.1001 11.43829 14.22734 15.08947 15.03611 14.24931 13.36602 13.40702 13.44652 12.09228 11.71284 12.05549 11.61999 11.56208 11.28608 12.20901 12.81355
-128 -128 -128 -128 -128 -128 -128 -128 -128 -128 -128 -128 -128 -128 -128 12.76403 12.4275 12.46605 12.39666 12.17471 11.53985 11.94623 11.86473 12.69138 12.8386 12.86252 12.31841 12.40579 12.78207 12.81237 11.5986 12.0574 12.16575 11.85463 11.99285 11.26558 11.45361 10.72955 11.73483 12.48594 12.90348 13.14201 13.0484 12.07531 12.05675 11.09091 11.79457 12.22991 13.04152 13.55085 13.83558 13.66212 11.74553 11.75751 13.3979 14.17919 13.84413 11.04998 11.20022 11.72803 12.64165 14.24121 14.86179 14.99346 14.7226 13.66078 13.58676 13.34654 12.45549 11.38307 10.9704 10.83352 11.93303 11.92345 10.67645 11.05767 12.64658
-128 -128 -128 -128 -128 -128 -128 -128 -128 -128 -128 -128 -128 -128 -128 -128 12.83748 12.86886 12.84478 12.12343 12.36988 12.5778 12.77513 12.49621 12.81193 12.85367 12.88025 12.85949 12.8365 12.70122 12.39871 11.58799 11.43611 11.56487 11.57213 12.68436 12.43386 11.59628 12.02548 12.80533 13.02757 13.0576 13.08853 12.63515 12.04231 10.8182 8.388056 10.72222 12.70992 12.69636 11.80932 13.35518 12.94618 12.87266 12.7511 12.49594 12.99248 12.32724 12.73537 12.50749 13.55051 14.404 14.76481 14.82011 14.5446 14.03319 13.78676 12.62048 11.14934 10.99818 10.40068 10.21405 10.25349 11.87456 12.17052 11.19183 12.1119
-128 -128 -128 -128 -128 -128 -128 -128 -128 -128 -128 12.6976 12.7322 -128 -128 -128 -128 12.89534 12.91622 12.93886 12.19274 11.88172 12.84723 12.78216 12.85414 12.87287 12.88003 12.87648 12.85364 12.82745 12.68458 11.23888 10.56431 12.08602 12.48476 12.84649 12.75742 11.92115 11.30272 12.42754 12.99475 13.07012 13.13564 12.98553 12.3939 11.7741 11.54957 11.27227 12.43125 12.93704 10.69952 10.75296 10.99945 11.99586 11.33173 11.37729 12.33542 13.38672 13.67177 14.28595 14.46483 14.56141 14.52198 12.52021 13.84172 14.37751 12.87733 13.37172 11.74619 11.51692 10.53712 11.65116 11.80227 12.55653 12.45071 11.09409 11.60775
-128 -128 -128 -128 -128 -128 -128 -128 -128 -128 -128 -128 12.72612 -128 -128 -128 -128 -128 -128 -128 12.92832 12.91859 12.9032 12.55877 12.70064 12.90706 12.90401 12.85168 12.79862 12.84542 12.86181 12.82365 12.58549 12.48861 12.75204 12.03342 11.5376 12.48844 12.35067 12.14387 12.90079 12.01146 11.71824 12.56037 11.99952 11.60207 10.62409 10.079 12.33702 12.59116 12.48648 11.23393 10.35168 11.14032 11.11778 12.08871 13.51204 14.05694 14.04577 13.90292 14.20643 14.07567 13.29238 11.27875 13.12453 14.51084 13.92018 13.5696 11.22018 11.91447 13.5661 13.32953 13.03155 12.90493 13.09156 11.90589 11.1673
-128 -128 -128 -128 -128 -128 -128 -128 -128 -128 -128 -128 -128 -128 -128 -128 -128 -128 -128 12.94855 12.93851 12.92825 12.8678 12.53411 12.87268 -128 -128 12.90201 12.88288 12.86641 12.88494 12.88364 12.86149 12.90188 12.80308 12.05579 12.48223 12.51038 11.17981 10.72195 12.28247 12.98414 12.86601 12.52664 11.26404 10.59349 11.09896 9.864206 11.64625 10.96557 13.22186 12.04132 9.804018 12.46063 12.30598 13.21555 13.46447 12.37993 10.37605 9.817931 11.266 13.47488 14.40799 13.50955 12.44384 12.2951 14.69413 13.11259 10.29732 11.50703 14.04886 14.27449 13.80276 13.64907 13.76315 13.48197 12.82022
-128 -128 -128 -128 -128 -128 -128 -128 -128 -128 -128 -128 -128 -128 -128 -128 -128 -128 -128 -128 12.90718 12.89931 12.89608 12.8647 12.83807 12.80493 12.87141 12.87167 12.8572 12.84978 12.8598 -128 12.83852 12.84007 12.4798 12.1369 12.38342 11.60549 10.7848 11.88901 12.78071 13.00542 12.96409 11.85324 11.04725 10.32941 10.4527 10.74465 11.50163 12.36973 13.3706 13.70355 12.67526 12.79666 13.36458 13.80194 12.43807 11.94107 10.03909 10.57814 11.82171 13.36877 12.36142 11.38145 12.32807 14.45217 14.776 14.52096 13.49957 14.15108 14.96321 14.89766 14.65532 14.51334 14.64425 14.64321 14.56728
-128 -128 -128 -128 -128 -128 -128 -128 -128 -128 -128 -128 -128 -128 -128 -128 -128 -128 -128 -128 -128 -128 -128 12.81604 12.79409 12.77374 12.7953 12.7977 12.7892 12.79054 12.72357 12.53627 12.6137 12.59285 12.14748 12.18069 12.4181 11.84239 11.84907 12.42756 12.7856 12.88448 12.54611 11.84879 10.36789 11.18916 12.74264 10.18934 9.895806 10.63372 11.48639 13.66227 13.13175 12.02711 12.27446 13.09664 13.81458 14.03588 12.99159 13.67543 14.11005 13.91168 13.21858 13.64374 11.22893 11.20276 13.56087 14.78254 14.86852 14.95369 -128 14.94811 14.94163 14.94064 14.97864 -128 15.14118
-128 -128 -128 -128 -128 -128 -128 -128 -128 -128 -128 -128 -128 -128 -128 -128 -128 -128 -128 -128 -128 -128 -128 -128 -128 12.73117 12.65252 12.72461 12.72065 12.72396 12.61005 12.57988 12.73171 12.24835 12.39084 12.23749 12.34682 12.1215 11.70938 12.3622 12.84824 12.07659 10.85691 11.1731 11.47702 11.75667 12.38238 12.71427 10.71425 11.37121 13.14845 12.71626 10.88556 11.76704 12.51705 12.6002 13.31449 12.79878 13.90402 13.99731 14.09529 14.0769 14.22282 13.6278 11.64809 13.71407 14.55303 -128 14.78287 14.81728 14.88479 14.89835 -128 -128 14.97902 -128 -128
-128 -128 -128 -128 -128 -128 -128 -128 -128 -128 -128 -128 -128 -128 -128 -128 -128 -128 -128 -128 -128 -128 -128 -128 -128 -128 -128 -128 -128 12.64758 12.60109 12.43894 12.62233 12.68589 12.61794 12.33145 12.17603 11.53597 12.17575 12.66616 12.88262 12.84957 12.41023 12.50062 12.63446 13.31406 13.00704 13.34127 11.58796 13.76527 13.46097 11.59099 10.62036 9.353117 10.81031 12.66663 12.7308 11.14584 11.87218 12.13722 13.91019 14.07612 -128 -128 14.17108 14.23314 14.40879 14.42566 14.61541 -128 14.2859 13.46366 14.08704 14.67707 14.55867 14.78001 14.96137
-128 -128 -128 -128 -128 -128 -128 -128 -128 -128 -128 -128 -128 -128 -128 -128 -128 -128 -128 12.58177 12.1081 12.5201 -128 -128 -128 -128 -128 -128 -128 -128 12.58193 12.57882 12.61454 12.62434 12.6328 12.0636 12.0044 12.49855 12.67115 12.7363 12.74464 12.8749 12.89969 13.28572 13.44499 13.4397 13.36124 13.68466 13.93512 11.76583 11.7764 11.73115 9.850879 11.40807 13.04315 12.09939 10.65937 11.20014 11.47288 13.19058 13.28256 13.94892 13.96024 14.00997 13.90108 13.36503 14.12911 -128 14.37973 13.90385 11.57782 10.65368 11.64591 13.495 13.71899 13.59984 13.6735
-128 -128 -128 -128 -128 -128 -128 -128 -128 -128 -128 -128 -128 -128 -128 -128 -128 -128 -128 12.4244 10.61713 11.39315 12.20597 12.45884 12.47491 -128 -128 -128 -128 -128 -128 -128 -128 -128 -128 12.60128 12.61575 -128 12.64427 12.719 12.78618 12.92263 13.11333 13.27338 13.33137 13.45923 13.6903 13.82869 13.5991 12.30361 9.570827 9.196503 7.248082 9.203826 12.36876 11.48665 11.21417 12.59238 13.33201 11.95772 10.80661 11.97537 13.83329 13.79947 13.45094 12.97086 13.98308 13.71907 13.58446 13.36716 11.63974 11.44729 11.40069 11.91127 12.86252 12.43703 12.15337
-128 -128 -128 -128 -128 -128 -128 -128 -128 -128 -128 -128 -128 -128 -128 -128 -128 -128 -128 12.44679 12.21653 11.64582 11.08566 11.05968 11.76492 12.27972 -128 -128 -128 -128 -128 -128 -128 -128 -128 -128 -128 -128 12.62338 12.69541 12.82808 12.87756 12.95844 12.14358 12.0435 12.58113 12.83287 12.85506 12.18814 11.98124 7.274873 4.85043 5.231976 8.630484 11.57119 13.39896 12.29975 12.29021 11.29301 10.38666 10.46664 12.75412 12.85579 13.54095 13.62525 13.33753 10.7058 10.38728 11.17981 11.45927 10.79338 12.73621 12.89629 12.79295 13.15725 12.90196 12.30403
-128 -128 -128 -128 -128 -128 -128 -128 -128 -128 -128 -128 -128 -128 -128 -128 -128 -128 -128 -128 -128 12.20077 11.72022 10.40108 11.05085 11.93809 12.16411 -128 -128 -128 -128 -128 -128 -128 -128 -128 -128 12.38296 12.55274 12.47635 12.47116 12.54093 12.01176 12.15103 12.13829 12.14853 12.46102 10.26792 11.14627 9.34824 10.0999 7.580482 6.268134 9.510639 12.19384 10.38335 8.747627 8.107908 9.167216 11.32485 12.37877 12.10413 11.07171 10.62869 11.32421 12.99505 10.78957 10.3383 10.16899 9.776823 11.693 12.98981 12.24612 12.42574 13.15258 12.86707 12.04315
-128 -128 -128 -128 -128 -128 -128 -128 -128 -128 -128 -128 -128 -128 -128 -128 -128 -128 -128 -128 -128 12.29008 11.34521 11.09033 11.00657 10.69838 11.94151 12.2238 12.28726 12.31292 12.34818 12.35954 -128 -128 -128 -128 -128 12.40868 12.4915 12.55113 12.55502 12.79931 12.7357 12.79098 12.4772 11.39292 12.11882 13.09813 12.04026 11.93293 12.21265 10.85629 9.328218 8.681576 11.26697 11.52858 9.877595 10.38729 10.59521 12.47717 10.47128 9.027401 7.1674 9.752277 11.84155 11.91004 10.76109 10.36959 10.94433 11.76305 11.38377 10.37607 10.30409 10.48836 12.76169 13.32141 12.5986
-128 -128 -128 -128 -128 -128 -128 -128 -128 -128 -128 -128 -128 -128 -128 -128 -128 -128 -128 -128 -128 12.22943 12.17404 12.09204 11.74415 11.10563 9.917772 10.6806 11.51657 11.58044 11.73673 12.13159 11.85896 12.23129 12.31047 12.46379 -128 -128 -128 -128 -128 -128 12.40085 12.50014 12.86453 12.2909 12.84852 11.78677 11.90174 11.24547 9.988552 11.60935 9.374359 8.20153 11.32963 11.49357 8.507735 10.86145 11.69718 9.041754 8.415076 7.129816 7.059353 9.926501 10.71582 11.03765 9.460197 10.19259 9.282633 8.98341 9.853899 10.50082 10.41702 11.65643 12.68893 13.34653 13.78237
-128 -128 -128 -128 -128 -128 -128 -128 -128 -128 -128 -128 -128 -128 -128 -128 -128 -128 -128 -128 -128 -128 -128 12.20863 12.20913 12.0916 10.32386 10.77459 9.913725 9.675555 10.6708 10.79138 8.760911 8.539394 10.76054 11.90284 11.61765 12.42908 12.50801 -128 -128 -128 12.7795 12.85798 12.93229 12.50695 11.7138 11.55783 10.12991 11.07142 12.1591 11.41398 9.519385 9.873822 11.59379 11.79919 10.44866 10.24042 10.31031 8.496937 7.72757 10.20867 10.99416 9.291348 10.74006 12.16225 12.28224 11.3564 10.18404 9.266556 9.435118 10.29234 10.7892 12.0151 12.99177 13.89849 14.15232
-128 -128 -128 -128 -128 -128 -128 -128 -128 -128 -128 -128 -128 -128 -128 -128 -128 -128 -128 -128 -128 -128 -128 -128 -128 12.24112 11.87284 11.86638 10.52888 10.8662 9.662107 9.837247 10.09468 10.82522 10.6815 11.10551 11.09788 11.38417 11.8419 12.39712 12.59319 12.39682 12.70512 -128 12.82765 12.89021 12.77674 12.07779 9.993254 10.98265 12.51401 10.95385 10.93892 12.50139 12.68485 12.75466 11.06035 9.438203 8.875567 9.077784 9.822571 10.87365 11.68633 11.2812 12.28438 12.83462 13.47035 13.41246 13.37552 12.75683 10.66669 11.09275 11.94906 12.84353 13.57499 13.99112 13.98211
-128 -128 -128 -128 -128 -128 -128 -128 -128 -128 -128 -128 -128 -128 -128 -128 -128 -128 -128 -128 -128 -128 -128 -128 -128 -128 12.23472 11.91755 12.09096 12.06555 11.58987 12.08355 11.86012 11.07549 12.09467 10.80494 10.89212 11.78146 11.84744 11.20366 11.82403 11.7494 12.3008 12.64194 12.60821 -128 12.81839 12.81837 12.81161 12.76226 12.82645 12.96251 12.99667 13.02039 13.06817 12.53947 11.49356 11.30466 11.8724 12.13308 11.01426 11.34465 8.78971 9.609228 11.36928 11.1268 11.86617 13.53516 13.69835 13.71653 13.39029 12.86548 13.31436 13.68648 13.86078 -128 13.85477
-128 -128 -128 -128 -128 -128 -128 -128 -128 -128 -128 -128 -128 -128 -128 -128 -128 -128 -128 -128 -128 -128 -128 -128 -128 -128 12.19853 11.97843 11.98827 12.42744 12.43222 12.43553 12.19307 11.39143 11.37819 11.89153 11.74195 11.82218 11.6903 11.86179 11.67759 11.76211 10.88826 12.28148 10.93798 11.73181 12.62254 12.69354 12.2423 12.45392 12.64071 12.84066 12.36449 12.46065 12.76074 12.88528 13.23792 13.33901 13.07014 12.99806 12.12129 12.25198 11.7492 12.06929 11.42835 11.44502 12.998 13.47544 12.75647 13.43095 13.71527 -128 13.69904 -128 -128 -128 -128
