formato/VCI/bioclim_11.asc
ncols         186
nrows         781
xllcorner     -75.7
yllcorner     -56.55
cellsize      0.05
NODATA_value  -9999
[rows 170 to 203 of 781, columns 77 to 153 of 186]
-128 -128 -128 -128 -128 -128 -128 -128 -128 -128 -128 -128 -128 -128 -128 -128 -128 -128 -128 -128 -128 -128 -128 -128 12.08356 10.12674 11.37615 12.37382 12.66193 12.87078 13.14821 13.3591 13.49156 13.73293 13.89105 14.22729 14.43187 14.46219 13.99793 13.66566 13.44293 13.10111 12.53074 11.72274 11.25 10.80922 9.959359 8.353604 6.761822 4.808316 2.376817 2.235271 1.939798 0.6257694 -0.2417878 0.867327 0.3289589 -0.8488984 -2.983867 -2.914828 -1.952527 -1.494488 -0.3801936 -1.043852 -3.76413 -5.17325 -2.834441 -2.696482 -1.845252 -128 -128 -128 -128 -128 -128 -128 -128
-128 -128 -128 -128 -128 -128 -128 -128 -128 -128 -128 -128 -128 -128 -128 -128 -128 -128 -128 -128 -128 -128 -128 12.79251 10.81644 11.14913 12.20026 12.11513 12.28937 12.24787 12.51294 12.72653 13.27281 13.70016 13.74588 14.12287 14.42671 14.37973 14.0519 13.75448 13.54523 13.17603 12.7347 12.29669 11.61611 10.89447 9.930522 8.396896 6.738788 4.406912 3.0203 2.393756 0.6581664 -0.9071357 0.1424139 1.605926 1.211886 0.09537435 -2.435962 -2.561036 -2.273264 -1.458696 -0.3901306 -0.999077 -3.112858 -4.39785 -3.775416 -3.389151 -3.911201 -2.401374 -128 -128 -128 -128 -128 -128 -128
-128 -128 -128 -128 -128 -128 -128 -128 -128 -128 -128 -128 -128 -128 -128 -128 -128 -128 -128 -128 -128 -128 -128 12.83386 11.7462 11.66135 11.66448 11.68542 11.6327 11.99027 11.94648 12.46787 13.05477 13.49407 13.73634 13.91993 14.3213 14.35157 14.20424 13.97185 13.69681 13.38906 13.02303 12.65305 11.79329 10.76131 10.32335 9.162514 7.640025 5.631924 3.988497 2.895555 2.007852 1.593722 2.315465 3.477645 1.418731 0.2515149 -1.565887 -2.950221 -4.062894 -2.965492 -1.683495 -1.383299 -2.770056 -2.946615 -4.541079 -4.348855 -4.467728 -4.465452 -128 -128 -128 -128 -128 -128 -128
-128 -128 -128 -128 -128 -128 -128 -128 -128 -128 -128 -128 -128 -128 -128 -128 -128 -128 -128 -128 -128 -128 -128 12.76398 11.42758 10.81675 10.67369 11.56549 11.95315 11.94528 12.20717 12.01972 12.39157 13.04751 13.65767 13.95863 14.19056 14.2883 14.07145 13.76301 13.67051 13.41628 12.74968 12.04573 10.93182 9.387068 9.407057 8.645807 6.739573 4.349249 4.10406 3.351413 3.109352 2.849899 3.253156 3.245706 1.433196 2.471613 1.079279 -1.827753 -4.313787 -4.199234 -3.518332 -3.544041 -3.720646 -2.767032 -3.88693 -4.159807 -5.863204 -6.895764 -128 -128 -128 -128 -128 -128 -128
-128 -128 -128 -128 -128 -128 -128 -128 -128 -128 -128 -128 -128 -128 -128 -128 -128 -128 -128 -128 -128 -128 -128 12.82944 11.67621 10.62996 10.47675 11.56243 11.72261 12.22989 12.11609 12.34429 12.21053 12.84034 13.54972 13.78596 14.04476 14.25123 14.02299 13.85773 13.86104 13.42548 12.3038 11.40794 10.2973 9.030836 8.07039 7.170269 5.217797 4.206442 3.901094 2.668754 2.829814 2.672264 2.724938 3.249712 2.92479 3.023057 1.634115 -0.6481282 -2.303688 -3.271415 -3.46185 -3.84838 -3.026203 -1.997214 -2.798036 -3.709971 -3.934119 -128 -128 -128 -128 -128 -128 -128 -128
-128 -128 -128 -128 -128 -128 -128 -128 -128 -128 -128 -128 -128 -128 -128 -128 -128 -128 -128 -128 -128 -128 -128 12.78071 11.42212 10.95074 11.20036 11.25283 11.66183 11.97625 12.27108 12.09127 12.43323 12.97517 13.53073 13.88478 13.981 14.34784 14.30995 14.13209 13.797 13.25339 12.38414 10.98133 10.23946 8.017935 6.713837 6.647145 4.793212 4.40467 3.905704 2.42713 2.330696 2.338953 2.683118 2.836734 2.99559 2.861539 1.709264 -0.2428611 -2.597868 -1.98451 -2.590642 -2.843356 -1.876486 -3.04518 -3.325397 -3.219546 -128 -128 -128 -128 -128 -128 -128 -128 -128
-128 -128 -128 -128 -128 -128 -128 -128 -128 -128 -128 -128 -128 -128 -128 -128 -128 -128 -128 -128 -128 -128 -128 12.8916 12.89341 12.35081 11.85141 11.58717 12.6989 12.58037 12.87541 12.91391 13.27233 13.21864 14.03495 14.36892 14.0704 14.75712 14.71474 14.52934 14.33665 13.88148 13.01585 11.76924 10.28725 8.078849 7.169888 7.343004 6.279009 5.692663 4.329334 2.433521 2.625239 2.466895 2.66472 2.847063 2.851684 2.88946 1.485506 -1.191694 -1.30325 -0.697156 -1.292245 -2.355747 -2.137436 -1.851347 -128 -128 -128 -128 -128 -128 -128 -128 -128 -128 -128
-128 -128 -128 -128 -128 -128 -128 -128 -128 -128 -128 -128 -128 -128 -128 -128 -128 -128 -128 -128 -128 -128 -128 12.6707 11.29815 12.15314 12.86228 12.92162 12.86783 12.7147 12.82784 12.58581 12.97149 13.44173 14.50283 14.66805 14.915 15.09623 14.88786 14.56871 13.9361 13.01494 13.05999 12.68873 11.72318 9.936936 9.440522 8.737655 7.72289 6.374697 3.914161 2.594653 2.923922 2.524591 2.59893 2.601792 2.266607 2.177659 0.9296921 -2.35533 -1.716207 -1.017128 -1.291764 -1.804995 -2.669508 -1.772177 -128 -128 -128 -128 -128 -128 -128 -128 -128 -128 -128
-128 -128 -128 -128 -128 -128 -128 -128 -128 -128 -128 -128 -128 -128 -128 -128 -128 -128 -128 -128 -128 -128 -128 11.66658 11.01652 10.94338 11.91951 12.42966 12.0261 13.43544 13.92557 13.90897 14.23351 14.72769 15.10723 15.10582 14.91514 14.99544 14.89293 14.42648 13.44127 12.31124 12.54318 12.19595 11.33158 10.28831 9.297918 7.615519 6.81309 6.419983 3.745651 1.986836 2.513966 2.80086 2.486469 2.270748 1.569668 1.28385 0.6611609 -2.15267 -2.449962 -3.832042 -4.117984 -2.270361 -3.782605 -3.148433 -128 -128 -128 -128 -128 -128 -128 -128 -128 -128 -128
-128 -128 -128 -128 -128 -128 -128 -128 -128 -128 -128 -128 -128 -128 -128 -128 -128 -128 -128 -128 -128 -128 -128 11.72883 11.09606 11.20345 11.31838 11.36568 11.97761 12.86484 13.3851 13.6945 13.98302 14.72784 14.24074 14.94225 15.10585 15.18559 14.90379 14.3478 13.00337 12.87478 12.37736 11.29227 9.130842 6.825423 6.706709 5.72443 3.766042 3.014818 3.822095 1.507848 1.045672 1.490823 1.425916 2.404926 1.958979 1.319336 0.5865291 -0.6975772 -1.221328 -2.368814 -5.61136 -5.448092 -6.924861 -8.249353 -128 -128 -128 -128 -128 -128 -128 -128 -128 -128 -128
-128 -128 -128 -128 -128 -128 -128 -128 -128 -128 -128 -128 -128 -128 -128 -128 -128 -128 -128 -128 -128 -128 12.51166 12.03189 11.18484 10.88068 11.17778 11.44901 11.88079 12.7935 12.8035 13.29436 13.39369 14.36168 14.59437 14.49061 15.45183 15.20087 14.74585 14.34632 13.53258 13.03206 11.59679 9.83385 7.152027 3.288888 3.115065 2.728203 1.331617 2.059833 2.264312 0.9184038 0.0879403 0.2687642 0.9660518 2.001738 2.09719 1.820687 1.249378 0.1902133 -0.4176271 -3.174184 -4.492243 -5.800912 -7.238191 -8.346864 -7.912734 -128 -128 -128 -128 -128 -128 -128 -128 -128 -128
-128 -128 -128 -128 -128 -128 -128 -128 -128 -128 -128 -128 -128 -128 -128 -128 -128 -128 -128 -128 -128 -128 12.59355 12.72736 12.44362 12.28374 12.42 12.20704 12.05848 12.81821 12.90792 12.88679 12.92391 13.42836 14.1039 14.57797 15.04204 15.02413 14.69093 14.29254 13.4007 12.09788 9.811893 7.393258 4.303174 0.6260535 1.512072 1.598528 0.5923603 0.9526537 0.4021386 -0.1100944 0.07711569 0.230123 0.9545502 1.55607 1.51598 1.186275 0.2913547 -1.410699 -1.007722 -2.515337 -4.12575 -5.086683 -5.976418 -4.451187 -4.517953 -128 -128 -128 -128 -128 -128 -128 -128 -128 -128
-128 -128 -128 -128 -128 -128 -128 -128 -128 -128 -128 -128 -128 -128 -128 -128 -128 -128 -128 -128 -128 -128 12.59297 11.59044 11.52431 11.75711 12.25947 11.4584 11.31203 11.86944 12.45012 13.2844 12.7311 12.33647 13.18778 13.82219 14.62114 15.04013 14.66322 13.57342 12.93696 11.41723 9.897449 7.647313 5.776692 3.202856 2.567182 2.69394 1.127399 -0.07991704 -1.004945 -3.040946 -1.595371 -0.04433672 1.087794 1.442314 1.384131 0.8311697 -0.7928286 -3.133483 -1.842228 -1.297173 -3.24934 -4.978123 -5.47635 -4.114139 -2.812141 -4.426785 -128 -128 -128 -128 -128 -128 -128 -128 -128
-128 -128 -128 -128 -128 -128 -128 -128 -128 -128 -128 -128 -128 -128 -128 -128 -128 -128 -128 -128 -128 12.23364 12.34626 10.30225 10.80167 11.32787 12.30917 12.53993 12.49275 12.90068 12.17864 12.7791 13.04426 12.52762 12.76775 12.86438 13.64685 14.84198 14.46912 13.04847 12.91997 12.05793 10.73583 9.501021 8.292754 6.622515 4.896709 2.991328 1.397115 0.375087 -0.8073587 -4.035295 -3.696699 -1.523343 0.3656134 1.154907 1.220921 0.6997266 -0.8613717 -3.359299 -2.036445 -1.915488 -2.768213 -3.045816 -2.533043 -3.313638 -3.59343 -3.242867 -4.326077 -128 -128 -128 -128 -128 -128 -128 -128
-128 -128 -128 -128 -128 -128 -128 -128 -128 -128 -128 -128 -128 -128 -128 -128 -128 -128 -128 -128 -128 12.31078 12.08647 11.05789 10.9144 11.46772 11.73799 12.30381 12.70122 12.85884 12.44389 12.57511 13.01648 12.96449 12.54685 11.91944 13.35395 14.35859 14.00497 13.2924 11.73216 9.693696 9.585349 8.657262 6.006453 5.874701 4.104469 2.412552 1.436268 1.780605 0.9289822 -1.357921 -2.168152 -1.000031 0.08963394 0.7708052 1.0573 0.6293407 -0.7027404 -2.555905 -2.079277 -2.246418 -2.796269 -1.924759 -2.254156 -3.107426 -4.635924 -4.65711 -4.011108 -128 -128 -128 -128 -128 -128 -128 -128
-128 -128 -128 -128 -128 -128 -128 -128 -128 -128 -128 -128 -128 -128 -128 -128 -128 -128 -128 -128 -128 12.11827 11.99537 11.46955 11.42399 11.55397 11.89181 12.10379 11.90073 11.94886 13.28311 13.29632 13.27098 13.02314 12.7828 12.02457 12.73812 13.43221 13.08476 12.60357 11.25102 8.666979 8.163285 7.810885 4.998587 3.472158 3.151007 4.191306 3.750471 2.942466 1.346097 -1.381458 -1.920392 -1.492682 -0.1472676 0.7012407 -0.1674067 0.1788385 -1.485153 -3.488854 -2.825285 -3.21611 -5.648651 -4.205372 -6.060096 -6.215976 -5.473957 -4.0128 -4.916461 -6.183232 -128 -128 -128 -128 -128 -128 -128
-128 -128 -128 -128 -128 -128 -128 -128 -128 -128 -128 -128 -128 -128 -128 -128 -128 -128 -128 -128 12.16031 11.16816 10.43475 11.50649 11.03081 11.648 11.26673 11.56195 11.95453 12.01019 13.04414 12.68143 13.02493 12.74301 12.8469 11.93762 11.99748 11.40124 11.31139 11.89886 10.73897 8.861975 7.594979 7.169988 5.906546 3.776675 4.090835 5.483754 4.608077 3.580533 2.046347 0.6572785 -1.06831 -0.8784807 0.3554244 1.254505 0.2261782 -0.3705961 -2.619739 -4.678642 -3.562287 -3.317359 -5.214767 -6.086256 -6.51234 -4.380736 -4.439909 -3.836365 -4.273278 -7.150751 -6.826419 -128 -128 -128 -128 -128 -128
-128 -128 -128 -128 -128 -128 -128 -128 -128 -128 -128 -128 -128 -128 -128 -128 -128 -128 -128 -128 12.12711 11.5332 10.30682 11.06306 11.37495 11.26935 11.24366 11.06658 11.01929 12.24722 11.98397 11.00134 12.89223 13.02851 12.46724 11.89085 11.86317 10.91919 10.93527 10.7278 10.33207 8.890944 7.499059 5.305011 4.803885 4.197867 5.841455 5.918417 5.257088 4.144754 3.206452 1.689394 0.5264764 -0.714839 1.200062 1.618168 1.265228 -0.4705826 -3.49428 -4.138768 -3.983232 -2.74803 -3.436656 -3.480355 -3.55638 -2.658307 -2.489466 -2.254056 -2.470938 -3.403177 -4.001795 -3.716583 -128 -128 -128 -128 -128
-128 -128 -128 -128 -128 -128 -128 -128 -128 -128 -128 -128 -128 -128 -128 -128 -128 -128 -128 -128 12.30856 11.50178 10.35461 10.27682 11.08848 11.74489 11.88851 11.78787 11.26634 12.16234 11.32616 10.62006 11.39296 12.94124 12.65997 12.4784 12.07748 11.11362 10.72393 10.58083 10.34749 9.05117 6.701956 5.821301 5.57821 5.879706 6.497219 5.621416 4.320366 2.369982 1.36059 1.07885 -0.2061044 -0.01362967 1.229347 1.09688 1.15969 -0.8983216 -3.744433 -3.027104 -3.006553 -2.879339 -3.429407 -3.776594 -3.377047 -3.1633 -5.406238 -3.554526 -2.677938 -2.945144 -3.622086 -5.233365 -128 -128 -128 -128 -128
-128 -128 -128 -128 -128 -128 -128 -128 -128 -128 -128 -128 -128 -128 -128 -128 -128 -128 -128 -128 12.44479 12.24586 10.88597 10.16867 10.4909 11.26167 11.81317 11.91268 11.58193 11.9369 11.68736 10.60372 11.01156 12.27166 12.51558 12.38511 11.96152 11.63099 11.10265 11.15475 10.51583 9.199682 7.074224 7.25311 7.564965 7.16039 5.803887 4.034104 3.282552 1.882975 1.911973 -0.2904094 -1.786686 -0.9087607 0.7470997 0.9446302 0.8208148 -0.9022405 -2.851698 -2.441317 -2.797088 -3.523831 -4.744834 -7.123134 -6.072888 -4.200742 -5.964468 -4.992176 -4.470562 -4.065382 -4.192895 -2.359175 -128 -128 -128 -128 -128
-128 -128 -128 -128 -128 -128 -128 -128 -128 -128 -128 -128 -128 -128 -128 -128 -128 -128 -128 12.09512 12.5356 12.38266 11.82261 11.22559 10.81115 10.67173 11.16561 11.92448 11.59566 11.86297 11.6793 11.23931 11.26686 11.35737 11.61611 12.31549 11.78832 11.19752 11.47255 11.65888 9.906045 8.649323 8.647245 8.923133 7.468477 6.220738 4.963917 4.381484 3.844285 3.692636 3.168573 0.7221383 -2.285788 -1.599668 0.932426 0.8052781 0.7302043 -0.6851024 -2.027404 -2.674966 -5.580261 -7.259518 -5.637734 -5.997186 -7.090425 -6.03495 -6.308481 -6.964119 -6.352641 -5.952464 -7.150981 -6.307835 -128 -128 -128 -128 -128
-128 -128 -128 -128 -128 -128 -128 -128 -128 -128 -128 -128 -128 -128 -128 -128 -128 -128 -128 12.22373 12.43676 12.36231 12.25644 11.95723 11.52128 11.20028 11.27181 11.74333 11.31721 10.9834 10.83804 10.63526 10.99562 11.92506 12.03671 11.88612 10.44811 10.871 11.81545 11.44196 9.841722 10.19269 10.56239 9.755025 8.096866 7.033962 6.908495 6.770666 5.979201 4.73321 3.657146 1.38974 -0.03236453 0.303907 0.8506051 0.9023755 0.7919906 -0.1187239 -1.500176 -3.364015 -6.931128 -10.1289 -7.521493 -6.963769 -6.307984 -8.772769 -9.009676 -9.338563 -7.876101 -5.999582 -128 -128 -128 -128 -128 -128 -128
-128 -128 -128 -128 -128 -128 -128 -128 -128 -128 -128 -128 -128 -128 -128 -128 -128 11.80163 11.57296 12.30139 12.33264 12.01158 11.54568 12.06896 11.79366 11.45023 11.48774 11.89404 11.63071 11.4612 11.47653 11.2136 11.37552 12.5447 12.91544 12.48466 11.91091 11.86916 12.10174 12.35576 12.25456 12.65574 11.97412 10.78795 8.584472 8.77825 7.981045 6.801016 5.077952 2.889929 1.288139 -1.094878 -1.310042 -0.6231706 0.6177714 -0.002881289 0.05063152 -0.6315792 -3.142875 -5.299585 -6.772141 -8.279195 -7.445374 -7.52579 -8.043392 -11.68784 -11.19057 -9.252131 -128 -128 -128 -128 -128 -128 -128 -128 -128
-128 -128 -128 -128 -128 -128 -128 -128 -128 -128 -128 -128 -128 -128 -128 -128 -128 11.80319 11.57551 11.90256 12.16967 12.09226 11.33669 11.5028 11.23402 11.61203 11.90843 11.73786 11.68724 11.94738 11.71849 11.25108 11.57623 12.84045 13.49182 13.57834 13.04887 11.93514 12.87461 12.86578 11.44928 11.05682 9.581608 9.59354 10.06985 8.414077 6.610218 5.009298 2.783823 0.718127 -0.02010194 -1.208696 -2.197011 -2.610247 -0.8680082 -1.47766 -0.9600218 -0.4296587 -2.541131 -4.606958 -5.924877 -128 -128 -128 -7.917098 -11.00807 -128 -128 -128 -128 -128 -128 -128 -128 -128 -128 -128
-128 -128 -128 -128 -128 -128 -128 -128 -128 -128 -128 -128 -128 -128 -128 -128 -128 12.03331 11.83535 12.00495 12.17507 12.25175 11.9931 11.80642 11.81879 11.22067 11.43077 11.15566 11.7552 13.00471 12.36244 11.70847 11.83144 13.14853 13.78622 13.6785 13.67853 13.96747 14.11499 12.38407 10.6601 8.511614 5.777895 6.452252 9.34241 8.716036 6.366623 3.071595 -0.1695623 0.1195345 0.288835 -0.2580687 -1.856749 -2.333552 -2.099705 -1.379391 -1.27166 -0.9705074 -2.373168 -3.349993 -128 -128 -128 -128 -128 -128 -128 -128 -128 -128 -128 -128 -128 -128 -128 -128 -128
-128 -128 -128 -128 -128 -128 -128 -128 -128 -128 -128 -128 -128 -128 -128 -128 -128 12.09933 12.14046 12.11387 12.32414 12.26007 11.79348 11.45189 11.78895 11.39215 12.28275 13.03931 13.60865 13.78546 13.04513 12.29617 12.95176 13.82984 14.21622 14.19592 14.68082 14.20081 13.19495 11.04052 9.308385 7.212505 4.054191 5.381185 7.852847 7.730189 5.087336 2.475878 1.786384 1.899343 1.261004 -0.4512459 -2.63119 -4.161659 -4.694452 -2.670748 -1.569582 -1.941897 -4.126006 -4.127854 -5.205296 -128 -128 -128 -128 -128 -128 -128 -128 -128 -128 -128 -128 -128 -128 -128 -128
-128 -128 -128 -128 -128 -128 -128 -128 -128 -128 -128 -128 -128 -128 -128 -128 -128 12.09085 12.19408 12.08189 12.41031 12.52983 12.34013 12.4018 12.88847 13.28818 13.61642 13.5731 13.75917 14.18482 13.36594 12.86166 13.8333 14.53248 14.57372 14.3876 14.74517 14.10952 13.06733 11.24264 9.603884 7.928168 6.166073 4.998707 5.749605 5.544199 3.195589 1.854131 2.62026 2.138398 0.3603653 -2.087088 -3.158331 -4.697258 -6.800756 -3.562808 -1.759273 -2.602462 -4.113124 -4.565133 -5.040648 -128 -128 -128 -128 -128 -128 -128 -128 -128 -128 -128 -128 -128 -128 -128 -128
-128 -128 -128 -128 -128 -128 -128 -128 -128 -128 -128 -128 -128 -128 -128 -128 -128 12.05474 11.82992 11.84049 12.11037 12.30941 12.679 13.17004 13.43015 12.99328 12.8836 12.4413 13.29464 13.44857 14.16963 13.87732 14.28713 14.33562 14.10598 13.58351 14.19235 14.14811 12.86446 11.77454 10.85474 8.788169 6.79056 5.461377 3.763495 2.449656 1.267961 1.574692 2.795537 1.372797 -1.723184 -3.24313 -2.987035 -4.959378 -4.465522 -3.625538 -2.262139 -2.282276 -4.004355 -5.458436 -128 -128 -128 -128 -128 -128 -128 -128 -128 -128 -128 -128 -128 -128 -128 -128 -128
-128 -128 -128 -128 -128 -128 -128 -128 -128 -128 -128 -128 -128 -128 -128 -128 -128 -128 12.02518 11.25118 11.74682 12.21786 12.57588 13.02375 13.09627 12.57639 11.60357 12.41083 12.70412 12.976 14.07216 14.4755 13.50697 13.94103 13.91989 12.61382 11.7298 12.97452 11.97564 12.31181 11.00857 8.896575 5.581863 3.821186 2.155326 0.1013891 -0.3500681 1.61304 3.074594 1.816286 -1.493263 -3.16437 -2.416321 -2.585093 -2.851844 -3.499005 -2.819226 -3.752843 -3.677228 -4.556666 -128 -128 -128 -128 -128 -128 -128 -128 -128 -128 -128 -128 -128 -128 -128 -128 -128
-128 -128 -128 -128 -128 -128 -128 -128 -128 -128 -128 -128 -128 -128 -128 -128 -128 -128 12.37436 12.17393 12.11773 12.39962 12.44255 12.71351 13.21476 12.44357 11.49166 12.22379 12.90942 12.61202 13.26069 14.38436 13.6659 13.51379 13.23735 12.81478 12.34834 11.57225 10.73397 10.9175 11.6481 10.2634 7.614458 5.734147 3.665935 0.9762852 -1.236375 0.7288712 2.966575 1.277639 -2.829923 -2.434088 -2.414237 -2.429145 -2.944084 -2.991903 -3.720273 -4.651267 -3.814762 -128 -128 -128 -128 -128 -128 -128 -128 -128 -128 -128 -128 -128 -128 -128 -128 -128 -128
-128 -128 -128 -128 -128 -128 -128 -128 -128 -128 -128 -128 -128 -128 -128 -128 -128 -128 12.39651 12.31967 12.26974 12.52131 12.70402 13.08279 13.0438 12.75156 12.54449 12.35818 12.61508 12.04113 13.24157 14.34636 13.49902 13.1283 12.76379 11.28991 12.12233 11.59649 10.24527 9.643333 10.837 9.756795 7.57674 4.382756 4.186526 1.475442 -0.4784021 0.8752604 2.019765 -0.5587276 -2.861184 -3.781124 -3.264426 -2.463675 -3.517848 -4.272406 -4.356256 -6.279912 -4.841412 -128 -128 -128 -128 -128 -128 -128 -128 -128 -128 -128 -128 -128 -128 -128 -128 -128 -128
-128 -128 -128 -128 -128 -128 -128 -128 -128 -128 -128 -128 -128 -128 -128 -128 -128 -128 12.38441 11.90836 11.76098 12.38903 12.86337 12.80157 12.97878 13.26927 13.20377 12.96851 12.60702 11.99839 13.24815 13.88459 14.26552 14.06222 13.88061 13.01552 12.77149 11.8508 10.00497 8.554765 9.230493 8.438749 5.415286 2.463408 2.501371 0.4277277 1.322489 2.633313 1.388179 -0.4781265 -1.121249 -2.78152 -3.130293 -2.944049 -4.848001 -4.875716 -5.709599 -6.498056 -128 -128 -128 -128 -128 -128 -128 -128 -128 -128 -128 -128 -128 -128 -128 -128 -128 -128 -128
-128 -128 -128 -128 -128 -128 -128 -128 -128 -128 -128 -128 -128 -128 -128 -128 -128 -128 12.42544 12.07295 11.81203 12.36011 12.67214 12.94785 12.83004 13.02203 13.30276 13.20455 12.87054 11.96092 12.53646 13.6542 14.28548 13.47301 12.76042 12.90893 13.21895 12.30044 10.2649 8.536823 8.038342 6.383788 4.384892 2.54496 0.7483937 0.9654379 3.877164 3.996819 2.405347 0.9336256 -0.2603587 -2.237698 -3.658853 -3.992048 -5.440759 -5.325471 -5.631734 -128 -128 -128 -128 -128 -128 -128 -128 -128 -128 -128 -128 -128 -128 -128 -128 -128 -128 -128 -128
-128 -128 -128 -128 -128 -128 -128 -128 -128 -128 -128 -128 -128 -128 -128 -128 11.73956 11.96528 12.1373 12.20282 12.26371 12.47114 12.57294 12.70111 13.1812 13.02388 12.79858 12.87675 11.95039 11.48996 12.06575 13.0634 14.27065 13.15311 11.81738 10.6927 12.36733 12.50154 11.9811 10.38197 8.884047 7.056564 5.088132 3.129591 1.583299 3.71941 5.130765 3.873262 2.48595 0.91462 -1.247157 -3.698559 -7.290092 -6.139299 -5.298386 -5.455824 -5.848948 -128 -128 -128 -128 -128 -128 -128 -128 -128 -128 -128 -128 -128 -128 -128 -128 -128 -128 -128 -128
