formato/VCI/bioclim_5.asc
ncols         186
nrows         781
xllcorner     -75.7
yllcorner     -56.55
cellsize      0.05
NODATA_value  -9999
[rows 612 to 645 of 781, columns 0 to 76 of 186]
-128 -128 -128 13.92007 13.73606 13.74561 13.85769 14.31653 14.81007 15.09203 15.36686 15.26773 15.54864 15.58324 15.76499 15.85651 15.93172 15.82793 16.19588 16.32931 16.31974 16.4339 16.27852 16.10493 15.80579 15.29916 14.84605 14.86285 15.00119 15.07 14.87293 14.81069 14.85416 14.23625 14.23797 14.70601 15.36789 15.08542 15.68858 15.97229 15.9437 16.18926 16.34484 16.24219 16.13543 15.23369 14.88661 15.1453 15.15417 15.63704 14.37627 15.62487 14.59579 13.72481 14.27601 14.56155 14.15857 14.31379 14.18495 14.16133 13.30314 13.06076 13.42596 14.34888 14.7821 14.59087 14.38817 13.97161 -128 -128 -128 -128 -128 -128 -128 -128 -128
-128 -128 -128 13.96094 13.95285 13.79458 14.06969 14.42643 14.91023 15.40685 15.6843 15.52563 15.65763 15.22183 15.088 15.45918 15.60292 15.85632 15.92716 15.98908 16.08745 16.28605 16.19513 15.69017 15.54402 15.56809 15.19791 14.98695 14.8827 15.38749 15.12479 14.74783 14.54488 14.75346 14.20093 14.66576 14.90309 14.4611 15.02415 15.42358 14.5085 14.91454 15.68582 15.65657 15.53995 15.3227 15.32796 15.3596 14.97398 14.04093 14.38149 14.73928 14.78417 13.43929 13.34981 13.89032 13.23246 13.54173 14.27018 13.89766 13.49982 13.436 13.44161 13.28241 13.8452 14.54629 15.07735 15.08805 -128 -128 -128 -128 -128 -128 -128 -128 -128
-128 -128 -128 13.95636 14.11897 14.16241 14.30729 14.68665 15.14649 15.71081 15.87132 15.77948 15.75624 15.27576 15.36924 15.19901 15.5018 15.54485 15.70761 15.84894 15.86612 16.09938 16.09163 15.3008 15.55386 15.14094 15.29025 15.54218 15.46651 15.48023 14.84886 15.08055 14.50226 14.62531 14.15126 14.30481 14.62774 14.39682 14.36085 15.02975 14.14991 14.7474 15.20169 14.96728 14.91382 14.59177 14.10161 14.89421 14.638 14.13316 14.4588 13.43119 13.96262 13.33386 12.68426 13.24086 12.62972 13.35232 13.03537 14.10099 14.5064 13.87211 14.38217 13.68067 13.94173 13.8111 14.48108 15.70937 15.95847 -128 -128 -128 -128 -128 -128 -128 -128
-128 -128 -128 13.92676 14.12353 14.02716 14.25229 14.79646 15.24375 15.54377 15.80798 16.02915 15.50338 15.36802 15.19282 14.83169 14.90004 15.37841 15.67858 15.38905 15.26729 15.91065 15.93886 15.74483 15.18014 14.75299 15.05363 15.3368 15.45965 15.5243 14.82545 14.58038 14.79213 14.89956 14.57078 14.25646 14.91546 14.21228 13.80482 14.08031 13.77383 14.48298 13.4773 13.85106 14.06139 13.63323 13.00388 14.09754 13.57419 13.11372 14.03298 13.11189 12.81619 13.72994 12.95438 12.69965 12.75962 13.77164 13.34286 13.06491 15.00019 14.94884 15.08489 15.03666 15.19313 14.93386 14.76382 15.58524 15.69001 16.08588 -128 -128 -128 -128 -128 -128 -128
-128 -128 13.80518 13.89632 14.08557 14.29738 14.48674 14.81104 15.10333 15.39354 15.5734 15.74776 15.71449 15.36356 14.80664 14.57609 14.74666 15.14161 15.50482 15.28149 14.76439 15.3967 15.59999 15.61619 15.15031 14.95311 15.06314 14.54508 14.90561 15.28366 15.20039 15.12867 15.06805 14.97723 14.79965 15.02436 14.4645 13.64839 13.22982 12.54405 13.34116 12.31252 11.97909 12.31678 12.86071 11.96733 12.28546 12.89032 13.388 12.98256 12.46712 12.55819 12.86156 13.7187 13.55171 12.91971 13.34641 13.95906 13.21641 13.26064 14.51587 15.22094 15.11895 15.1273 15.29603 14.55021 14.44723 14.66885 15.69486 16.194 -128 -128 -128 -128 -128 -128 -128
-128 -128 13.77245 13.84641 13.96156 13.856 14.18333 14.70121 15.18938 15.08542 15.31949 15.59859 15.70719 15.48876 14.93851 14.76764 14.94624 15.42121 15.47472 15.28272 14.45053 15.14139 15.32338 15.38516 15.33039 14.8443 14.66561 14.80062 14.5225 14.9425 14.92468 15.04182 15.31649 15.11594 14.65879 14.70154 14.08123 13.73427 13.31808 12.4892 11.13728 9.832239 9.813016 10.94967 11.02834 10.49112 11.09625 11.78098 12.03579 11.19956 11.76717 12.10568 12.12138 12.39629 13.40695 13.38536 14.06885 13.4637 13.13063 13.26273 14.79583 15.42926 15.55168 15.46801 14.71671 13.99703 13.91542 14.06992 14.96923 16.27101 -128 -128 -128 -128 -128 -128 -128
-128 13.65965 13.73072 13.77844 13.93524 14.12416 14.34855 14.68869 15.02912 15.14378 15.24568 15.49248 15.38038 15.64036 14.95644 15.21043 14.92904 15.20542 15.31311 15.57352 15.39325 15.3234 15.35195 15.23339 15.14109 14.35331 14.68881 14.7776 14.67398 14.60706 14.67684 14.92347 14.29651 14.99325 15.45017 14.92669 14.61141 13.8361 12.78297 11.2798 10.36481 9.485909 9.692355 9.623362 9.17211 8.387836 8.421738 9.687445 10.42311 10.23808 10.73196 10.32991 11.40822 12.73989 13.0774 13.31376 14.08266 13.86305 13.66339 12.91563 13.49141 15.40669 15.44764 15.00991 13.61211 13.07738 12.90167 -128 -128 -128 -128 -128 -128 -128 -128 -128 -128
-128 13.62191 13.66928 13.6741 13.57749 13.86296 14.06329 14.44476 14.74402 14.5755 14.96396 15.23782 15.31678 15.50177 15.52335 14.81714 14.5272 14.61014 15.26651 15.46459 15.19469 14.39341 14.87298 -128 14.94447 14.82925 14.08793 13.68308 13.84135 14.45583 14.45898 14.85662 15.08704 15.01129 14.94646 13.5566 13.65365 12.65534 11.37028 9.71868 8.717727 8.101639 8.245742 8.10526 7.185944 6.738429 6.928781 6.942078 8.379833 9.079476 8.989908 8.905336 10.5184 12.25729 11.91761 12.48431 12.93873 13.88385 14.42185 13.57089 14.6173 15.01863 15.30001 14.09619 13.68103 12.86084 11.73532 -128 -128 -128 -128 -128 -128 -128 -128 -128 -128
-128 13.58787 13.63581 13.52694 13.39223 13.67483 14.02759 14.35809 14.73643 14.87059 14.61074 14.86396 14.91129 15.45228 15.56297 14.81472 14.82537 14.41574 15.07735 15.08837 14.39807 13.99905 14.84468 14.95062 -128 14.86297 14.6953 14.35325 14.35187 13.71974 13.81302 14.03129 14.78279 15.46185 15.09768 13.79099 12.42984 11.6416 10.83641 9.653567 8.023902 7.149882 7.061179 6.75773 6.315586 6.368183 6.213424 6.329234 6.966826 6.626106 6.779643 8.491476 10.30787 10.85403 11.63025 12.58517 12.43004 13.92353 14.54385 14.03035 13.83887 14.06782 15.26397 13.76638 12.65188 12.57679 -128 -128 -128 -128 -128 -128 -128 -128 -128 -128 -128
-128 13.55735 13.59012 13.25547 13.47133 13.63494 13.89963 14.22212 14.70575 15.00417 14.92772 14.78609 14.86125 15.31496 15.66635 15.33869 15.04012 14.92908 15.07642 14.86855 14.71613 14.02769 14.37712 14.71583 14.77939 14.87236 14.86061 14.19139 13.02594 12.84791 13.27357 13.36896 13.87596 14.91182 15.16432 14.88568 13.85235 12.46358 11.56912 9.408817 7.962742 6.890867 6.694185 6.438207 6.222776 6.214398 6.061762 6.591868 7.141485 8.036139 7.841264 8.606525 10.31244 11.39753 11.69411 12.79932 12.45184 14.1408 14.91243 13.23572 13.8897 13.68944 15.36725 -128 -128 -128 -128 -128 -128 -128 -128 -128 -128 -128 -128 -128 -128
-128 13.52228 13.59719 13.39776 13.45101 13.81499 13.92281 14.19616 14.82138 15.09264 14.8482 14.87956 15.25576 15.55894 15.73118 15.73539 15.3673 15.37338 15.20438 15.01803 15.12806 14.17177 13.77101 14.22765 14.47869 14.89863 14.97249 14.31886 13.30041 13.47956 13.68219 13.2135 13.67691 14.81412 14.66906 13.80561 14.11706 12.78699 10.80325 8.797832 7.543893 6.845238 6.511385 6.128086 5.954205 5.970499 5.913531 6.361287 7.848118 9.302711 9.080344 10.98693 10.21045 11.42631 13.24862 12.07959 12.52329 14.13989 15.31856 13.72211 13.68764 14.73951 14.74527 14.86113 -128 -128 -128 -128 -128 -128 -128 -128 -128 -128 -128 -128 -128
13.36706 13.50677 13.55209 13.3882 13.48959 13.65805 13.81107 14.46547 14.95061 15.22751 15.14303 15.27136 15.34692 15.35613 15.69264 15.59634 15.19706 15.28072 15.51809 14.99231 14.94753 14.77116 14.51901 13.96289 14.49827 14.78138 -128 14.57302 14.13527 13.5773 13.43623 13.59072 13.86024 13.99338 15.03108 14.48125 13.96523 12.31325 11.06624 9.395281 8.106736 7.363132 6.973739 6.586565 6.411203 6.350902 6.071979 6.372073 7.979414 10.08329 10.16816 12.12678 12.49305 12.69819 13.67951 12.42628 12.74596 14.78352 15.73656 13.82511 13.55243 14.45632 15.21091 15.79709 -128 -128 -128 -128 -128 -128 -128 -128 -128 -128 -128 -128 -128
-128 13.48905 13.53483 13.32053 13.26494 13.70143 14.20692 14.63165 15.04689 15.31931 15.20477 15.07955 15.20013 15.54428 15.65879 15.48283 15.49886 15.20807 15.37889 14.67304 14.09646 14.30873 14.5448 14.10291 14.19105 -128 14.68575 14.39813 14.03345 13.32077 13.46505 13.83649 14.73382 15.1344 15.01847 14.12463 13.10565 11.86028 10.87174 9.395501 8.591431 7.837739 7.467113 6.982806 6.603968 6.130054 6.679216 7.46106 7.613682 9.885913 11.83842 10.71093 11.79939 13.11397 14.44506 14.7759 14.33537 15.28543 16.11158 14.63647 14.15147 14.46323 15.51079 16.58985 -128 -128 -128 -128 -128 -128 -128 -128 -128 -128 -128 -128 -128
-128 13.50798 13.57852 13.48995 13.71006 13.85604 13.9867 14.63913 15.04961 15.01994 15.14426 14.91314 15.028 15.62774 15.57686 15.60119 15.11592 14.81327 15.25401 14.03886 14.14346 13.61123 14.18443 13.486 14.26117 14.50322 14.21074 13.56856 13.77793 13.63008 13.18079 12.95461 13.268 13.88349 13.8156 13.3389 12.62597 11.52591 10.56755 9.547174 8.800628 7.945167 7.51894 7.276627 6.98947 6.748113 7.440456 8.285406 8.900641 8.915243 9.554037 10.35498 11.66088 12.71766 13.96991 15.347 15.61892 16.12786 16.25134 15.34519 13.91617 14.49295 15.79857 17.32803 -128 -128 -128 -128 -128 -128 -128 -128 -128 -128 -128 -128 -128
13.40137 13.56792 13.63429 13.60961 13.74268 13.98258 13.9717 14.36686 14.63788 14.80702 14.98904 14.92504 15.22454 15.59733 15.1604 15.24653 15.4898 15.12904 14.98571 14.59364 14.30733 13.71328 13.94992 13.45119 14.19402 14.53435 13.47023 13.36098 12.98227 13.50968 14.04609 13.56806 13.32748 13.95658 13.67375 13.03269 12.33314 11.38026 10.51759 9.607938 8.790522 7.982274 7.528626 7.187673 7.30582 7.62358 7.97997 8.721903 9.261712 9.506227 9.655088 10.88348 12.32569 14.05004 14.88614 15.55875 15.91205 15.72576 16.07379 16.41626 15.98581 16.11341 17.32147 17.05182 -128 -128 -128 -128 -128 -128 -128 -128 -128 -128 -128 -128 -128
13.44193 13.61442 13.54839 13.40042 13.58362 13.54848 13.78742 14.02579 14.3476 14.99214 14.88928 15.10167 15.31609 15.6497 15.6398 15.40973 15.12621 14.75886 14.36699 13.88633 13.74776 13.58314 13.3424 13.53361 14.13413 14.54734 14.21001 13.48832 12.75106 13.40156 13.63519 14.0669 13.89953 13.67665 13.23783 12.91837 12.26006 11.23391 10.42357 9.651972 8.853997 8.087367 7.873971 7.613882 7.665668 8.013965 8.421294 9.243677 10.03776 11.18765 11.37717 11.93134 13.9814 14.6753 15.12599 15.52965 14.33695 14.33388 15.75648 16.48464 16.83935 17.18324 -128 -128 -128 -128 -128 -128 -128 -128 -128 -128 -128 -128 -128 -128 -128
13.4874 13.67612 13.31753 13.53287 13.47063 13.75809 13.82268 14.2689 14.66223 14.59225 14.78592 15.14009 15.38518 15.60015 15.72424 15.35665 14.77687 14.58268 14.91284 14.14951 13.33493 13.22839 13.18622 13.40649 13.7447 14.44514 14.73266 14.27721 13.78516 13.81887 13.65406 13.67025 13.63142 13.07992 13.13081 13.35296 12.85996 11.81221 10.47197 9.427589 8.547983 7.850366 7.694837 7.444717 7.450148 7.659095 8.161044 9.014032 9.709417 10.59306 11.94258 13.24037 12.95858 13.49601 15.16599 13.43845 13.5321 14.34799 14.72939 15.44689 -128 -128 -128 -128 -128 -128 -128 -128 -128 -128 -128 -128 -128 -128 -128 -128 -128
13.52624 13.66321 13.81501 13.94578 13.68013 13.45439 14.06889 14.17075 14.6067 14.65629 15.01887 15.28869 15.46153 15.51957 15.5242 15.49779 15.26785 15.18394 14.45662 13.55354 13.18394 13.53891 13.56187 12.98375 13.09038 14.5383 14.72782 14.34908 13.49254 13.13216 13.2241 13.53561 14.12241 13.10037 12.97153 13.45784 13.45169 11.89706 10.76726 9.601145 9.035477 7.830009 7.427881 6.950437 6.302624 7.455609 7.820787 8.625373 8.56274 9.161188 11.55738 12.42239 12.45257 14.3019 14.05894 -128 14.23091 14.44182 13.71194 -128 -128 -128 -128 -128 -128 -128 -128 -128 -128 -128 -128 -128 -128 -128 -128 -128 -128
13.50601 13.63307 13.54057 13.65709 13.70255 14.0349 13.99218 14.25411 14.68829 14.45695 15.01653 15.30915 15.07327 15.34146 15.32169 15.08002 15.09686 14.64981 14.46885 13.90409 13.4158 13.14857 13.08227 13.76538 13.91184 14.46911 14.50317 14.39362 14.07594 13.40011 12.90536 13.13468 13.51391 14.14462 14.01356 13.73019 12.88916 12.54168 11.30755 10.81239 10.45377 8.475581 6.840841 4.772373 4.937634 7.005472 7.659846 8.39962 8.488824 9.560721 10.4255 11.70547 13.33533 12.99336 12.70352 -128 -128 -128 -128 -128 -128 -128 -128 -128 -128 -128 -128 -128 -128 -128 -128 -128 -128 -128 -128 -128 -128
13.47116 13.62198 13.73358 13.70474 13.82272 13.45763 13.55324 13.88637 14.03563 14.84387 14.87333 14.50333 14.81492 14.44211 14.5793 14.58845 14.48032 14.98853 14.29782 13.92514 12.97211 12.68512 13.29648 12.36148 13.58415 14.60709 14.88521 14.12877 13.53646 13.28166 13.52964 13.03926 13.00083 13.63974 14.16612 13.00487 12.23067 11.78873 11.11398 11.20597 9.741299 8.090708 7.284702 6.302634 5.11251 6.818261 7.404852 8.066347 8.03326 9.646683 10.79333 11.52213 11.6393 11.83341 -128 -128 -128 -128 -128 -128 -128 -128 -128 -128 -128 -128 -128 -128 -128 -128 -128 -128 -128 -128 -128 -128 -128
13.41946 13.5352 13.49417 13.40016 13.34349 13.22339 13.67279 14.10064 14.38445 14.72547 14.65273 14.80114 14.61034 14.61811 14.10281 14.09368 14.23681 14.97828 14.16233 13.38119 12.94809 12.50409 13.08736 13.15294 13.6528 14.68769 15.01548 13.44149 13.39546 13.32792 13.82745 13.66134 12.68303 13.07983 13.7829 12.97194 12.73099 11.90837 11.15567 10.63621 8.920418 8.315059 7.956535 7.233267 6.440975 6.748004 7.18487 7.982114 8.734756 9.392903 10.55503 10.35631 9.561283 -128 -128 -128 -128 -128 -128 -128 -128 -128 -128 -128 -128 -128 -128 -128 -128 -128 -128 -128 -128 -128 -128 -128 -128
13.379 13.47194 13.50079 12.887 12.9295 13.62789 13.81325 14.10436 14.27371 14.44149 14.43867 14.89535 15.0771 15.01065 14.35307 14.03625 14.2325 14.1895 14.01673 13.19445 12.98685 12.78715 13.10708 12.80997 13.29051 14.49435 15.04857 14.31532 14.34252 13.79652 13.52628 14.43197 12.97125 13.51467 13.81104 13.19972 12.51285 11.69939 10.66573 9.451561 8.901315 8.441438 8.104336 7.734469 7.333963 6.497149 7.055644 8.206195 9.041907 9.838488 10.52386 10.74712 -128 -128 -128 -128 -128 -128 -128 -128 -128 -128 -128 -128 -128 -128 -128 -128 -128 -128 -128 -128 -128 -128 -128 -128 -128
13.34514 13.4109 13.41988 13.31264 13.26395 13.59558 13.76241 13.94125 14.01274 14.22752 14.13264 14.38717 14.70344 15.04396 14.88821 14.06954 14.15018 14.20139 13.78683 13.95068 13.23435 13.13242 12.86643 13.10139 13.11344 14.20699 15.02784 13.52427 13.79466 13.94277 14.22604 14.87587 14.49502 14.70884 14.12108 12.78069 12.52391 11.4785 10.51212 9.725024 9.067567 8.571093 8.017634 7.261802 6.838812 6.950912 7.271115 8.232593 9.32061 10.17971 10.58092 11.43131 -128 -128 -128 -128 -128 -128 -128 -128 -128 -128 -128 -128 -128 -128 -128 -128 -128 -128 -128 -128 -128 -128 -128 -128 -128
-128 -128 -128 -128 13.42205 13.26876 13.37816 13.71485 13.24461 13.93911 14.34836 14.61312 14.58581 14.19003 14.43336 14.65819 14.52905 13.32359 13.7606 13.3616 13.06295 13.68672 13.71413 12.68388 12.77465 14.15131 14.95822 14.12884 13.36501 13.21901 13.68428 14.44145 14.98838 14.48854 14.26041 13.64702 12.41399 11.48506 10.04319 9.411278 8.994518 8.562624 7.879979 5.880737 4.986063 5.58517 5.775312 7.515437 9.508945 10.3787 10.92504 10.90583 11.60839 12.18219 -128 -128 -128 -128 -128 -128 -128 -128 -128 -128 -128 -128 -128 -128 -128 -128 -128 -128 -128 -128 -128 -128 -128
13.29369 13.35009 13.3414 13.3321 13.38572 13.23449 13.14247 13.12697 13.59427 13.67841 13.95035 14.30075 14.15546 13.892 13.56817 14.02471 14.59259 14.09363 14.24687 13.40154 13.0098 13.39182 14.0187 13.26677 12.60104 14.37191 14.96642 14.14702 12.93013 13.55229 13.03262 14.6558 15.04637 14.10184 13.56911 13.97787 13.54918 12.30657 11.65972 9.583437 8.888874 8.460271 7.878578 6.689795 5.458743 4.119091 5.643276 8.178522 9.640635 10.45038 11.02843 10.49422 11.12047 -128 -128 -128 -128 -128 -128 -128 -128 -128 -128 -128 -128 -128 -128 -128 -128 -128 -128 -128 -128 -128 -128 -128 -128
13.27108 -128 13.3173 13.30186 13.34071 13.30528 12.56687 12.78042 13.24442 13.52908 13.76297 13.86764 13.45336 13.31819 13.91556 13.89255 14.34908 13.89779 14.39348 14.13661 13.91268 13.11368 13.24345 14.10701 13.39837 14.61805 14.38619 13.24396 13.95851 13.13756 13.73633 14.99727 14.96279 13.27148 12.97525 13.0608 12.92021 12.46381 12.1377 9.987893 8.775105 8.359944 7.871531 6.353604 5.425976 5.183108 7.358044 8.615664 9.829981 10.59518 11.17282 10.90563 -128 -128 -128 -128 -128 -128 -128 -128 -128 -128 -128 -128 -128 -128 -128 -128 -128 -128 -128 -128 -128 -128 -128 -128 -128
-128 -128 13.27895 13.25837 13.28927 13.3001 13.01917 13.14299 12.77463 13.47988 13.59702 12.97023 13.578 13.65617 13.87621 14.46178 14.5585 13.63116 13.6894 14.53759 13.94022 13.97792 13.55236 13.60845 13.58859 14.5694 14.62371 14.4018 13.70652 13.23205 14.01471 15.16938 14.93167 13.48234 13.0225 12.58499 12.68022 12.0274 11.57536 10.7359 8.852944 8.375666 7.965135 6.511634 5.129806 7.023726 8.063512 8.990716 10.19843 10.88866 11.56755 -128 -128 -128 -128 -128 -128 -128 -128 -128 -128 -128 -128 -128 -128 -128 -128 -128 -128 -128 -128 -128 -128 -128 -128 -128 -128
-128 -128 13.24158 13.22669 13.26311 13.38686 13.28498 13.25747 12.88725 13.25592 13.07424 13.28839 12.97677 13.81064 14.11464 14.26377 13.97602 13.94367 14.44493 13.75538 12.90219 13.32456 13.23457 13.3941 13.57597 14.26332 13.41331 14.26194 14.7015 13.41157 13.96934 15.18411 14.9928 13.99019 13.31959 13.36825 12.72991 11.79756 10.9097 10.26609 8.815736 8.376517 7.950315 6.578554 6.19637 7.60358 8.345038 9.349818 10.18264 10.94812 -128 -128 -128 -128 -128 -128 -128 -128 -128 -128 -128 -128 -128 -128 -128 -128 -128 -128 -128 -128 -128 -128 -128 -128 -128 -128 -128
-128 -128 -128 -128 13.27287 13.34355 13.39359 13.40077 13.50257 13.44723 13.00129 13.0165 13.18549 13.40924 14.10317 14.18057 14.54915 13.67815 13.12559 13.65811 12.87097 12.50555 12.75327 13.70663 14.23396 14.39083 14.06779 13.69229 14.31845 14.6422 14.2374 15.14445 15.08542 14.7559 14.4162 14.55159 13.97812 13.43906 12.42454 11.33637 8.819427 7.242444 6.451585 6.743073 7.380085 7.649731 8.273571 9.2194 9.59603 9.95876 -128 -128 -128 -128 -128 -128 -128 -128 -128 -128 -128 -128 -128 -128 -128 -128 -128 -128 -128 -128 -128 -128 -128 -128 -128 -128 -128
-128 -128 13.22675 13.23746 13.2706 13.3243 13.34997 13.19317 13.25842 12.94866 12.74263 12.6561 12.74961 13.92158 14.35236 14.61861 14.46442 13.59791 13.64956 13.56939 12.57355 11.99725 12.25289 12.84137 13.14757 14.46046 13.11423 13.81951 14.09011 14.79839 14.62111 14.76018 14.21314 13.50958 14.50422 14.03661 14.54158 13.41195 11.30834 10.36716 8.243711 8.590702 7.532848 7.655201 7.791556 8.121464 8.373857 9.097289 9.526292 -128 -128 -128 -128 -128 -128 -128 -128 -128 -128 -128 -128 -128 -128 -128 -128 -128 -128 -128 -128 -128 -128 -128 -128 -128 -128 -128 -128
-128 13.2073 13.22499 13.17394 13.05804 13.09377 12.97883 13.00632 13.21309 13.20831 12.89367 12.7465 13.27286 13.61528 14.15986 14.33076 13.98758 13.53389 13.99425 13.74135 13.64991 12.62425 12.79534 13.67468 13.63788 14.28211 14.20133 14.72324 14.13595 13.77012 14.01429 13.78434 13.73292 14.24494 14.13703 13.45984 14.39661 13.68253 11.94181 11.70834 8.918335 9.471831 9.424124 7.83328 7.489881 8.172331 8.619031 9.228838 -128 -128 -128 -128 -128 -128 -128 -128 -128 -128 -128 -128 -128 -128 -128 -128 -128 -128 -128 -128 -128 -128 -128 -128 -128 -128 -128 -128 -128
-128 13.20287 13.19941 12.86363 12.85012 12.84458 12.77307 12.60009 13.18802 13.24936 13.17412 13.13123 12.91173 13.30289 14.01902 14.33334 13.51919 13.51881 13.17444 12.94238 12.00289 12.37556 12.92329 13.50616 12.92064 13.27213 14.6262 14.6146 13.23904 12.93242 13.23953 13.4031 13.24395 14.41806 13.52773 12.55765 13.36602 12.88285 13.06404 11.98823 10.32955 9.921237 8.473986 6.797739 7.165487 8.40497 8.866756 9.482978 -128 -128 -128 -128 -128 -128 -128 -128 -128 -128 -128 -128 -128 -128 -128 -128 -128 -128 -128 -128 -128 -128 -128 -128 -128 -128 -128 -128 -128
-128 13.19955 13.21081 13.23777 13.14661 12.70716 12.88982 12.63015 12.75251 13.23811 12.63124 12.5216 12.92311 13.67755 13.95231 14.23622 13.9055 13.62857 13.73673 13.43573 12.37561 12.31097 13.05769 13.32726 13.51182 12.84914 14.41691 14.52175 13.40671 13.73949 14.08818 13.92317 13.55389 13.96997 13.61017 13.09464 12.25414 11.71864 11.92068 10.85644 11.56213 9.526999 8.1653 7.100357 7.224152 7.965361 8.813276 -128 -128 -128 -128 -128 -128 -128 -128 -128 -128 -128 -128 -128 -128 -128 -128 -128 -128 -128 -128 -128 -128 -128 -128 -128 -128 -128 -128 -128 -128
-128 13.1835 13.0161 12.9697 13.28635 13.29118 13.27351 12.80703 12.61283 12.82763 13.26654 12.94035 12.90174 13.74085 13.90958 14.13103 13.63723 13.42354 13.86055 13.17838 12.49924 12.81613 12.57047 12.85392 13.05727 13.88043 14.50249 14.48229 14.27425 13.63152 12.98305 13.66399 13.24816 13.79588 13.40322 13.02491 11.79023 10.97637 10.57357 9.746928 11.02484 8.059381 7.569313 7.507891 6.811805 7.636677 -128 -128 -128 -128 -128 -128 -128 -128 -128 -128 -128 -128 -128 -128 -128 -128 -128 -128 -128 -128 -128 -128 -128 -128 -128 -128 -128 -128 -128 -128 -128
