formato/VCI/bioclim_12.asc
ncols         186
nrows         781
xllcorner     -75.7
yllcorner     -56.55
cellsize      0.05
NODATA_value  -9999
[rows 68 to 101 of 781, columns 77 to 153 of 186]
-128 -128 -128 -128 -128 -128 -128 -128 -128 -128 -128 -128 -128 -128 -128 -128 -128 -128 -128 -128 -128 -128 -128 -128 -128 -128 -128 -128 -128 -128 -128 -128 -128 -128 174.7362 127.5656 169.1343 181.5521 188.0452 174.6304 163.5323 174.0444 195.2988 204.126 211.2875 222.4383 232.0774 235.5769 233.8339 224.728 219.3282 215.116 207.2784 196.4747 182.8268 165.981 146.9131 110.4109 84.45723 77.15565 48.56905 30.27994 13.00178 23.49043 44.35531 39.0478 13.93733 -0.7778342 -12.27255 -128 -128 -128 -128 -128 -128 -128 -128
-128 -128 -128 -128 -128 -128 -128 -128 -128 -128 -128 -128 -128 -128 -128 -128 -128 -128 -128 -128 -128 -128 -128 -128 -128 -128 -128 -128 -128 -128 -128 -128 -128 203.8441 168.7843 145.7599 163.4364 181.3984 186.1963 179.948 170.6849 171.2345 193.9223 209.1264 208.8298 214.6995 226.2586 233.163 233.2207 223.4546 219.8234 215.5454 208.1574 198.9815 180.2107 159.4334 135.0917 109.1081 71.89042 56.87118 41.73185 27.23958 12.60463 8.438537 40.35282 49.3989 32.5611 -1.822535 8.339981 50.08177 -128 -128 -128 -128 -128 -128 -128
-128 -128 -128 -128 -128 -128 -128 -128 -128 -128 -128 -128 -128 -128 -128 -128 -128 -128 -128 -128 -128 -128 -128 -128 -128 -128 -128 -128 -128 -128 -128 -128 -128 192.6596 153.9722 152.2325 152.4041 174.6236 164.327 164.4357 173.9023 173.6218 189.9135 207.0208 212.7285 215.9491 222.7349 232.9459 231.9672 226.0311 224.1178 218.6924 211.5872 201.7376 186.9067 162.522 143.46 113.3216 81.49449 54.37708 41.46825 16.63497 3.093884 -2.666094 35.98464 45.74524 42.90956 37.29463 39.13701 63.5147 89.69937 -128 -128 -128 -128 -128 -128
-128 -128 -128 -128 -128 -128 -128 -128 -128 -128 -128 -128 -128 -128 -128 -128 -128 -128 -128 -128 -128 -128 -128 -128 -128 -128 -128 -128 -128 -128 -128 -128 -128 201.9092 179.8455 150.2055 145.6702 171.4648 169.0592 175.1773 177.7448 179.0019 184.249 198.685 214.455 224.8375 229.3174 234.7414 234.266 229.6346 225.2906 218.9656 210.5573 199.5398 188.8327 175.3221 156.6489 136.7426 119.8504 86.18063 58.93473 36.68254 21.47392 25.08382 53.24281 52.16558 32.28272 45.44531 37.98395 64.05775 77.10384 81.71322 -128 -128 -128 -128 -128
-128 -128 -128 -128 -128 -128 -128 -128 -128 -128 -128 -128 -128 -128 -128 -128 -128 -128 -128 -128 -128 -128 -128 -128 -128 -128 -128 -128 -128 -128 -128 -128 -128 -128 193.3752 151.4292 154.9097 169.4734 165.4413 162.0016 163.8025 184.2431 195.4275 209.0218 219.3768 225.2136 231.0883 234.1348 232.9844 228.6516 225.4565 220.9947 214.9991 199.5388 186.1714 176.6792 164.5132 140.8908 120.4841 67.81748 57.26438 38.20805 23.24199 44.55258 64.86674 53.83181 37.76374 15.00624 0.3398108 45.56623 69.35229 77.19132 -128 -128 -128 -128 -128
-128 -128 -128 -128 -128 -128 -128 -128 -128 -128 -128 -128 -128 -128 -128 -128 -128 -128 -128 -128 -128 -128 -128 -128 -128 -128 -128 -128 -128 -128 -128 -128 -128 -128 205.4811 172.5719 151.3506 165.6438 167.6235 166.2939 179.6006 194.4866 205.9252 214.1838 219.179 225.5441 231.0838 234.5444 235.1692 230.0851 225.8437 222.2524 216.3005 206.4924 193.1074 183.5114 170.4199 151.5337 117.1419 71.8895 57.54058 37.13074 43.24427 60.22161 32.98825 5.76931 3.624174 -16.2898 -7.18993 43.95637 74.99316 92.91296 94.10484 -128 -128 -128 -128
-128 -128 -128 -128 -128 -128 -128 -128 -128 -128 -128 -128 -128 -128 -128 -128 -128 -128 -128 -128 -128 -128 -128 -128 -128 -128 -128 -128 -128 -128 -128 -128 -128 -128 -128 171.0546 142.9265 160.7674 170.3698 178.6833 188.4402 194.6356 202.585 210.85 217.5362 224.1999 231.5191 235.5022 234.7128 231.159 227.4719 223.0071 217.7921 210.3652 198.8702 188.3525 176.961 158.9445 129.5202 92.48888 58.05757 35.09214 50.52687 65.85312 37.46988 -18.99555 -30.61372 -67.58958 -14.5923 49.61614 83.15507 95.26759 93.394 -128 -128 -128 -128
-128 -128 -128 -128 -128 -128 -128 -128 -128 -128 -128 -128 -128 -128 -128 -128 -128 -128 -128 -128 -128 -128 -128 -128 -128 -128 -128 -128 -128 -128 -128 -128 -128 -128 -128 191.6506 135.0497 144.2016 155.5455 167.232 178.0694 191.4319 200.3062 209.2183 216.4796 221.2387 230.1541 235.2325 234.0741 230.9849 229.6526 226.2979 221.0973 212.9499 199.3831 186.069 169.2786 139.6555 115.3931 76.40323 48.03769 45.97869 61.80168 70.77698 51.45729 17.13774 0.5447083 -9.541063 4.582183 49.79486 89.04301 90.20248 64.92835 40.43863 -128 -128 -128
-128 -128 -128 -128 -128 -128 -128 -128 -128 -128 -128 -128 -128 -128 -128 -128 -128 -128 -128 -128 -128 -128 -128 -128 -128 -128 -128 -128 -128 -128 -128 -128 -128 -128 -128 208.6897 148.468 144.4148 150.4317 171.9291 179.8484 187.6372 204.003 211.4061 219.2174 223.3733 235.1659 237.002 235.829 233.5305 232.2578 229.6102 225.546 217.0586 203.1011 188.8896 166.3039 125.4524 109.6636 79.58125 43.43613 46.52405 66.27747 75.40709 70.49081 58.71584 33.04879 10.30212 41.02194 66.54933 91.28896 85.29146 55.07492 12.40617 -128 -128 -128
-128 -128 -128 -128 -128 -128 -128 -128 -128 -128 -128 -128 -128 -128 -128 -128 -128 -128 -128 -128 -128 -128 -128 -128 -128 -128 -128 -128 -128 -128 -128 -128 -128 -128 -128 201.3992 152.5109 147.2668 157.3798 174.7272 177.5148 197.6886 213.8591 218.239 224.756 229.9841 236.4363 240.5368 235.9423 232.8949 234.9889 231.2348 226.6395 218.8662 204.8476 192.8744 167.0132 130.0113 109.2737 82.58253 49.69471 46.03066 66.9288 81.50267 80.28587 61.52945 16.68463 32.42769 78.97824 87.37577 92.11507 57.76229 66.85195 71.4602 -128 -128 -128
-128 -128 -128 -128 -128 -128 -128 -128 -128 -128 -128 -128 -128 -128 -128 -128 -128 -128 -128 -128 -128 -128 -128 -128 -128 -128 -128 -128 -128 -128 -128 -128 -128 -128 -128 216.9657 186.3565 179.6777 184.9615 190.2273 191.6829 207.3749 216.5495 220.3117 223.7421 228.0241 236.3837 241.1295 234.6192 233.1821 235.6498 232.5278 226.8939 218.4887 203.1621 186.6236 162.9536 122.1799 99.15585 69.97492 52.00938 54.00766 73.4499 87.64491 85.36826 64.05294 9.558961 22.9004 75.29832 80.01643 63.72386 82.40231 84.13509 76.76902 -128 -128 -128
-128 -128 -128 -128 -128 -128 -128 -128 -128 -128 -128 -128 -128 -128 -128 -128 -128 -128 -128 -128 -128 -128 -128 -128 -128 -128 -128 -128 -128 -128 -128 -128 -128 -128 -128 208.2209 157.7829 167.7976 176.852 186.0475 191.453 199.2526 210.9397 220.2335 221.9618 227.7471 237.1732 240.7066 235.323 233.233 236.8912 236.6779 229.0273 215.5978 200.8 186.1748 152.136 115.8599 99.72971 71.69135 51.84129 58.32462 79.06258 94.83218 85.95654 69.71188 46.41298 51.43965 72.53789 81.9304 84.54284 88.36842 83.96368 60.67169 -128 -128 -128
-128 -128 -128 -128 -128 -128 -128 -128 -128 -128 -128 -128 -128 -128 -128 -128 -128 -128 -128 -128 -128 -128 -128 -128 -128 -128 -128 -128 -128 -128 -128 -128 -128 -128 -128 203.7145 142.6559 148.3098 166.176 179.9788 184.0706 190.8526 198.9766 214.2641 225.1517 229.9562 237.2296 241.5031 237.5147 235.1208 238.543 238.8815 232.5418 218.0064 199.0645 171.8114 136.0987 127.7524 103.2579 75.59185 53.17889 58.99934 84.69775 100.5262 86.9673 43.07228 -23.07936 23.19425 63.7056 83.02885 81.58623 86.26646 77.27692 51.95143 -128 -128 -128
-128 -128 -128 -128 -128 -128 -128 -128 -128 -128 -128 -128 -128 -128 -128 -128 -128 -128 -128 -128 -128 -128 -128 -128 -128 -128 -128 -128 -128 -128 -128 -128 -128 -128 -128 168.743 133.0009 152.3386 171.9973 176.7708 180.4368 188.6582 192.469 213.4438 226.289 235.1292 239.2695 242.7025 242.7192 238.2892 239.4758 238.5777 232.3427 219.2995 194.9213 155.8982 117.6628 103.9264 93.43161 75.4547 48.79219 63.36289 91.51327 106.5813 94.3943 53.65379 -6.405875 -4.228642 25.97905 57.28232 79.1286 89.2215 71.38112 41.29857 -128 -128 -128
-128 -128 -128 -128 -128 -128 -128 -128 -128 -128 -128 -128 -128 -128 -128 -128 -128 -128 -128 -128 -128 -128 -128 -128 -128 -128 -128 -128 -128 -128 -128 -128 -128 -128 199.7969 146.992 137.0889 147.7318 154.3596 165.4717 173.479 190.1825 198.3484 210.0363 225.854 238.349 245.0919 245.4399 242.298 238.2088 238.1839 236.1787 227.974 213.5931 189.1451 146.7715 120.7129 115.6686 98.8131 65.65906 46.45777 65.0176 95.42734 110.7062 102.4887 78.38908 46.55792 0.08263749 -26.94252 -2.448799 65.02656 90.49155 66.67756 17.16826 37.058 -128 -128
-128 -128 -128 -128 -128 -128 -128 -128 -128 -128 -128 -128 -128 -128 -128 -128 -128 -128 -128 -128 -128 -128 -128 -128 -128 -128 -128 -128 -128 -128 -128 -128 -128 213.5075 165.0167 143.5482 139.5062 142.6811 136.3398 157.9703 161.8122 176.233 192.9267 203.8765 221.1983 237.9191 249.0425 248.5113 243.0168 236.0674 234.9515 231.9339 224.0865 206.2165 176.4741 143.4767 144.0616 131.9977 103.2898 77.98849 61.15813 78.66409 94.55131 111.1025 107.9363 93.20788 64.9491 36.3956 3.049592 -10.11534 19.00053 69.74506 90.39505 68.88027 12.58365 -128 -128
-128 -128 -128 -128 -128 -128 -128 -128 -128 -128 -128 -128 -128 -128 -128 -128 -128 -128 -128 -128 -128 -128 -128 -128 -128 -128 -128 -128 -128 -128 -128 -128 -128 216.015 173.8156 155.2848 141.3506 141.4744 144.4277 155.992 155.2204 165.4356 182.0766 192.6835 212.1926 234.9631 245.8975 251.296 245.3765 237.9056 237.0641 233.6621 219.3346 201.2801 177.1271 149.6853 147.2369 132.9761 103.2285 82.48878 67.32793 84.80373 96.14798 108.3087 110.1342 104.8203 98.51817 78.69724 61.48317 45.87688 35.48137 66.4895 84.85019 75.11934 34.87077 26.19152 -128
-128 -128 -128 -128 -128 -128 -128 -128 -128 -128 -128 -128 -128 -128 -128 -128 -128 -128 -128 -128 -128 -128 -128 -128 -128 -128 -128 -128 -128 -128 -128 -128 -128 218.8542 167.6527 145.2741 140.5889 133.3709 139.3105 150.6376 157.4848 172.3463 183.4346 191.7997 211.4885 231.9989 243.4446 250.7709 246.1869 239.9087 241.4906 238.3143 220.7364 191.6037 156.6416 120.5449 123.3374 106.7366 87.19012 84.4436 72.61171 85.0687 96.24499 103.4041 108.7128 106.4976 101.3907 90.74912 80.17726 72.627 51.94517 24.56579 2.697997 49.35374 46.13533 -7.472703 -128
-128 -128 -128 -128 -128 -128 -128 -128 -128 -128 -128 -128 -128 -128 -128 -128 -128 -128 -128 -128 -128 -128 -128 -128 -128 -128 -128 -128 -128 -128 -128 -128 -128 -128 175.1992 125.0608 129.1213 128.6661 134.979 150.1657 163.5993 180.5498 193.8848 203.3692 220.8201 234.2762 243.4834 248.5284 244.3546 241.243 245.0351 238.9472 212.7387 175.8044 136.551 114.7489 108.8916 88.60283 68.85841 71.26456 67.84798 76.71681 87.92693 73.92206 103.2734 112.0401 107.9664 90.80751 66.04249 48.29241 43.69298 24.85037 -14.76471 3.317712 35.08885 12.94976 -128
-128 -128 -128 -128 -128 -128 -128 -128 -128 -128 -128 -128 -128 -128 -128 -128 -128 -128 -128 -128 -128 -128 -128 -128 -128 -128 -128 -128 -128 -128 -128 -128 -128 222.6221 152.5276 115.4796 114.9713 123.6621 132.1223 145.2681 160.3239 180.6637 201.4806 216.2529 227.3688 237.7428 245.4877 248.303 244.5405 242.1391 243.233 236.0243 212.6923 157.0078 115.4334 114.0149 109.8595 90.46535 69.8742 60.97248 45.44452 58.46092 81.49461 72.62643 103.0476 119.715 109.9019 82.43871 2.851879 -32.17335 -21.09369 24.32139 30.28206 12.25574 6.666335 20.67278 -128
-128 -128 -128 -128 -128 -128 -128 -128 -128 -128 -128 -128 -128 -128 -128 -128 -128 -128 -128 -128 -128 -128 -128 -128 -128 -128 -128 -128 -128 -128 -128 -128 -128 207.3955 112.5727 105.6478 111.5099 120.4609 132.6892 146.7361 160.233 170.4058 201.9044 222.9544 232.3801 240.4177 246.6002 250.1981 246.3763 241.4716 240.0057 229.9488 204.1661 147.4324 108.8161 123.6341 113.7988 95.70036 73.04483 67.16896 43.1987 54.49454 85.08437 102.2275 116.2445 122.2304 114.5971 91.65221 47.59448 22.11632 18.55877 52.32322 48.75827 28.24441 -2.891043 -12.77441 -128
-128 -128 -128 -128 -128 -128 -128 -128 -128 -128 -128 -128 -128 -128 -128 -128 -128 -128 -128 -128 -128 -128 -128 -128 -128 -128 -128 -128 -128 -128 -128 -128 -128 188.5853 106.1685 102.5792 117.0844 123.4266 133.7957 150.0783 172.1258 183.0538 212.4055 229.8823 235.7076 242.2158 247.7195 249.8915 247.3889 242.2953 238.1198 225.9272 198.0204 156.3468 128.9485 132.2997 119.3979 103.9606 87.85573 80.05964 53.54214 62.02306 85.6506 107.581 120.1641 121.537 108.991 94.28642 78.42952 60.89326 63.49741 66.5651 66.52052 55.29976 13.68562 -24.07058 3.114618
-128 -128 -128 -128 -128 -128 -128 -128 -128 -128 -128 -128 -128 -128 -128 -128 -128 -128 -128 -128 -128 -128 -128 -128 -128 -128 -128 -128 -128 -128 -128 -128 -128 162.6363 128.9382 124.8914 129.5149 128.2049 135.355 157.2566 184.6515 203.3536 216.1815 230.1032 237.3374 244.0233 248.3561 249.596 247.1062 241.8318 239.0118 228.7626 207.0715 171.5329 154.4955 134.8107 118.5523 108.564 98.20639 75.09348 36.61077 51.23161 82.25073 105.0444 120.5988 119.7417 107.7753 90.97312 65.9835 25.3317 37.22012 50.25145 24.85138 57.33503 64.13657 50.66591 27.15209
-128 -128 -128 -128 -128 -128 -128 -128 -128 -128 -128 -128 -128 -128 -128 -128 -128 -128 -128 -128 -128 -128 -128 -128 -128 -128 -128 -128 -128 -128 -128 -128 220.4156 190.025 154.957 144.8866 138.5192 134.3473 145.67 165.4393 186.1382 185.1479 201.315 228.0002 236.6357 244.047 249.3451 250.7461 248.4356 243.5011 239.3866 224.7351 209.574 179.8074 153.8223 133.6326 123.2791 115.41 101.6716 81.79368 61.32458 70.56531 84.80998 106.8007 125.8889 123.436 113.2271 100.0084 82.17294 57.70354 62.87815 44.97326 -28.47261 18.10747 31.69963 51.18314 22.67158
-128 -128 -128 -128 -128 -128 -128 -128 -128 -128 -128 -128 -128 -128 -128 -128 -128 -128 -128 -128 -128 -128 -128 -128 -128 -128 -128 -128 -128 -128 -128 -128 214.7362 164.2796 148.4378 158.5578 150.6723 148.262 163.8255 171.181 179.1785 184.0432 199.7244 220.2304 232.4687 243.0685 249.3602 251.5624 249.5164 243.7012 235.013 222.256 207.7101 189.0977 163.7629 140.8309 134.037 119.3507 106.0153 98.69123 93.16016 108.1378 116.6264 125.7481 134.6911 130.9553 124.6703 116.988 102.1679 100.1867 110.5164 97.62025 54.90958 2.447094 -18.44284 20.10501 33.49151
-128 -128 -128 -128 -128 -128 -128 -128 -128 -128 -128 -128 -128 -128 -128 -128 -128 -128 -128 -128 -128 -128 -128 -128 -128 -128 -128 -128 -128 -128 -128 -128 208.106 143.1543 138.9468 154.9542 154.5957 156.3749 159.4443 163.1081 175.1884 177.0579 193.606 215.558 230.4086 241.1546 248.4135 252.8805 250.5594 238.125 223.381 207.9911 206.6835 191.901 170.9421 149.7273 134.2183 111.5014 95.17775 119.0471 127.6256 136.9159 139.9838 139.7812 141.9135 140.3127 137.5749 133.6954 125.6349 121.6766 127.3771 125.7648 98.10438 67.10149 19.68304 -6.956158 23.18318
-128 -128 -128 -128 -128 -128 -128 -128 -128 -128 -128 -128 -128 -128 -128 -128 -128 -128 -128 -128 -128 -128 -128 -128 -128 -128 -128 -128 -128 -128 -128 -128 202.1916 134.0199 140.2663 149.9545 151.6637 153.2047 167.4275 173.705 173.035 190.4916 206.7884 221.734 233.067 241.7155 248.696 249.7813 237.9383 227.2136 220.6212 209.0159 204.6939 187.2996 165.3075 139.6022 122.7753 105.776 99.15846 113.9585 127.2064 143.561 147.8822 147.577 147.0222 148.531 148.0946 147.9652 138.3926 130.3395 131.0917 129.0741 122.2759 109.4925 75.01173 32.22651 38.97178
-128 -128 -128 -128 -128 -128 -128 -128 -128 -128 -128 -128 -128 -128 -128 -128 -128 -128 -128 -128 -128 -128 -128 -128 -128 -128 -128 -128 -128 -128 -128 -128 187.3436 124.5494 130.208 142.2698 155.1405 149.5245 172.1241 179.2397 189.0456 205.2814 217.9106 228.2725 233.179 238.6535 244.8465 244.8592 235.5668 227.218 224.1626 220.7433 210.5486 194.2797 171.347 141.213 108.4964 84.46178 103.6208 117.2785 134.0683 144.6465 145.9419 146.0534 147.7606 152.1745 155.7098 157.0632 147.9488 138.9425 135.1877 129.9702 128.3192 118.0926 102.2326 76.15285 46.23299
-128 -128 -128 -128 -128 -128 -128 -128 -128 -128 -128 -128 -128 -128 -128 -128 -128 -128 -128 -128 -128 -128 -128 -128 -128 -128 -128 -128 -128 -128 -128 226.2687 180.5217 129.1866 141.3728 149.5223 149.5999 143.2581 166.1331 182.3437 191.4034 205.6623 217.2332 222.252 228.8414 234.063 239.011 237.3533 231.8946 224.5892 221.3298 220.3215 207.6589 179.0253 158.2021 135.1985 114.9207 108.752 131.0695 140.8952 149.1856 150.6142 147.7931 146.6693 151.266 156.3549 158.0332 155.5501 149.8589 141.7733 127.9071 118.3678 121.0187 108.5447 92.74769 70.19498 39.312
-128 -128 -128 -128 -128 -128 -128 -128 -128 -128 -128 -128 -128 -128 -128 -128 -128 -128 -128 -128 -128 -128 -128 -128 -128 -128 -128 -128 -128 -128 -128 228.0444 186.4309 139.7113 155.0205 152.1076 144.4949 133.7814 160.678 173.8905 183.4548 200.4544 210.1504 220.1523 227.882 230.2893 232.6935 232.9435 229.2069 220.8519 217.3616 214.8283 205.9099 175.8841 161.5623 141.4277 126.0646 130.3423 144.5293 152.8662 150.7307 150.1861 150.4464 149.0575 149.1986 153.1711 155.1629 152.8 147.6618 139.4578 129.4664 117.5177 105.6863 87.28108 72.56754 44.88784 25.84486
-128 -128 -128 -128 -128 -128 -128 -128 -128 -128 -128 -128 -128 -128 -128 -128 -128 -128 -128 -128 -128 -128 -128 -128 -128 -128 -128 -128 -128 -128 -128 228.6162 178.8561 152.2077 145.0603 137.0868 141.5464 129.0238 149.4148 163.4413 171.1429 186.8537 200.8551 215.6169 224.361 228.4767 229.6322 230.8482 229.5554 223.0985 217.5842 214.1531 209.6104 196.8049 183.2261 168.3253 156.2655 156.3313 162.7728 158.1926 149.7164 146.6771 147.3519 148.2552 150.4037 154.6487 155.9071 152.1822 143.4258 134.5223 125.102 112.9265 95.59918 67.50187 50.17856 23.50299 9.399784
-128 -128 -128 -128 -128 -128 -128 -128 -128 -128 -128 -128 -128 -128 -128 -128 -128 -128 -128 -128 -128 -128 -128 -128 -128 -128 -128 -128 -128 -128 -128 229.1219 200.5806 150.8677 137.9595 144.8225 140.6828 136.5357 146.8843 158.3583 165.5061 177.7441 192.4403 210.0343 220.2716 223.7376 226.373 227.1996 224.8007 222.0932 223.558 221.7912 214.6761 203.7988 197.7462 188.2484 176.4442 169.8027 166.3332 159.5956 151.2559 146.1898 144.9941 146.1651 150.2334 154.0035 155.3855 150.1129 137.5942 124.048 114.9137 101.7973 80.35686 61.35058 34.07426 21.57645 25.30034
-128 -128 -128 -128 -128 -128 -128 -128 -128 -128 -128 -128 -128 -128 -128 -128 -128 -128 -128 -128 -128 -128 -128 -128 -128 -128 -128 -128 -128 -128 -128 229.2942 185.0278 144.3306 143.1327 157.93 149.0113 154.0744 152.1998 162.1459 172.4885 182.128 193.4647 206.0309 213.5681 219.4418 223.3349 224.1826 222.5837 221.7838 222.4095 219.688 214.823 208.1643 196.2443 186.4865 180.081 174.9712 168.2922 162.4226 154.5366 149.8237 147.3059 149.8755 151.6711 151.5419 149.5198 142.7574 126.3748 111.6467 99.64821 91.202 88.94868 70.98525 34.45652 25.75212 29.97625
-128 -128 -128 -128 -128 -128 -128 -128 -128 -128 -128 -128 -128 -128 -128 -128 -128 -128 -128 -128 -128 -128 -128 -128 -128 -128 -128 -128 -128 -128 -128 224.5008 159.0611 156.1087 159.9627 167.3785 163.5938 163.0116 158.3544 163.5906 172.2377 186.2269 196.5526 204.9048 209.8001 214.8678 218.9197 220.7715 220.5366 218.2789 218.175 212.8855 200.0639 193.8587 189.2605 179.873 172.5524 163.4331 149.0462 143.0771 143.6789 145.9401 150.1348 151.737 151.8511 151.7524 142.7385 129.5404 108.8872 99.15774 96.63844 90.23987 107.2041 80.20895 51.96925 44.44654 31.41947
