formato/VCI/bioclim_4.asc
ncols         186
nrows         781
xllcorner     -75.7
yllcorner     -56.55
cellsize      0.05
NODATA_value  -9999
[rows 510 to 543 of 781, columns 0 to 76 of 186]
-128 -128 -128 -128 -128 -128 -128 -128 -128 -128 -128 -128 -128 -128 -128 -128 -128 -128 -128 -128 -128 -128 -128 -128 -128 -128 -128 -128 250.8355 252.9723 258.0658 258.3312 267.776 281.4874 280.1256 271.759 266.7491 270.1263 270.1134 273.5864 269.524 259.2681 256.2906 243.4199 241.216 241.7659 243.0763 242.0844 -128 -128 -128 -128 -128 -128 -128 -128 287.6987 302.6929 289.678 339.2935 333.7891 327.1726 349.8099 316.4814 328.6789 417.8397 378.7267 376.783 426.5792 464.9501 438.4987 460.0967 413.7559 446.1916 443.7541 415.6031 -128
-128 -128 -128 -128 -128 -128 -128 -128 -128 -128 -128 -128 -128 -128 -128 -128 -128 -128 -128 -128 -128 -128 -128 -128 -128 -128 -128 250.8883 252.182 255.3013 256.5413 255.889 262.1519 270.8378 274.3073 269.6416 266.3699 269.843 265.9254 262.3439 267.9459 261.5346 252.5206 246.1271 241.0445 241.8246 -128 -128 -128 -128 -128 -128 -128 -128 -128 -128 295.0772 337.0144 317.9008 317.5893 352.6116 350.6109 361.8515 320.7282 318.2818 367.0703 385.9602 425.1053 432.0919 414.6833 478.1577 426.207 434.1083 407.8896 471.1227 480.9919 -128
-128 -128 -128 -128 -128 -128 -128 -128 -128 -128 -128 -128 -128 -128 -128 -128 -128 -128 -128 -128 -128 -128 -128 -128 -128 -128 -128 250.5395 252.9212 255.1519 256.8351 257.3194 260.6273 261.7622 263.564 260.6805 259.7878 264.3676 259.4411 252.1531 260.3733 250.9567 247.4931 244.0155 241.1226 -128 -128 -128 -128 -128 -128 -128 -128 -128 -128 275.4573 295.922 344.2358 357.8332 359.6771 340.9982 368.1152 368.8499 421.2203 330.9175 379.7429 448.972 434.6147 438.8091 406.2916 423.5735 445.1297 433.3554 394.5833 430.3642 484.7845 476.1145
-128 -128 -128 -128 -128 -128 -128 -128 -128 -128 -128 -128 -128 -128 -128 -128 -128 -128 -128 -128 -128 -128 -128 -128 -128 -128 252.0458 255.2549 253.4062 253.4656 257.1094 256.9149 265.1341 270.3036 267.9669 265.9072 266.2505 266.6772 263.3151 248.7165 247.4123 247.005 246.8439 241.6529 240.0074 -128 -128 -128 -128 -128 -128 -128 -128 -128 -128 275.1503 288.2408 365.0691 393.5176 359.2676 368.7733 356.0087 394.7648 387.2877 331.0276 343.183 414.8964 457.5767 410.7934 415.5048 466.9601 449.4115 441.277 421.5394 448.4181 435.3852 420.2701
-128 -128 -128 -128 -128 -128 -128 -128 -128 -128 -128 -128 -128 -128 -128 -128 -128 -128 -128 -128 -128 -128 -128 -128 -128 250.4479 255.2521 256.6705 257.394 257.1162 261.0811 262.4391 267.3396 271.6547 268.3639 265.7284 265.8464 268.3031 269.9168 251.509 247.1592 245.8844 242.1797 -128 -128 -128 -128 -128 -128 -128 -128 -128 -128 -128 -128 -128 284.8857 336.2514 370.7065 370.8694 348.2514 381.8356 372.4205 360.8586 402.1616 330.9382 335.2846 369.3461 434.0645 478.7711 450.8867 467.5566 495.0782 472.0357 424.7241 402.9856 393.9131
-128 -128 -128 -128 -128 -128 -128 -128 -128 -128 -128 -128 -128 -128 -128 -128 -128 -128 -128 -128 -128 -128 -128 -128 -128 250.0089 253.6936 258.0015 264.435 260.457 253.2881 259.9758 258.0538 264.0713 259.9333 260.1705 256.0543 258.5479 275.2119 265.3755 248.3223 243.9163 242.0357 -128 -128 -128 -128 -128 -128 -128 -128 -128 -128 264.4574 268.9849 279.18 282.3601 288.2806 313.7164 359.1237 336.5838 388.7956 424.0878 465.9262 424.0722 351.6511 360.3532 351.6643 386.6115 470.1708 457.4519 453.1273 437.4251 433.7145 420.9354 405.5836 419.3927
-128 -128 -128 -128 -128 -128 -128 -128 -128 -128 -128 -128 -128 -128 -128 -128 -128 -128 -128 -128 -128 -128 -128 -128 -128 -128 -128 245.9029 248.3256 250.0553 248.697 248.9032 248.4306 252.8554 253.1332 253.4412 258.018 252.491 261.485 265.5023 249.8029 -128 -128 -128 -128 -128 -128 -128 -128 -128 -128 -128 263.5696 266.2061 280.0977 303.088 301.5534 290.6434 289.7938 323.4735 369.8578 330.7108 384.9749 461.9146 471.2564 400.0955 408.244 423.1414 350.9488 381.7169 436.5644 490.1203 470.6335 390.317 395.0071 449.0166 479.6248
-128 -128 -128 -128 -128 -128 -128 -128 -128 -128 -128 -128 -128 -128 -128 -128 -128 -128 -128 -128 -128 -128 -128 -128 -128 -128 -128 -128 246.855 245.9988 246.1733 247.2588 249.4296 247.5958 247.6403 250.5427 253.7653 252.6768 254.5175 263.767 248.0627 -128 -128 -128 -128 -128 -128 -128 -128 -128 -128 -128 264.3437 271.5427 275.6008 295.5855 308.962 320.175 315.9879 297.5873 323.459 317.774 362.4807 391.9177 440.9431 438.7223 376.146 390.4923 394.5688 346.8617 387.0255 471.1345 401.9474 447.0389 451.2411 475.0833 462.1518
-128 -128 -128 -128 -128 -128 -128 -128 -128 -128 -128 -128 -128 -128 -128 -128 -128 -128 -128 -128 -128 -128 -128 -128 -128 -128 -128 -128 246.8463 245.3423 245.7365 246.1946 246.7664 -128 -128 -128 247.5787 247.1283 247.3052 246.7581 -128 -128 -128 -128 -128 -128 -128 -128 -128 -128 -128 -128 266.5391 269.697 294.1097 297.6179 317.4411 339.9851 376.982 354.9305 335.1334 332.8696 379.0294 433.3221 428.5573 388.4179 351.4814 413.2189 444.4923 385.1913 379.2584 412.9474 428.2227 483.583 476.1137 498.4646 468.6992
-128 -128 -128 -128 -128 -128 -128 -128 -128 -128 -128 -128 -128 -128 -128 -128 -128 -128 -128 -128 -128 -128 -128 -128 -128 -128 -128 -128 245.391 245.1303 245.4668 -128 -128 -128 -128 -128 -128 -128 -128 -128 -128 -128 -128 -128 -128 -128 -128 -128 -128 -128 -128 -128 270.4359 313.5962 291.7004 319.3392 338.7165 406.6335 424.2492 420.5887 389.4706 365.8935 350.6715 428.2968 424.2566 412.5408 375.442 404.4109 474.2804 484.6319 450.8612 372.5903 433.8778 456.8087 447.8383 485.0465 479.183
-128 -128 -128 -128 -128 -128 -128 -128 -128 -128 -128 -128 -128 -128 -128 -128 -128 -128 252.9145 252.4042 251.237 249.5033 -128 -128 -128 -128 -128 -128 -128 -128 -128 -128 -128 -128 -128 -128 -128 -128 -128 -128 -128 -128 -128 -128 -128 -128 -128 -128 -128 -128 -128 -128 268.8411 282.792 286.298 303.4084 357.9735 408.2216 355.9485 328.127 352.9524 413.7021 408.6741 416.9207 447.7141 447.8144 394.2637 394.5697 469.3054 482.0117 453.5131 432.7652 407.3973 462.0912 486.0591 482.099 460.2487
-128 -128 -128 -128 -128 -128 -128 -128 -128 -128 -128 -128 -128 -128 -128 -128 -128 257.0535 257.2149 261.0975 259.8588 254.1131 249.2363 -128 -128 -128 -128 -128 -128 -128 -128 -128 -128 -128 -128 -128 -128 -128 -128 -128 -128 -128 -128 -128 -128 -128 -128 -128 -128 -128 -128 -128 -128 275.6403 295.4729 293.348 304.6039 302.6299 303.8979 349.1152 379.3178 406.2065 414.8417 403.7449 405.8578 446.0518 410.4251 371.7173 460.3225 483.8843 457.9955 432.9305 386.3809 400.5147 439.1577 475.3716 486.2116
-128 -128 -128 -128 -128 -128 -128 -128 -128 -128 -128 -128 -128 -128 -128 -128 -128 254.571 268.0998 265.9362 265.5468 258.9767 251.2486 -128 -128 -128 -128 -128 -128 -128 -128 -128 -128 -128 -128 -128 -128 -128 -128 -128 -128 -128 -128 -128 -128 -128 -128 -128 -128 -128 -128 -128 -128 276.1454 277.1678 281.8618 308.151 304.5103 305.5708 318.6883 342.9413 354.5699 372.1164 422.1487 386.899 404.9103 400.3786 353.7764 461.1483 469.545 447.8301 409.6381 455.7346 394.8 399.8557 406.2666 399.1357
-128 -128 -128 -128 -128 -128 -128 -128 -128 -128 -128 -128 -128 -128 -128 -128 -128 -128 256.2889 253.4892 -128 -128 -128 -128 -128 -128 -128 -128 -128 -128 -128 -128 -128 -128 -128 -128 -128 -128 -128 -128 -128 -128 -128 -128 -128 -128 -128 -128 -128 -128 -128 -128 -128 276.9659 291.1936 329.2722 323.2544 309.4653 329.9926 310.1902 335.7082 377.2648 402.7491 414.6688 441.1454 402.6615 390.179 355.7762 436.7415 461.2191 388.0811 397.1758 412.8968 451.5889 437.0347 431.3022 451.5097
-128 -128 -128 -128 -128 -128 -128 -128 -128 -128 -128 -128 -128 -128 -128 -128 -128 -128 -128 -128 -128 -128 -128 -128 -128 -128 -128 -128 -128 -128 -128 -128 -128 -128 -128 -128 -128 -128 -128 -128 -128 -128 -128 249.6135 250.9177 -128 -128 -128 -128 -128 -128 -128 -128 296.6462 321.2235 345.4746 331.2838 318.5639 358.4652 338.9344 368.7568 348.766 355.9406 387.6533 452.226 432.3418 409.0427 373.5815 380.5797 396.7773 368.2387 431.5681 433.6689 457.6239 455.4864 475.8973 472.3237
-128 -128 -128 -128 -128 -128 -128 -128 -128 -128 -128 -128 -128 -128 -128 -128 -128 -128 -128 -128 -128 -128 -128 -128 -128 -128 -128 -128 -128 -128 -128 245.5862 246.1676 247.1973 247.1966 247.2921 248.0107 249.0727 -128 -128 -128 -128 -128 -128 -128 -128 -128 -128 -128 -128 -128 -128 279.2291 282.4483 286.6269 296.7232 315.0558 315.6558 388.3081 354.173 402.9814 392.7396 423.068 411.2847 438.3659 417.7002 376.071 405.2943 451.8246 456.7334 387.4565 463.717 469.615 436.7246 463.6467 459.4883 437.3441
-128 -128 -128 -128 -128 -128 -128 -128 -128 -128 -128 -128 -128 -128 -128 -128 -128 -128 -128 -128 -128 -128 -128 -128 -128 -128 -128 -128 -128 -128 -128 249.0202 258.0281 257.4215 250.7892 249.6419 256.534 258.8572 251.3071 251.7221 -128 -128 -128 -128 -128 -128 -128 -128 -128 -128 -128 -128 282.0574 286.2677 302.288 307.5561 365.696 326.4068 328.0645 330.7566 367.5654 367.3177 385.4571 425.3464 457.2764 430.7025 374.1081 410.9326 480.8351 454.2108 438.2091 401.6222 436.9975 456.2386 464.9977 445.0066 406.6936
-128 -128 -128 -128 -128 -128 -128 -128 -128 -128 -128 -128 -128 -128 -128 -128 -128 -128 -128 -128 -128 -128 -128 -128 -128 -128 -128 -128 -128 -128 246.8635 251.9852 257.0555 261.2489 263.8449 255.5258 255.7045 259.5423 260.2721 254.3549 255.6673 256.9826 -128 -128 -128 -128 -128 -128 -128 -128 278.2266 283.5446 285.8483 306.0006 299.735 313.9384 326.0038 338.2827 352.3436 375.3214 376.279 392.1229 392.617 417.4698 446.5214 423.1599 379.3011 390.6446 409.8371 438.6949 472.2668 454.1588 408.0294 422.8265 457.2676 436.0218 428.8198
-128 -128 -128 -128 -128 -128 -128 -128 -128 -128 -128 -128 -128 -128 -128 -128 -128 -128 -128 -128 -128 -128 -128 -128 -128 -128 -128 -128 -128 -128 247.2678 248.2211 249.2309 251.7439 258.0211 260.871 257.8153 256.8582 256.5564 255.6587 258.0746 259.8447 260.7503 -128 -128 -128 -128 -128 266.1565 289.7957 322.2506 297.1779 286.5638 303.1763 305.7481 334.3545 362.2931 347.1234 321.3184 367.0096 405.0414 423.853 422.2693 416.6944 386.2523 355.6351 377.3586 408.7631 382.847 379.514 422.947 452.1588 446.4572 446.0591 467.2809 471.5367 449.8625
-128 -128 -128 -128 -128 -128 -128 -128 -128 -128 -128 -128 -128 -128 -128 -128 -128 -128 -128 -128 -128 -128 -128 -128 -128 -128 -128 -128 -128 249.1634 249.1494 248.3909 249.4113 -128 251.4371 254.394 263.5926 260.333 257.0063 261.4244 266.173 263.6507 263.5581 -128 266.7029 -128 -128 -128 269.9263 295.615 319.5543 295.9137 302.7255 309.5894 326.3159 316.8597 339.3998 368.4682 333.1625 337.9441 357.1808 387.2919 364.4589 355.4924 356.7211 354.4026 387.6565 379.6376 376.7097 369.187 401.8077 428.0424 415.447 450.3228 443.2356 439.0693 437.0182
-128 -128 -128 -128 -128 -128 -128 -128 -128 -128 -128 -128 -128 -128 -128 -128 -128 -128 -128 -128 -128 -128 -128 -128 -128 -128 -128 -128 250.6788 253.6044 248.5854 249.4065 250.3334 -128 -128 253.3091 254.0271 255.5548 256.2377 261.6613 267.9921 269.3069 269.4346 268.6075 269.9125 -128 -128 -128 272.2286 278.987 287.2502 291.0535 327.3025 336.0522 327.5586 359.2233 378.7555 360.2348 353.0407 402.2224 352.7926 340.0325 334.9694 353.1312 363.673 374.7883 459.2876 385.2969 392.683 401.6908 447.8079 434.0701 426.3529 395.7976 405.4102 422.44 439.4092
-128 -128 -128 -128 -128 -128 -128 -128 -128 -128 -128 -128 -128 -128 -128 -128 -128 -128 -128 -128 -128 -128 -128 -128 -128 -128 249.641 253.299 255.8226 257.1027 252.1358 249.2941 250.2314 252.3401 253.3508 253.834 254.4221 256.3668 259.6109 260.8222 266.1516 278.7971 272.38 271.5167 -128 -128 -128 -128 273.0662 274.2098 312.4001 282.3592 313.1978 310.0948 351.2631 406.7798 478.0776 432.2724 390.924 380.0374 403.3569 390.9928 377.8616 430.8214 389.0545 415.0831 439.9642 374.7182 410.4634 376.1415 385.8259 441.359 461.1458 458.4163 453.2281 437.0583 401.3041
-128 -128 -128 -128 -128 -128 -128 -128 -128 -128 -128 -128 -128 -128 -128 -128 -128 -128 -128 -128 -128 -128 -128 -128 -128 250.3287 250.7519 264.2235 265.3764 259.3009 253.5635 262.8572 266.3792 253.1633 260.9733 282.6014 265.338 258.304 260.0121 262.781 266.4597 272.4825 274.079 282.0652 282.4519 278.4843 -128 -128 276.3196 279.6523 306.5294 304.3815 288.417 296.7108 303.8065 309.8832 334.9759 369.754 379.5776 407.8948 404.9762 406.8269 410.3481 425.9663 370.6626 419.9279 400.8337 412.1874 452.1799 400.9388 372.4431 420.5789 460.4503 449.4973 453.4683 433.5337 425.1906
-128 -128 -128 -128 -128 -128 -128 -128 -128 -128 -128 -128 -128 -128 -128 -128 -128 -128 -128 -128 -128 -128 -128 -128 -128 248.8646 248.9671 253.4753 261.7686 250.8141 254.148 267.5198 270.0971 267.6544 269.7044 280.0127 270.5778 263.3211 260.501 266.2782 271.841 271.4235 275.304 280.449 281.8505 -128 -128 -128 279.8289 291.2737 311.656 292.8604 300.7636 321.459 351.0693 345.6862 346.3734 360.7935 360.612 389.0477 418.0179 404.0526 428.3292 420.5822 360.7212 446.5643 396.5569 404.8921 422.2686 413.2101 398.0828 415.5709 414.8976 434.5378 452.9384 410.8593 406.3196
-128 -128 -128 -128 -128 -128 -128 -128 -128 -128 -128 -128 -128 -128 -128 -128 -128 -128 -128 -128 -128 -128 -128 -128 -128 247.3452 252.0114 261.5303 252.501 251.8856 254.4894 255.2715 274.8054 276.3956 277.6611 275.9319 263.694 262.2877 261.626 267.5288 270.7951 274.7963 -128 280.7258 -128 -128 -128 -128 -128 282.8943 298.0273 321.5223 321.7884 325.3617 334.3717 359.4418 378.6779 378.3517 429.9044 424.1249 395.143 389.3912 419.9395 397.2432 382.0241 427.0258 414.8686 357.6936 441.0668 434.0755 411.4404 434.6341 447.2489 432.9827 409.4296 397.0571 378.1268
-128 -128 -128 -128 -128 -128 -128 -128 -128 -128 -128 -128 -128 -128 -128 -128 -128 -128 -128 -128 -128 -128 -128 -128 246.6042 245.9681 261.1105 298.2448 293.8125 256.2509 256.2514 260.3906 266.9622 295.0758 273.3958 276.2482 269.6427 269.2888 267.1499 276.4092 279.2883 277.5709 279.9176 283.7082 288.008 287.6632 -128 -128 -128 286.1826 288.1552 297.3375 298.59 312.3353 322.6139 369.4218 343.8641 341.7902 372.4669 373.8811 378.1484 416.4868 415.0346 365.3258 410.8918 442.2771 430.1674 367.9275 448.871 451.9847 434.911 436.5373 425.0528 405.1711 391.976 379.9529 386.0144
-128 -128 -128 -128 -128 -128 -128 -128 -128 -128 -128 -128 -128 -128 -128 -128 -128 -128 -128 -128 -128 -128 -128 -128 245.9384 244.4917 244.1134 262.3822 256.0259 253.1165 254.7727 262.5883 262.9412 274.9605 271.3094 274.2057 272.3327 278.5471 269.0985 269.9261 275.0937 279.0458 283.0656 285.4092 288.051 -128 291.5841 288.8549 297.6121 303.1502 293.5265 305.6926 302.0082 315.755 309.6342 315.5218 353.0497 380.9576 397.7024 431.205 427.8199 411.3592 353.834 380.64 401.8396 418.2231 384.8919 392.2309 439.4099 426.8809 421.0196 418.8962 404.1268 406.1671 411.8398 404.7665 415.6966
-128 -128 -128 -128 -128 -128 -128 -128 -128 -128 -128 -128 -128 -128 -128 -128 -128 -128 -128 -128 -128 -128 -128 248.0221 245.2903 243.824 241.9619 263.6368 257.2304 251.9262 263.8183 277.1808 266.5378 301.0222 296.0965 272.6872 270.4532 270.8216 272.0695 282.2614 284.0939 282.8152 284.9726 287.5971 -128 -128 -128 291.1908 316.6461 322.4259 305.4603 300.1061 311.7792 316.0079 319.7202 321.703 350.9592 367.034 383.6205 392.2599 384.131 363.7856 338.92 381.8121 446.7981 442.3174 419.4867 424.5681 402.4548 394.449 432.7532 403.9701 412.4787 429.3487 438.0945 449.2648 445.1075
-128 -128 -128 -128 -128 -128 -128 -128 -128 -128 -128 -128 -128 -128 -128 -128 -128 -128 -128 -128 -128 -128 -128 251.1923 257.6458 245.197 250.5721 280.6265 298.1127 258.3905 254.3698 261.2785 257.6453 260.5326 271.8641 280.2521 275.3757 278.9117 278.7526 281.3782 283.5429 281.8831 284.8381 -128 -128 -128 -128 -128 286.8187 301.6646 333.5869 296.5733 312.7471 336.7568 363.9939 332.361 329.0319 337.7488 361.4261 397.0243 384.8892 342.5588 372.3796 435.6609 452.366 456.296 424.2984 430.7543 428.8446 417.7234 373.9369 380.8741 446.7952 428.8862 436.3654 460.5585 467.4978
-128 -128 -128 -128 -128 -128 -128 -128 -128 -128 -128 -128 -128 -128 -128 -128 -128 -128 -128 -128 -128 -128 253.5508 264.2647 286.4785 260.8427 285.4441 291.9111 276.5744 272.5512 256.1427 256.7665 262.3148 263.8865 265.5207 265.0505 278.1787 273.8104 273.3007 273.5615 281.7362 286.8485 287.475 286.6783 -128 -128 -128 288.7491 286.6844 320.661 337.3059 332.5849 340.0731 319.9607 356.2315 331.615 384.1038 399.8948 368.2407 358.0681 372.447 340.7659 345.6985 376.338 394.369 415.8907 434.0028 421.0262 413.9637 397.0123 408.7235 449.2037 453.1395 454.6252 467.6949 465.8612 459.1678
-128 -128 -128 -128 -128 -128 -128 -128 -128 -128 -128 -128 -128 -128 -128 -128 -128 257.3538 256.5662 -128 -128 -128 -128 256.3361 273.2711 274.302 258.3615 283.709 296.1358 293.5854 288.3301 257.1232 268.8933 277.7025 276.0778 271.9569 276.5375 270.3486 273.3329 280.0779 283.4998 285.7329 283.7812 -128 -128 -128 292.5071 293.2227 283.9894 295.8873 309.3068 330.305 354.946 357.5897 322.9393 334.3123 389.0669 398.377 415.6885 386.3946 343.246 354.7936 380.7207 367.1589 406.601 423.7272 412.9297 436.3538 454.3319 433.6384 391.669 424.755 423.8142 417.0135 431.3799 435.6736 430.6078
-128 -128 -128 -128 -128 -128 -128 -128 -128 -128 -128 -128 -128 -128 -128 -128 -128 258.7441 262.6913 258.6964 -128 257.1838 -128 -128 -128 248.1696 246.4956 251.3224 256.3727 253.3723 255.0744 255.7971 253.6386 258.2765 263.4664 281.9625 270.5436 274.3604 304.5262 310.5312 302.9457 284.6948 281.5723 -128 -128 289.2939 293.837 295.6131 287.9722 327.8645 307.4554 291.9458 310.0881 357.5182 320.684 375.3268 400.1108 410.7778 390.1534 351.4214 348.3136 410.3951 432.1089 424.3296 390.8086 362.6601 383.6783 403.3443 412.3881 432.5222 426.6246 435.6906 444.9678 451.8647 458.7365 444.4665 441.4617
-128 -128 -128 -128 -128 -128 -128 -128 -128 -128 -128 -128 -128 -128 -128 -128 -128 258.8351 262.7473 257.8841 256.8636 259.654 258.7036 255.744 251.2415 249.5247 249.7418 255.8006 260.6205 279.1426 287.9204 280.9397 287.226 292.8362 293.3773 293.7329 276.1605 279.9644 294.6216 326.5362 315.1551 289.0167 280.0054 -128 284.7214 300.3154 311.9456 315.7895 312.6561 290.67 328.625 316.393 325.1884 317.0262 325.5039 317.0577 349.0191 363.846 344.999 338.844 353.4778 404.4237 414.0016 445.0643 441.3978 398.9807 388.3486 383.4293 372.4214 427.7204 434.6115 390.9302 436.3728 433.5468 431.2719 410.3298 417.4338
-128 -128 -128 -128 -128 -128 -128 -128 -128 -128 -128 -128 -128 -128 -128 -128 -128 258.8484 259.0209 258.3098 259.0157 261.7142 266.3748 281.5605 269.7614 253.415 280.2004 286.7494 283.0139 278.007 286.8524 297.9651 288.4839 290.4085 275.6524 294.9453 282.9774 276.1131 293.8895 343.8918 317.3102 289.4108 282.8701 -128 286.8674 303.7604 319.1129 318.0935 331.4827 330.2968 301.0691 329.5202 379.2198 337.2854 367.5366 373.5791 363.3211 340.6965 335.1915 340.4959 361.7906 427.5103 423.0127 387.0023 363.3701 372.7589 367.1806 359.4478 367.3968 399.099 420.835 382.7805 407.3015 380.9796 383.8865 401.6076 404.6292
