formato/VCI/bioclim_15.asc
ncols         186
nrows         781
xllcorner     -75.7
yllcorner     -56.55
cellsize      0.05
NODATA_value  -9999
[rows 578 to 611 of 781, columns 0 to 76 of 186]
-128 -128 -128 -128 -128 -128 24.6476 24.38883 27.06574 25.21932 26.69004 31.30728 33.50642 28.67455 26.42367 29.76372 28.12333 35.48684 31.84068 36.82637 35.63732 31.85134 28.62776 40.6505 46.02644 30.37086 29.37812 33.10926 34.36884 35.3391 39.27583 37.72626 31.06842 34.5027 38.91893 33.5835 32.92164 29.817 27.72194 29.20949 43.74602 75.2308 77.87868 47.45435 53.60798 66.66711 69.5899 50.87295 36.83426 42.21202 62.25371 43.46866 40.63108 65.81588 93.696 94.93894 82.71024 46.69409 57.98538 42.85524 35.49509 68.36768 88.23467 99.31966 84.02581 69.51174 88.97564 64.80943 91.79105 84.40165 108.5389 108.3885 98.89751 64.52735 36.44054 36.03845 37.00113
-128 -128 -128 -128 -128 -128 24.06834 25.21153 26.72504 25.91798 30.43288 27.95355 27.74797 24.96823 27.77642 22.89525 27.91148 31.77712 28.78523 28.68726 36.36442 33.90799 30.11026 26.24933 28.30147 28.78783 29.95674 32.32621 34.44694 33.69386 32.50416 33.0362 32.76262 31.25282 32.33035 30.93851 30.0951 -128 27.20868 35.06601 73.519 57.17529 43.88173 67.83866 70.44575 85.53749 51.82112 41.49013 72.54323 44.61921 39.83259 58.45422 51.63727 74.81618 79.50356 62.49315 58.63634 67.5194 63.04744 36.55402 38.25284 88.86272 90.05666 93.05829 108.1629 87.91104 81.19857 76.13323 64.12622 49.74298 51.23924 55.85826 37.67663 30.61051 31.08761 33.11128 35.7574
-128 -128 -128 24.60925 25.29545 26.32891 24.76974 27.81062 27.69575 26.45193 27.76925 27.48319 26.29921 23.82355 22.24221 22.67849 26.7461 26.89649 28.24277 25.43915 27.09396 28.46051 29.93755 27.11326 27.95705 31.07298 33.96114 31.13474 36.2845 40.00079 35.29174 32.11295 33.63915 31.26219 31.65023 29.61523 29.473 27.73979 32.46855 47.41593 33.0289 39.18902 68.0695 62.93338 80.61497 108.1074 51.2127 54.19748 80.81904 48.56738 33.00784 57.74691 63.17174 44.0004 60.10888 67.25307 93.99174 85.44014 71.51448 38.91256 39.25325 66.80096 96.48299 80.8829 100.13 101.9626 67.74737 47.0366 39.90802 32.15084 29.21462 28.33396 28.78073 30.53111 33.19248 37.70368 38.33334
-128 25.02738 25.61507 25.34361 26.25456 32.02039 31.90983 30.46406 28.7144 27.86904 27.08094 30.55013 27.0901 23.45282 23.46769 25.81084 29.30432 29.15161 30.106 31.73911 28.46181 26.49976 28.64139 33.20737 31.10139 28.42955 32.63849 34.52922 32.0578 36.31464 33.44271 31.63377 32.75229 31.61601 29.94659 29.339 29.29755 28.40528 45.75494 57.31408 43.45269 42.20669 56.63879 53.20461 109.2048 116.764 113.0919 114.9134 111.5946 65.0203 41.26224 84.3215 106.5696 80.21404 100.6717 69.81654 55.21659 92.77847 89.34384 48.93646 35.94592 40.88793 52.01064 67.91431 88.23014 62.9413 33.17111 35.67962 39.87841 34.47824 34.55082 38.94836 46.08189 51.78666 54.45012 47.91818 53.54781
-128 25.03062 30.98081 32.55534 31.77355 31.32936 29.29855 27.10299 27.73352 30.05936 25.71905 26.06117 24.63605 24.67414 26.01273 29.32504 30.83124 31.76598 35.35488 33.97187 33.44742 27.43456 29.54195 32.27614 32.45322 28.95843 29.52855 36.57522 32.77187 31.8591 31.35979 31.47334 30.97649 30.11798 29.43767 29.27264 29.53596 38.38609 51.57963 67.43048 83.34965 86.50462 70.4959 85.68176 107.8216 116.2644 102.6896 93.4752 117.026 105.447 46.08986 77.56586 97.75873 90.93708 68.63934 97.01888 56.43444 50.05889 46.57912 52.61206 41.31187 38.56044 37.16664 38.56006 40.35673 36.53648 37.07446 86.85785 56.55009 80.5368 78.12481 98.29572 99.1467 107.9836 104.7209 93.44173 106.6569
-128 28.18232 42.08031 34.35104 28.75669 25.99361 24.6744 25.14953 25.30461 25.42703 25.76217 25.68279 -128 25.60039 28.18992 28.71281 35.5853 31.91723 33.85561 33.30854 28.87371 27.67753 28.51571 28.75497 30.64844 30.04592 28.71348 28.88313 29.74468 30.35912 30.87081 31.09893 30.29688 29.36714 29.00062 28.97573 30.16376 46.76424 57.26204 54.328 67.36088 72.69246 84.46214 93.07267 96.94253 98.4614 116.1693 114.3919 82.1868 57.37847 46.20236 61.53505 88.63886 93.32385 89.06455 50.22613 89.28205 84.85761 95.02589 95.8115 58.39067 37.93008 35.7179 35.81474 35.99378 37.96201 52.74924 104.8944 86.36681 81.03623 108.2928 113.7487 107.1355 110.0746 110.8525 110.3649 109.9125
25.97843 31.09602 41.14813 30.07178 29.86721 27.20878 25.69769 25.42426 25.7537 26.41447 28.33958 27.10037 -128 26.41183 27.1164 29.0271 31.00141 33.99144 31.00235 30.02358 33.39152 28.36051 28.14149 28.11232 28.22866 32.06279 33.03872 30.79163 29.03179 29.5695 30.13405 30.27497 29.65287 29.09226 28.86887 29.35517 46.21928 49.84706 50.46456 60.5336 71.45935 73.82559 80.3586 84.12557 85.74135 85.1796 95.57326 110.9565 83.93858 49.24903 44.06371 34.42377 42.40028 42.22373 40.24328 35.62017 40.68493 39.7929 44.0315 43.78654 36.17993 35.82649 36.31008 37.24536 40.14589 61.58412 96.28873 105.8815 95.0398 82.76346 90.9081 109.5665 94.66463 89.92987 97.44799 88.88181 97.51348
-128 31.13995 33.80628 28.28349 36.96672 36.06835 26.28309 26.58792 -128 26.42728 27.275 27.67977 -128 -128 27.3516 27.70241 28.56383 30.10195 29.36755 32.55329 31.10516 29.11311 28.96804 31.55248 30.89481 27.18275 27.79525 28.13049 28.68069 29.2342 29.64698 30.2818 29.82166 29.37709 29.29207 38.21762 40.116 38.04543 46.9039 58.69083 85.74812 86.31212 82.30405 83.86309 88.78025 95.93973 106.9133 114.0367 86.96623 41.45927 50.8235 56.81988 87.50713 104.4106 55.29772 53.54009 47.96896 37.06737 32.79939 33.19466 34.01565 36.54849 41.36754 47.39219 45.29422 70.92954 84.92525 109.462 103.1435 100.4438 108.7466 99.87308 94.13609 93.10867 95.86888 67.26729 66.23376
-128 27.29389 31.5837 41.79688 41.27407 33.40057 35.93562 29.64725 26.1839 -128 -128 -128 -128 -128 -128 -128 -128 28.42207 28.49433 28.45947 29.63443 29.40103 28.01786 28.93579 27.57931 27.89932 28.37715 28.77645 29.19117 29.67488 30.22967 30.93401 30.36593 29.7668 31.1271 37.96597 51.87539 50.82456 54.49273 60.76931 76.24793 84.28928 86.86081 87.73318 97.13535 109.2333 110.7345 113.1145 114.7358 104.6693 87.13329 92.54759 107.7687 101.2794 70.88169 77.8774 54.01644 39.65012 34.12607 36.58047 36.89341 48.47154 58.04518 68.7634 56.23105 58.40104 70.11087 88.8549 111.5988 104.5013 89.71409 88.37534 97.79665 82.69003 73.39005 70.77004 57.45148
-128 -128 27.14293 40.47483 38.7415 38.71083 30.65755 29.68858 28.61983 -128 -128 -128 -128 -128 -128 -128 -128 -128 -128 -128 -128 29.58426 28.96407 30.69006 30.71266 30.53005 29.40342 29.68959 -128 -128 30.7759 31.46357 30.84362 31.5162 35.79083 37.60784 47.53018 50.70159 52.30958 70.25591 75.17005 77.66857 85.13658 89.87993 95.28069 99.96815 108.6824 109.8563 113.4142 84.18771 43.51623 89.4951 105.4272 102.0358 103.0012 100.3574 42.37864 40.21111 38.1212 50.68752 50.8503 74.42789 73.54224 83.6632 66.18655 83.80631 81.34888 85.7574 111.1971 109.0396 89.7326 103.0194 88.19024 87.53905 96.39342 106.4955 -128
-128 -128 -128 26.27099 35.22816 34.25168 35.98278 30.31596 26.55529 -128 -128 -128 -128 -128 -128 -128 -128 -128 -128 -128 -128 28.99353 29.11633 -128 29.29773 29.58711 -128 -128 -128 -128 -128 31.1099 30.90803 40.04414 41.65477 42.00916 40.38784 37.2514 39.67711 63.10567 82.60036 88.75728 96.51575 97.74651 103.8027 110.5607 117.049 98.69484 92.12821 63.25906 46.27971 40.50049 84.59869 99.89036 110.1102 94.55832 40.7028 37.21357 44.13138 65.25705 75.1574 91.8798 76.57057 86.82407 79.6603 82.99026 88.70801 95.85709 107.5283 112.3686 94.30695 107.3605 105.9547 110.8678 111.1553 -128 -128
-128 -128 -128 -128 26.30596 26.40708 25.94714 -128 -128 -128 -128 -128 -128 -128 -128 -128 -128 -128 -128 -128 -128 -128 -128 -128 -128 -128 -128 -128 -128 -128 -128 31.20334 30.46799 30.34583 31.51645 32.89894 33.1127 33.83273 39.10299 47.17524 91.40279 115.4835 113.7542 107.0177 107.8096 114.5838 116.619 74.06253 54.2373 39.99718 44.26874 38.69729 46.9728 49.44412 66.24642 72.48093 36.69766 38.35361 63.79564 94.74081 95.03838 89.1267 88.26826 89.56032 77.51662 91.14269 99.0979 80.94662 102.1804 112.6912 91.59483 110.7243 110.7402 115.076 117.771 118.4507 109.749
-128 -128 -128 -128 -128 -128 -128 -128 -128 -128 -128 -128 -128 -128 -128 -128 -128 -128 -128 -128 -128 -128 -128 -128 -128 30.69823 32.90639 33.96073 32.52102 30.73419 31.48813 35.6125 33.75623 34.44785 33.00599 30.4151 45.68489 40.83649 49.22481 54.8856 69.75085 107.9572 117.1099 110.1118 110.2416 111.1735 104.9888 60.22856 47.09634 46.05031 66.8317 56.74452 80.41238 79.66842 54.64972 68.00096 68.96984 42.87093 51.09565 84.48915 103.1079 100.3114 102.5083 95.73215 78.8643 64.85493 56.76131 55.97751 58.54479 78.82672 69.32054 113.2467 102.4369 112.6968 111.4945 117.8549 115.7708
-128 -128 -128 -128 -128 -128 -128 -128 -128 -128 -128 -128 -128 -128 -128 -128 -128 -128 -128 -128 -128 -128 -128 -128 30.67405 40.23703 46.96092 41.26875 32.77697 30.62165 32.57061 40.45831 45.65316 41.58675 34.14798 51.76395 41.96063 42.35939 49.23199 72.90849 69.35976 99.12949 116.8825 110.6396 109.1221 110.6119 97.43978 55.54914 43.33474 46.60053 68.24384 80.82166 100.8354 102.2529 93.48353 95.76392 75.83322 61.21343 43.81833 75.39824 91.01229 67.5141 52.07872 52.91407 48.27085 47.92716 56.55807 67.41928 65.20824 68.58466 58.62896 66.38428 70.37313 98.86745 115.9832 114.2304 -128
-128 -128 -128 -128 -128 -128 -128 -128 -128 -128 -128 -128 -128 -128 -128 -128 -128 -128 -128 -128 -128 -128 -128 -128 30.74194 31.41787 31.60958 31.02307 -128 30.83461 31.68342 33.72635 37.82629 32.7718 41.94779 66.56035 67.91721 65.61746 56.1418 56.01127 81.80557 111.0423 116.843 116.7256 106.6223 101.8206 93.7011 74.0176 49.14738 81.02162 49.75644 45.24471 51.95739 54.96249 47.35667 44.68395 42.90918 43.97288 37.28592 40.70105 43.22474 38.08128 52.59938 52.27952 57.34667 62.73576 72.69156 75.71756 80.06987 94.40125 93.12624 102.8723 60.05711 61.2455 108.1346 104.409 72.39825
-128 -128 -128 -128 -128 -128 -128 -128 -128 -128 -128 -128 -128 -128 -128 -128 -128 -128 -128 -128 -128 -128 -128 -128 -128 30.70906 30.78704 -128 30.44999 30.54627 30.62533 31.1383 33.90288 36.73247 36.00067 47.35809 42.77127 47.49577 53.27939 81.4409 93.60207 106.9029 112.6521 117.5324 108.3461 102.8723 56.52092 49.99871 41.7461 69.78976 67.89291 54.02737 60.02836 76.73094 85.38763 81.75632 54.87265 48.47115 56.65863 61.4809 51.73573 41.25608 93.94267 89.00929 75.59459 58.0685 61.23804 49.54579 41.82699 36.92518 38.47751 38.80976 55.96596 81.97366 55.54452 52.60852 52.73403
-128 -128 -128 -128 -128 -128 -128 -128 -128 -128 -128 -128 -128 -128 -128 -128 -128 -128 -128 -128 -128 -128 -128 -128 -128 -128 -128 30.43715 35.16881 34.01374 36.36474 41.05988 45.80121 42.07623 48.07273 35.00062 42.86681 66.5642 74.00332 91.93142 92.74984 104.6441 109.568 114.1749 107.1804 115.9461 59.8782 55.05594 34.9095 40.14271 84.38406 87.24883 89.56734 101.243 86.21786 80.87987 59.0919 53.22893 73.84869 79.00204 47.1129 39.03653 47.80678 51.83079 38.38835 37.51911 41.71807 37.40942 35.85792 39.87532 46.56459 42.37326 33.76476 48.81524 50.74644 54.43776 61.22267
-128 -128 -128 -128 -128 -128 -128 -128 -128 -128 -128 -128 -128 -128 -128 -128 -128 -128 -128 -128 -128 -128 -128 -128 -128 -128 30.35821 32.4552 41.1459 45.65853 40.2323 42.45795 33.81897 49.33617 59.75939 44.97114 56.92812 49.87885 72.65832 82.39616 82.00266 91.22453 94.89546 108.1765 117.7979 115.9073 100.5926 65.01389 43.61123 36.73702 34.81889 97.43911 80.44055 80.71918 62.80861 45.47639 38.40544 37.41814 37.19309 37.39145 36.93493 49.1862 39.36481 44.98418 41.70458 67.90437 75.21595 81.91275 93.68526 90.52462 72.04073 44.85463 35.69243 33.52882 34.79427 -128 -128
-128 -128 -128 -128 -128 -128 -128 -128 -128 -128 -128 -128 -128 -128 -128 -128 -128 -128 -128 -128 -128 -128 -128 -128 -128 29.68222 30.27287 37.82506 54.52023 43.33385 35.29398 41.85397 37.68021 42.50642 49.40898 47.28435 41.55245 51.84002 59.11551 67.94157 70.979 89.02731 88.68729 94.2495 107.378 113.322 107.794 97.55315 88.27924 70.61657 53.22541 40.71255 42.18658 34.40272 33.36617 40.60574 39.51601 49.82457 45.95623 40.66818 40.95693 45.4652 46.49965 70.78613 98.30207 104.2829 101.5976 104.41 105.5669 90.50047 62.72815 97.1685 91.53693 53.24046 -128 -128 -128
-128 -128 -128 -128 -128 -128 -128 -128 -128 -128 -128 -128 -128 -128 -128 -128 -128 -128 -128 -128 -128 -128 -128 -128 29.17522 29.91423 32.77464 44.42106 43.57362 35.33224 38.55905 44.12849 49.396 44.03016 74.21857 66.81545 61.67109 63.47698 65.45602 65.5112 56.40295 68.00897 74.70038 88.6468 107.997 115.2511 71.89223 62.14938 61.24726 66.0079 58.50822 43.70193 71.12221 94.40174 85.82972 55.71015 42.66541 59.12432 49.63474 43.84188 53.42864 50.2179 80.64076 108.1423 102.8029 101.6234 71.88392 71.87368 71.55042 55.92883 93.11273 107.7538 -128 -128 -128 -128 -128
-128 -128 -128 -128 -128 -128 -128 -128 -128 -128 -128 -128 -128 -128 -128 -128 -128 -128 -128 -128 -128 -128 -128 -128 28.89219 29.06975 35.9808 36.04939 35.35044 38.82743 54.78424 50.94855 48.16854 46.16605 50.66777 57.73807 69.62106 63.60825 45.75142 42.93748 50.56459 71.66846 77.41976 100.9013 115.2333 84.3801 57.51833 79.16091 70.57256 72.68758 95.02328 82.17345 104.285 105.3351 86.31536 40.68949 49.90496 55.3163 43.46661 61.60423 90.46098 71.58377 53.3587 90.41679 90.43911 49.20317 49.56723 56.84267 59.17298 68.75537 102.5168 -128 -128 -128 -128 -128 -128
-128 -128 -128 -128 -128 -128 -128 -128 -128 -128 -128 -128 -128 -128 -128 -128 -128 -128 -128 -128 -128 -128 29.13153 28.65652 28.40583 28.67124 37.34894 39.76595 46.85625 47.23385 37.94393 39.32273 49.07783 66.75359 50.24249 38.0942 52.67911 75.17953 52.67736 32.2545 43.59487 55.2596 57.37611 71.21111 95.62136 74.109 42.16743 37.90086 41.70682 92.27827 98.50462 98.00361 93.68998 106.0311 54.69025 35.88417 64.71734 57.09114 61.85367 100.5194 96.84361 88.10053 49.54895 45.37035 47.87047 68.12526 56.87592 66.85117 55.34251 -128 -128 -128 -128 -128 -128 -128 -128
-128 -128 -128 -128 -128 -128 -128 -128 -128 -128 -128 -128 -128 -128 -128 -128 -128 -128 -128 -128 -128 29.34957 28.89368 28.70882 29.1291 30.92679 29.7296 31.30726 41.08136 50.24997 45.55895 54.22974 53.568 35.5858 50.02359 57.44407 59.24505 71.47052 62.34976 33.18345 27.71091 31.37666 40.38586 72.66823 81.80627 105.0179 78.48048 95.63966 66.08482 42.0484 51.36045 56.55164 47.12571 56.32047 76.12631 85.31705 38.94366 71.80782 76.87302 60.87672 99.96326 107.2304 76.18286 55.52033 99.12495 108.3893 101.0792 101.6641 82.32646 -128 -128 -128 -128 -128 -128 -128 -128
-128 -128 -128 -128 -128 -128 -128 -128 -128 -128 -128 -128 -128 -128 -128 -128 -128 -128 -128 29.40451 -128 29.12174 31.08162 34.51311 32.41728 40.57782 34.6351 29.63658 34.06075 36.61089 33.25048 35.38872 33.96071 51.92228 46.88274 43.75846 48.58337 64.08415 54.85387 44.3049 29.32433 46.35928 53.9259 49.65241 61.38585 86.28246 60.95205 55.57212 49.83896 65.5839 73.75571 55.6597 35.49961 87.4169 88.12813 77.46294 40.03998 83.00504 111.1459 81.01883 70.72412 107.232 100.8581 53.29581 80.91354 107.8026 115.2647 111.6735 -128 -128 -128 -128 -128 -128 -128 -128 -128
-128 -128 -128 -128 -128 -128 -128 -128 -128 -128 29.0201 28.97224 -128 -128 -128 -128 -128 -128 -128 29.17999 29.01678 30.59722 30.33102 31.07038 37.84772 40.55335 33.95125 31.68427 28.92473 30.32392 33.37877 36.05229 31.90751 34.45768 48.69335 46.2466 65.6638 71.04626 68.6161 60.08014 31.75623 41.14489 54.14818 47.46382 43.7098 57.60262 93.61021 92.12537 84.59886 88.5101 94.90469 72.17682 38.88752 39.95848 42.32398 54.34918 61.2154 35.7793 73.1491 95.13636 96.06721 79.7674 112.6003 76.48645 51.22485 101.8341 115.235 118.3974 -128 -128 -128 -128 -128 -128 -128 -128 -128
-128 -128 -128 -128 -128 -128 -128 29.03499 -128 29.24173 29.10572 28.88949 28.99917 29.07143 28.99912 29.00132 29.15337 -128 -128 -128 30.3911 38.16236 34.46835 34.4954 34.10459 34.34049 38.64861 38.72032 31.44618 38.15398 44.04435 46.08599 46.34257 62.97488 57.94056 72.376 76.72839 71.78943 76.83944 34.60159 45.06642 75.25372 86.48817 77.12172 78.21414 71.52367 66.2888 58.73729 67.14999 78.40265 49.00365 34.01708 30.99468 34.62507 48.61621 90.39338 90.36861 37.12476 63.24382 96.04103 109.7987 87.09885 97.03999 66.61392 70.94141 105.2741 106.3405 -128 -128 -128 -128 -128 -128 -128 -128 -128 -128
-128 -128 -128 -128 -128 -128 29.09718 29.92591 30.07711 30.174 29.69362 30.14657 30.9754 30.38498 32.26139 30.26101 29.01126 28.93406 -128 -128 30.27417 34.88892 36.52965 38.06312 33.92494 35.33926 39.27681 38.89368 31.827 33.28645 36.75826 42.59825 42.59268 49.02748 54.04431 71.52065 57.15508 48.59835 63.26881 36.93458 47.23545 80.74207 94.55392 72.26092 67.61327 79.62863 81.12213 60.21458 31.68409 34.22606 30.76783 51.35448 48.76577 46.98942 91.24492 94.41483 87.80153 55.73953 44.42113 92.16879 94.27675 82.7821 100.42 90.62811 107.7725 111.4987 -128 -128 -128 -128 -128 -128 -128 -128 -128 -128 -128
-128 -128 -128 -128 -128 -128 29.17575 29.95282 30.43058 30.89615 32.91308 31.02325 29.97337 28.98306 28.96441 29.26036 29.19996 28.85849 29.00125 -128 29.42164 29.7184 29.82668 30.16021 32.4472 30.94271 29.3831 31.65512 33.17072 32.17771 34.44504 38.92163 42.73167 35.20323 50.65065 73.43402 74.20998 52.25333 46.72855 37.1681 35.19037 45.64429 49.81305 40.55865 62.00282 39.32584 38.41157 38.38689 43.67224 80.13865 55.57413 71.85986 82.9046 77.9293 70.42281 89.27785 98.57155 98.92173 60.28044 48.3235 65.686 109.9423 109.699 98.31956 103.9815 -128 -128 -128 -128 -128 -128 -128 -128 -128 -128 -128 -128
-128 -128 -128 -128 -128 -128 -128 -128 -128 29.53946 29.67761 30.10656 29.8595 29.00721 28.69171 28.74388 29.16497 30.77184 29.80095 29.69816 34.30709 33.01644 35.57835 32.01358 33.10179 37.88964 35.91385 44.13748 38.30813 42.13929 46.40533 43.6468 36.91918 35.00818 37.49508 37.88501 36.56434 36.20438 33.79583 33.82438 36.22868 38.45269 34.03915 34.39964 41.84568 39.41959 69.81811 73.26083 80.02634 94.72972 88.76524 68.01936 79.23351 89.8913 72.751 72.56117 86.61069 107.8333 90.89169 55.45337 88.35992 112.1674 96.31537 79.78635 85.22883 -128 -128 -128 -128 -128 -128 -128 -128 -128 -128 -128 -128
-128 -128 -128 -128 -128 -128 -128 -128 29.64851 29.55391 29.49177 29.64594 29.67037 29.46496 29.52913 29.76652 31.22292 32.06313 30.26272 29.99466 32.05946 34.43356 33.15376 32.10054 33.82371 42.18675 45.4045 46.65964 61.14193 47.60335 48.08646 45.54521 40.10448 38.16444 51.28336 48.77787 41.78474 42.94757 42.50857 37.92682 39.49058 37.30819 41.24459 39.884 35.62893 67.3654 90.70595 55.21745 84.77708 94.76038 95.93563 76.94324 75.11414 89.32767 80.85088 55.22879 87.06898 95.93711 98.33186 71.66967 80.49783 83.64709 77.19434 79.45676 102.4773 -128 -128 -128 -128 -128 -128 -128 -128 -128 -128 -128 -128
-128 -128 -128 -128 -128 -128 -128 -128 29.30941 29.37036 29.99959 30.59617 30.45371 31.67605 30.67007 32.41359 31.88747 32.13969 30.78224 31.30974 31.32676 32.26418 40.70749 33.02395 32.8181 32.95823 34.77354 35.13449 55.67265 54.26995 56.32556 52.18438 38.23818 39.07424 54.06146 38.25866 38.37609 46.62397 38.29832 38.4869 43.41989 39.24097 44.18648 53.89114 37.38445 38.99364 54.81373 37.76828 48.16911 58.37347 91.54844 60.16242 88.82877 93.61961 66.79772 48.67918 64.44534 80.4491 109.7376 98.0946 78.50964 89.19202 58.5705 87.74054 -128 -128 -128 -128 -128 -128 -128 -128 -128 -128 -128 -128 -128
-128 -128 -128 -128 -128 -128 28.1688 28.47248 28.84705 29.14777 29.76654 30.4557 31.19481 29.96549 30.14033 31.52629 33.08469 36.04587 33.94677 34.58897 31.46327 31.84865 36.1055 39.1898 48.55161 39.7447 34.0565 35.15982 34.43415 33.9141 33.61949 34.19867 35.77337 33.37803 33.0298 -128 32.44369 33.09968 -128 35.40653 42.92942 39.53713 51.13804 47.44194 42.08651 41.24053 39.10217 44.8224 51.22086 35.42472 32.6178 37.21843 74.71426 76.03564 53.50077 53.27955 98.1124 101.5852 109.495 104.3061 88.20406 63.77789 55.69714 66.64998 93.2401 100.8729 -128 -128 -128 -128 -128 -128 -128 -128 -128 -128 -128
-128 -128 -128 -128 27.97896 27.75425 28.09863 31.09775 28.69067 28.57574 30.42596 30.11924 30.10138 31.54585 31.47675 34.7251 37.21879 35.94502 32.47247 31.56481 31.81348 32.47741 47.64761 48.27675 51.25476 44.78207 38.78527 35.60429 33.89774 54.44613 50.55521 48.21453 51.39277 38.8783 35.06442 34.25342 32.77286 33.04173 33.46663 34.76735 -128 36.85797 35.62118 57.51357 74.21735 66.53912 80.56371 69.89574 49.56834 45.28807 71.61156 33.15522 52.30915 37.35522 43.42755 49.98597 94.5821 76.98891 93.51017 111.5561 87.32868 59.34895 75.3461 74.83363 61.37259 107.1608 -128 -128 -128 -128 -128 -128 -128 -128 -128 -128 -128
-128 -128 -128 28.90226 31.20326 32.10206 31.45002 32.19396 29.47437 28.3197 30.34793 30.51562 29.8291 31.23096 32.40614 32.46909 35.43986 37.54744 35.09254 33.62363 32.04541 -128 37.91781 45.0756 36.70341 49.07392 56.13388 47.62377 37.57915 42.39185 60.65807 46.81887 51.8439 52.18799 66.67164 81.50779 42.63972 34.1797 42.19289 37.07667 37.08822 38.13034 39.63023 37.1817 63.98055 86.51847 74.19418 58.46609 54.87087 45.39024 80.88866 42.34531 89.98991 75.11417 52.80647 36.97702 82.42673 58.72597 76.95033 87.54308 51.01152 68.81082 82.19019 71.51434 57.12484 102.3417 103.2322 -128 -128 -128 -128 -128 -128 -128 -128 -128 -128
