formato/VCI/bioclim_12.asc
ncols         186
nrows         781
xllcorner     -75.7
yllcorner     -56.55
cellsize      0.05
NODATA_value  -9999
[rows 136 to 169 of 781, columns 77 to 153 of 186]
-128 -128 -128 -128 -128 -128 -128 -128 -128 -128 -128 -128 -128 -128 -128 -128 -128 -128 -128 -128 -128 -128 -128 -128 -128 -128 199.7094 171.8855 139.9024 126.4102 137.2834 156.6746 154.0114 182.3936 188.0871 199.3893 212.3322 220.0033 215.5823 213.6905 212.4836 214.0475 214.3795 215.7532 209.7956 196.9371 196.4265 187.4276 178.795 167.8066 159.9555 152.8469 138.3314 111.0111 92.01755 95.7906 82.84185 79.28504 85.0014 99.46361 108.1827 107.7906 104.3272 88.10532 59.85815 46.83854 52.07431 83.92658 102.1807 107.8967 97.38574 77.21615 65.38011 36.87251 6.262595 -34.86492 8.109601
-128 -128 -128 -128 -128 -128 -128 -128 -128 -128 -128 -128 -128 -128 -128 -128 -128 -128 -128 -128 -128 -128 -128 -128 -128 215.9891 194.2538 170.702 143.8532 125.2642 119.7702 144.0062 140.3923 163.4012 178.2267 185.2376 200.9156 217.371 219.4902 214.7927 212.2283 210.8533 213.5383 213.9771 200.9048 200.0406 197.9092 190.2138 178.8009 165.5175 159.1817 157.7563 140.6828 117.8964 105.9122 94.11636 69.95323 85.31721 99.13328 110.5404 110.5433 106.2721 98.12228 85.63113 70.28458 58.29846 44.55803 72.30901 86.20573 90.41035 65.25133 20.69231 -4.429277 30.25302 1.581639 -128 -128
-128 -128 -128 -128 -128 -128 -128 -128 -128 -128 -128 -128 -128 -128 -128 -128 -128 -128 -128 -128 -128 -128 -128 -128 -128 216.8908 187.5778 143.7804 150.8918 144.4713 138.0979 144.6758 136.9789 149.4206 148.3351 154.7133 168.5099 207.8554 221.0941 216.2176 212.5205 207.4499 207.4502 208.1963 204.0176 202.762 193.9808 191.7594 185.0536 176.0358 174.5652 167.7554 142.533 117.9623 112.9884 94.04944 80.7332 93.13687 104.923 110.8675 108.5927 106.0915 97.88025 80.12529 63.00117 56.00059 27.79899 49.23221 59.49581 64.97198 61.55551 29.49187 13.16532 -128 -128 -128 -128
-128 -128 -128 -128 -128 -128 -128 -128 -128 -128 -128 -128 -128 -128 -128 -128 -128 -128 -128 -128 -128 -128 -128 -128 -128 214.4759 167.9237 132.5093 131.9199 130.3587 145.0714 150.1962 149.0207 148.8793 148.7965 142.786 157.6603 199.9041 214.3187 215.0686 212.8606 208.9652 206.2674 202.9967 203.6721 204.3681 197.7999 192.9717 193.8707 190.9025 185.364 166.2976 125.826 103.6936 106.517 92.29328 94.14178 100.0195 109.468 110.5801 107.0345 102.4787 91.03268 73.09396 45.68063 38.60956 19.91864 19.15287 18.74583 2.514037 23.88817 48.2132 -128 -128 -128 -128 -128
-128 -128 -128 -128 -128 -128 -128 -128 -128 -128 -128 -128 -128 -128 -128 -128 -128 -128 -128 -128 -128 -128 -128 -128 -128 209.6441 165.8727 131.0623 136.3109 124.6077 140.0297 139.4953 139.0047 143.3005 147.0085 139.4422 161.2421 193.0261 205.0859 209.0019 211.8146 210.5426 205.8226 203.8205 202.9051 203.6454 205.6286 201.7198 195.3175 189.1502 175.2298 158.2499 126.6997 95.52769 97.64679 99.41969 104.9597 108.1475 109.0469 106.6462 103.6486 96.82851 82.63583 65.33508 36.74747 19.66182 13.76821 3.508076 -3.790395 1.452088 -128 -128 -128 -128 -128 -128 -128
-128 -128 -128 -128 -128 -128 -128 -128 -128 -128 -128 -128 -128 -128 -128 -128 -128 -128 -128 -128 -128 -128 -128 -128 -128 215.7543 186.0599 149.3186 137.142 134.4251 147.8848 136.0907 129.3192 130.2126 128.3234 132.5253 158.3386 176.9618 189.8686 193.0658 203.4633 208.2005 203.9512 203.6671 203.5584 204.4478 199.8039 195.6645 194.2839 182.6107 152.8834 134.3453 122.1243 89.99473 95.76965 104.1367 113.1222 110.6503 113.3067 106.0722 101.8697 93.50816 74.16902 56.66883 41.56453 24.44643 -2.944759 -8.181765 1.238455 -128 -128 -128 -128 -128 -128 -128 -128
-128 -128 -128 -128 -128 -128 -128 -128 -128 -128 -128 -128 -128 -128 -128 -128 -128 -128 -128 -128 -128 -128 -128 -128 -128 218.0544 155.27 138.0756 124.4127 122.0474 142.9021 135.3895 129.1044 142.5082 144.4124 153.4344 163.2912 161.4603 166.3432 173.9912 190.3622 202.3363 204.1083 201.5011 201.5982 203.4948 200.0128 191.9807 190.6971 175.5862 141.2107 114.6111 107.3677 79.27711 95.21667 108.1922 115.376 114.4081 116.0232 105.489 97.59084 86.6027 66.5754 45.42976 33.40116 16.33569 -12.59692 -23.34364 -6.135596 -128 -128 -128 -128 -128 -128 -128 -128
-128 -128 -128 -128 -128 -128 -128 -128 -128 -128 -128 -128 -128 -128 -128 -128 -128 -128 -128 -128 -128 -128 -128 -128 -128 214.0317 147.9776 132.779 126.5558 126.5104 138.7038 132.7231 140.5114 152.6633 159.7547 163.358 161.8853 157.4594 159.6387 166.284 181.4834 194.6712 197.835 199.4581 197.4738 198.9922 198.8233 194.3836 188.5811 170.7081 140.1441 107.6078 97.91026 68.71869 84.47152 104.253 113.6024 119.8482 112.7372 97.22931 91.76814 79.98285 63.20649 39.3867 17.45524 -13.38374 -35.47819 -13.38476 -128 -128 -128 -128 -128 -128 -128 -128 -128
-128 -128 -128 -128 -128 -128 -128 -128 -128 -128 -128 -128 -128 -128 -128 -128 -128 -128 -128 -128 -128 -128 -128 -128 -128 213.1941 158.2694 130.6859 126.6724 131.8369 139.1192 139.4248 153.1421 163.2348 162.1772 162.0042 160.9697 165.1825 168.5556 170.6612 177.4246 187.9492 189.6106 192.8545 190.5015 189.4445 193.9505 191.823 178.9945 147.3039 131.2291 121.5708 99.49014 61.18465 67.97461 98.99513 116.5457 115.4188 110.3601 97.00449 84.07835 71.594 54.95133 26.43324 -0.5458308 -45.04837 -74.84467 -128 -128 -128 -128 -128 -128 -128 -128 -128 -128
-128 -128 -128 -128 -128 -128 -128 -128 -128 -128 -128 -128 -128 -128 -128 -128 -128 -128 -128 -128 -128 -128 -128 -128 -128 218.0584 171.9238 117.4786 117.6818 136.1883 147.5124 153.7716 160.8438 156.8156 155.192 156.76 159.4757 161.8101 165.7487 165.9997 171.5956 180.6073 184.4776 184.0591 178.3208 169.7697 183.725 183.2079 169.5655 139.0954 134.4181 129.7708 105.4447 68.23352 57.68163 91.05485 113.0389 119.1586 113.2277 93.98311 75.80244 66.50307 52.72426 31.3506 6.273938 -18.52814 -27.1088 -128 -128 -128 -128 -128 -128 -128 -128 -128 -128
-128 -128 -128 -128 -128 -128 -128 -128 -128 -128 -128 -128 -128 -128 -128 -128 -128 -128 -128 -128 -128 -128 -128 -128 -128 -128 186.6621 123.1681 114.372 139.294 152.2108 146.0837 143.7421 147.7788 150.3021 151.4554 155.4227 157.0733 156.4083 158.1802 160.8651 168.1201 172.1161 172.2346 165.0863 161.3322 171.3959 174.8754 165.6381 140.1834 141.6708 132.4596 113.2499 84.45354 59.87248 83.124 103.4854 112.4753 109.7032 87.5425 66.51775 54.92222 42.82702 31.56207 19.54462 0.7501736 -26.14986 -128 -128 -128 -128 -128 -128 -128 -128 -128 -128
-128 -128 -128 -128 -128 -128 -128 -128 -128 -128 -128 -128 -128 -128 -128 -128 -128 -128 -128 -128 -128 -128 -128 -128 -128 -128 210.6887 137.1471 130.4503 144.7752 151.0983 152.2369 154.5302 154.4741 152.9963 153.2509 150.6009 152.8717 153.349 152.2253 153.9709 155.6009 159.5212 158.3555 151.5472 147.8766 160.2672 165.4485 161.7072 151.9014 144.8444 130.4716 111.1793 85.87057 60.87944 76.64832 92.13504 99.67646 91.2841 68.07988 57.46485 47.77182 32.39454 12.64106 19.70796 -5.616906 -19.64196 -5.22118 -128 -128 -128 -128 -128 -128 -128 -128 -128
-128 -128 -128 -128 -128 -128 -128 -128 -128 -128 -128 -128 -128 -128 -128 -128 -128 -128 -128 -128 -128 -128 -128 -128 -128 -128 211.0856 166.6205 147.9037 155.9341 153.8178 141.1767 145.6695 141.5083 141.8005 141.9654 143.1433 149.0422 156.5553 153.2659 150.1799 149.3073 149.461 147.1367 137.1367 133.236 145.8894 152.7889 153.827 145.2478 136.095 126.9523 107.1063 68.0366 57.254 68.95634 80.25371 85.75808 71.95968 58.30418 53.52885 50.45738 35.96867 18.82505 41.09269 15.44126 6.842383 -7.838464 -0.4237812 -128 -128 -128 -128 -128 -128 -128 -128
-128 -128 -128 -128 -128 -128 -128 -128 -128 -128 -128 -128 -128 -128 -128 -128 -128 -128 -128 -128 -128 -128 -128 -128 -128 -128 216.2835 214.4342 166.2195 157.7981 148.8947 146.1905 131.7271 130.1732 138.8608 141.9893 151.8414 160.0237 165.0244 161.8328 154.5028 142.9078 142.9852 138.2891 130.6545 121.3049 134.2392 142.3271 142.8906 137.2404 127.0283 112.772 97.18451 55.93088 51.84966 62.02515 68.37758 65.1385 61.68205 56.06997 56.56929 55.7308 51.13563 49.93652 57.65744 25.21181 -0.2711006 -4.907071 -9.213088 -128 -128 -128 -128 -128 -128 -128 -128
-128 -128 -128 -128 -128 -128 -128 -128 -128 -128 -128 -128 -128 -128 -128 -128 -128 -128 -128 -128 -128 -128 -128 -128 -128 -128 -128 216.3987 168.593 157.5226 155.6038 150.7829 135.1958 136.4064 147.633 156.0268 165.0276 167.8531 168.8719 166.4406 154.865 148.237 142.1558 137.2053 129.5769 123.1193 120.0476 131.3368 132.4789 127.6201 116.9097 99.70745 76.12916 46.68244 49.21616 56.21381 54.58615 57.6145 61.29839 62.04982 59.53099 47.54636 34.05972 54.39727 57.48027 34.39011 -0.0376226 -10.00449 -21.09192 -15.20878 -128 -128 -128 -128 -128 -128 -128
-128 -128 -128 -128 -128 -128 -128 -128 -128 -128 -128 -128 -128 -128 -128 -128 -128 -128 -128 -128 -128 -128 -128 -128 -128 -128 208.6481 196.5092 155.7825 151.4408 147.455 148.44 149.6248 149.0181 153.4603 164.6447 166.1306 167.5558 167.2869 167.0954 155.0046 144.1165 146.074 141.6882 131.5709 127.6824 125.322 128.3771 124.7444 113.7744 99.06656 83.58831 49.95916 34.5639 43.11173 48.54862 50.92228 55.9112 59.77623 63.95105 64.41755 44.88494 13.3785 38.84789 46.31336 22.20449 14.15554 6.965878 -10.1282 -30.09853 -128 -128 -128 -128 -128 -128 -128
-128 -128 -128 -128 -128 -128 -128 -128 -128 -128 -128 -128 -128 -128 -128 -128 -128 -128 -128 -128 -128 -128 -128 -128 -128 -128 205.3238 208.4628 168.7521 154.127 152.3685 152.0594 153.4752 150.4656 160.5565 167.9754 170.6825 177.5288 177.715 177.513 172.2578 159.1823 154.8225 150.8855 147.5292 143.728 138.4632 132.4738 122.6232 108.0087 84.42158 53.43232 23.66113 29.42062 40.80238 45.49214 47.265 51.60276 56.9501 61.26825 64.884 66.55394 61.54829 42.47398 25.45633 17.93185 1.164928 -6.161054 -5.020059 -15.08393 -18.42339 -128 -128 -128 -128 -128 -128
-128 -128 -128 -128 -128 -128 -128 -128 -128 -128 -128 -128 -128 -128 -128 -128 -128 -128 -128 -128 -128 -128 -128 -128 -128 -128 -128 213.7344 187.4677 163.412 165.3792 164.0837 156.8592 156.7871 164.3506 172.6603 178.6568 181.7176 177.0423 178.6441 173.6467 163.2293 163.4129 159.1207 159.1763 154.5426 139.5146 133.7554 122.6095 106.1363 80.18459 34.92852 12.21401 25.63348 36.48902 38.60178 41.3711 48.59343 53.8208 59.85227 59.67188 59.80061 58.4751 43.31236 27.88105 0.3499871 -26.90934 -19.09886 -128 -128 -128 -128 -128 -128 -128 -128 -128
-128 -128 -128 -128 -128 -128 -128 -128 -128 -128 -128 -128 -128 -128 -128 -128 -128 -128 -128 -128 -128 -128 -128 -128 -128 -128 -128 -128 194.3286 161.3733 160.2066 160.7378 165.9896 169.108 173.4827 173.1383 177.8324 176.2282 172.4261 174.7914 170.7259 166.5335 165.5086 162.3881 160.9407 156.4142 143.8654 137.7257 126.4909 110.2721 87.47323 55.24534 28.47247 25.18446 32.29829 32.23243 34.50692 43.2149 54.06073 62.26491 62.88321 50.38941 47.30621 40.62014 11.64872 -21.07988 -31.6668 -128 -128 -128 -128 -128 -128 -128 -128 -128 -128
-128 -128 -128 -128 -128 -128 -128 -128 -128 -128 -128 -128 -128 -128 -128 -128 -128 -128 -128 -128 -128 -128 -128 -128 -128 -128 -128 209.3854 186.6001 165.9147 176.1149 173.1639 170.9906 173.3562 173.1915 173.4065 176.2521 166.8319 168.2937 168.9842 169.4881 167.2388 162.5268 164.0714 163.8917 161.4641 155.0407 145.2327 130.6878 114.4545 95.54771 71.3057 46.94566 24.14551 32.6515 31.6179 33.61051 41.77666 53.57772 61.75928 62.70969 31.25441 27.49191 31.70427 18.74429 -11.04274 -25.898 -128 -128 -128 -128 -128 -128 -128 -128 -128 -128
-128 -128 -128 -128 -128 -128 -128 -128 -128 -128 -128 -128 -128 -128 -128 -128 -128 -128 -128 -128 -128 -128 -128 -128 -128 -128 -128 211.7217 177.953 174.3887 170.4431 170.0339 163.4299 169.4106 169.5062 172.0335 171.2256 165.7154 163.4889 167.9837 172.0158 173.4084 173.041 172.0035 169.8981 166.8492 161.0235 149.6466 133.4972 115.4323 100.7881 85.98104 66.20334 44.53376 38.33397 29.84659 29.30661 37.71252 41.61895 53.27911 65.51797 55.92606 45.41 35.51252 27.37514 -2.28427 -30.15405 -128 -128 -128 -128 -128 -128 -128 -128 -128 -128
-128 -128 -128 -128 -128 -128 -128 -128 -128 -128 -128 -128 -128 -128 -128 -128 -128 -128 -128 -128 -128 -128 -128 -128 -128 -128 204.3508 212.9823 187.573 179.1333 179.405 179.7828 179.2331 178.8652 173.743 180.8697 176.2243 174.8468 174.3741 175.7731 174.7167 174.7268 176.174 174.0862 170.7876 166.4024 160.1538 150.5364 134.7435 113.6193 102.3502 92.04759 76.99212 67.60298 50.48025 37.55226 20.62971 22.28376 20.61677 10.62278 51.58912 54.51279 34.22506 30.15418 22.10168 -8.180329 -23.66474 -128 -128 -128 -128 -128 -128 -128 -128 -128 -128
-128 -128 -128 -128 -128 -128 -128 -128 -128 -128 -128 -128 -128 -128 -128 -128 -128 -128 -128 -128 -128 -128 -128 -128 -128 -128 201.7998 196.7303 180.523 173.6212 177.0228 189.1192 188.4814 187.8671 189.6659 188.3984 184.3578 176.4512 171.6016 172.1293 173.8326 174.3162 176.2151 173.9416 169.2697 164.0495 156.2265 148.4079 136.0154 119.7542 109.255 99.9738 88.32563 72.25568 60.03734 36.13419 18.31655 24.93447 25.2332 36.48593 55.20131 53.00273 34.82731 32.96019 -3.438292 -30.94684 -128 -128 -128 -128 -128 -128 -128 -128 -128 -128 -128
-128 -128 -128 -128 -128 -128 -128 -128 -128 -128 -128 -128 -128 -128 -128 -128 -128 -128 -128 -128 -128 -128 -128 -128 -128 200.4201 198.1169 182.9638 185.7786 180.845 189.7489 184.3985 182.6064 180.7786 179.4669 178.015 172.0429 164.2703 166.3213 166.7836 166.9995 172.5726 173.5452 173.7478 168.1766 157.8193 147.9149 137.9393 132.7598 123.1834 106.8453 96.24628 86.32269 73.42696 52.56805 31.29324 6.177833 17.99858 34.43079 37.728 56.02487 47.95823 18.98114 15.8799 8.814576 -10.13702 -128 -128 -128 -128 -128 -128 -128 -128 -128 -128 -128
-128 -128 -128 -128 -128 -128 -128 -128 -128 -128 -128 -128 -128 -128 -128 -128 -128 -128 -128 -128 -128 -128 -128 183.8232 184.0452 186.4922 181.8119 182.6279 182.6424 185.3661 183.2461 186.5514 188.6482 188.3607 184.4772 184.435 184.6118 179.6243 173.4039 168.8866 167.2258 168.0849 169.8002 169.2111 165.3432 159.242 146.0873 137.3759 125.5019 113.3447 103.0329 90.10821 78.07046 63.90248 48.86287 30.46041 17.76512 14.81079 36.19324 48.85022 55.32131 37.80142 13.46075 4.303738 4.914525 -4.555025 6.175862 -128 -128 -128 -128 -128 -128 -128 -128 -128 -128
-128 -128 -128 -128 -128 -128 -128 -128 -128 -128 -128 -128 -128 -128 -128 -128 -128 -128 -128 -128 -128 -128 -128 -128 181.5977 172.5251 182.1558 183.1837 179.0407 186.357 183.0882 188.3112 189.4275 190.3695 191.5785 190.6099 186.2099 176.2273 169.2818 169.4144 168.0071 165.3606 166.8681 164.9213 161.7294 154.4528 145.7202 132.6309 116.7715 107.2635 99.50278 85.82398 69.15137 52.77012 32.44392 16.06312 19.82043 35.8386 38.62193 50.88681 57.72047 36.57358 14.16264 15.2018 8.237873 -1.80202 -6.13652 -128 -128 -128 -128 -128 -128 -128 -128 -128 -128
-128 -128 -128 -128 -128 -128 -128 -128 -128 -128 -128 -128 -128 -128 -128 -128 -128 -128 -128 -128 -128 -128 -128 184.6863 181.4618 175.1504 185.81 181.7101 179.8873 186.5397 187.7124 183.017 182.938 187.4113 188.168 187.8008 184.1327 177.4953 170.863 167.8396 168.4809 166.6889 170.0653 165.2215 158.8825 152.7601 142.7534 128.9655 110.9825 104.0924 100.3652 89.69987 71.23853 53.30724 27.20087 9.269751 15.6997 38.24631 47.71318 50.02466 28.67212 11.24348 12.93267 24.98304 21.44768 -2.145829 -15.55043 -128 -128 -128 -128 -128 -128 -128 -128 -128 -128
-128 -128 -128 -128 -128 -128 -128 -128 -128 -128 -128 -128 -128 -128 -128 -128 -128 -128 -128 -128 -128 -128 -128 172.154 175.4321 184.246 178.63 172.2344 174.3235 183.5711 187.0364 185.0807 190.7657 190.2088 188.0926 185.8694 185.5391 180.006 177.0524 175.6006 175.9879 175.1636 172.1343 167.6305 159.392 150.2511 141.6028 125.0074 110.8804 109.3127 105.1194 93.29774 76.60578 62.32145 37.30225 11.74676 4.121278 26.24174 44.27673 37.22541 21.44839 7.02719 14.43351 36.21574 37.62918 31.79116 -7.144924 -11.15738 -128 -128 -128 -128 -128 -128 -128 -128 -128
-128 -128 -128 -128 -128 -128 -128 -128 -128 -128 -128 -128 -128 -128 -128 -128 -128 -128 -128 -128 -128 -128 -128 164.8915 155.5573 167.03 178.2263 174.6373 175.9706 183.5611 188.9703 186.6358 188.9513 191.5366 190.6905 191.2045 188.6531 182.6525 183.683 180.985 179.2288 177.2513 169.8375 163.6112 151.8685 145.8525 143.0315 137.1521 125.7203 121.7864 112.2869 100.4335 81.80589 59.68646 35.97182 14.31703 6.232593 12.25017 33.95947 50.17706 49.09429 9.273772 7.359116 29.60182 40.04896 35.32287 11.85088 -12.48058 -128 -128 -128 -128 -128 -128 -128 -128 -128
-128 -128 -128 -128 -128 -128 -128 -128 -128 -128 -128 -128 -128 -128 -128 -128 -128 -128 -128 -128 -128 -128 172.2148 162.3592 149.0603 156.8898 175.5204 173.6848 175.7233 185.5385 193.666 192.4551 192.2903 193.3391 194.9959 197.8017 196.4905 192.8268 188.4577 179.409 174.3447 173.0713 172.8977 167.6068 158.0345 155.8513 151.6064 143.9008 134.4714 124.0119 110.9121 96.7868 81.26928 55.20641 22.55387 10.44474 14.31634 23.50088 56.27772 76.9803 62.37386 21.32194 10.5879 18.34646 34.21163 27.97965 31.54231 24.74505 -128 -128 -128 -128 -128 -128 -128 -128 -128
-128 -128 -128 -128 -128 -128 -128 -128 -128 -128 -128 -128 -128 -128 -128 -128 -128 -128 -128 -128 -128 -128 170.3297 161.3721 156.5809 158.1961 165.3928 170.718 182.4975 187.4911 189.4822 189.7925 189.3427 188.9229 183.1375 193.2947 192.2925 193.6553 186.9001 180.5005 169.1611 172.4853 178.0822 173.2164 168.8357 162.7288 153.9779 141.2644 129.5207 115.9257 95.45663 74.43622 59.49364 45.3463 20.22919 9.64804 15.93477 28.64949 73.81557 79.38699 56.17503 22.11138 16.04993 39.24981 35.4577 20.4477 34.09822 31.61829 21.19982 -128 -128 -128 -128 -128 -128 -128 -128
-128 -128 -128 -128 -128 -128 -128 -128 -128 -128 -128 -128 -128 -128 -128 -128 -128 -128 -128 -128 -128 -128 175.9086 165.8036 156.2039 152.8377 165.832 176.5477 181.3411 187.0286 190.3022 193.598 193.1894 192.7536 189.1785 194.6296 198.5314 200.3287 188.8775 184.8231 184.4144 183.2678 180.0928 176.4957 168.7423 159.3822 147.9354 133.2047 123.7105 108.5577 90.80274 70.76179 58.87744 45.96508 29.68286 15.24714 12.94084 27.97515 51.73648 48.37328 43.19181 22.79878 9.818788 16.77035 12.19088 13.66463 27.4253 23.93786 7.535955 -128 -128 -128 -128 -128 -128 -128 -128
-128 -128 -128 -128 -128 -128 -128 -128 -128 -128 -128 -128 -128 -128 -128 -128 -128 -128 -128 -128 -128 -128 -128 180.1671 165.6436 159.8322 168.5913 172.7422 175.8035 182.7685 185.5375 189.4085 189.9567 194.8511 194.3 193.3822 197.7973 202.9994 197.9567 193.7679 192.2818 189.1939 185.8168 179.9649 172.3338 162.969 151.2039 136.8683 127.1557 115.4652 103.3182 88.77546 68.55384 46.59311 32.78446 18.09006 43.37913 33.49973 19.32654 26.13087 16.00882 19.56735 16.29973 16.45538 3.002674 1.38419 14.89479 17.5819 3.184579 -128 -128 -128 -128 -128 -128 -128 -128
-128 -128 -128 -128 -128 -128 -128 -128 -128 -128 -128 -128 -128 -128 -128 -128 -128 -128 -128 -128 -128 -128 -128 -128 167.0876 153.7685 162.3518 168.6054 174.5068 185.9038 190.0633 194.6458 192.4805 195.6722 196.4935 198.5924 203.0742 202.9755 202.3152 199.7867 194.0695 188.2962 182.9053 178.604 171.1048 162.4805 154.1663 141.3399 126.4616 105.7074 85.14362 77.27639 70.82118 50.19977 35.33349 41.56221 45.25639 20.76339 -2.286633 8.321645 15.94729 20.95785 28.82929 29.71709 9.042943 -7.457674 8.930861 12.9358 10.95954 -128 -128 -128 -128 -128 -128 -128 -128
