formato/VCI/bioclimatica_2.asc
ncols         186
nrows         781
xllcorner     -75.7
yllcorner     -56.55
cellsize      0.05
NODATA_value  -9999
[rows 468 to 503 of 781, columns 0 to 82 of 186]
nan nan nan nan nan nan nan nan nan nan nan nan nan nan nan nan nan nan nan nan nan nan nan nan nan nan nan nan nan nan nan nan nan nan nan nan 8.040886 7.76539 7.664047 7.902608 8.729308 9.534198 10.1792 10.45097 10.31323 10.30294 10.30081 10.33236 10.41927 10.42173 10.36256 10.26191 10.18434 10.09203 9.883624 9.679658 9.364717 9.225934 9.001618 8.868179 8.811241 8.754145 8.656049 8.138616 7.85529 8.076914 8.13215 8.198026 8.087545 7.501546 8.097441 8.396154 8.128426 9.154143 9.558325 9.088918 8.663118 nan nan nan nan nan nan
nan nan nan nan nan nan nan nan nan nan nan nan nan nan nan nan nan nan nan nan nan nan nan nan nan nan nan nan nan nan nan nan nan nan nan 7.731472 7.73106 7.797402 7.931004 8.333079 9.414012 10.32232 10.53692 10.26148 10.32215 10.43721 10.40342 10.36381 10.35793 10.3161 10.22611 10.11871 10.01682 9.90195 9.592501 9.041465 8.789215 8.68017 8.45126 8.568848 8.643341 8.612017 8.519294 8.146532 7.836854 8.119561 7.777456 7.437522 6.715119 7.893292 8.808942 7.963605 8.187003 9.678751 8.241549 8.269277 8.472273 nan nan nan nan nan nan
nan nan nan nan nan nan nan nan nan nan nan nan nan nan nan nan nan nan nan nan nan nan nan nan nan nan nan nan nan nan nan nan nan nan nan 7.756681 7.700759 7.76885 8.319853 9.263067 9.998772 10.34239 10.42487 10.31793 10.46937 10.47909 10.45773 10.37525 10.27137 10.23071 10.18522 10.09718 9.967246 9.742233 9.250904 8.703232 8.160061 7.756306 7.673018 7.943846 8.39654 8.298004 8.166729 7.873164 7.586732 7.416728 7.270824 7.399596 8.267326 8.84063 8.685696 8.200462 7.872207 9.622021 9.046507 9.20077 8.931054 8.781631 nan nan nan nan nan
nan nan nan nan nan nan nan nan nan nan nan nan nan nan nan nan nan nan nan nan nan nan nan nan nan nan nan nan nan nan nan nan nan nan nan 7.953617 8.048628 7.901574 8.544771 9.751849 10.18723 10.4312 10.32978 10.1164 10.25767 10.52901 10.47946 10.38444 10.22738 10.19182 10.15308 10.05295 9.821815 9.42524 8.907471 8.491472 7.893489 7.461446 7.319754 7.398473 7.791415 8.058393 7.830085 7.08782 6.884423 7.319821 8.461474 8.680563 8.585346 9.013156 9.08978 8.659074 8.186168 9.982784 8.703969 8.987633 9.343076 8.729836 nan nan nan nan nan
nan nan nan nan nan nan nan nan nan nan nan nan nan nan nan nan nan nan nan nan nan nan nan nan nan nan nan nan nan nan nan nan nan nan nan 8.220942 8.267118 7.856206 8.606557 9.657297 10.26763 10.42338 10.39223 10.39552 10.29294 10.38819 10.41523 10.40079 10.31294 10.15228 10.0809 9.957111 9.58569 9.046599 8.493212 7.872169 7.436564 7.254877 7.155252 7.17535 7.360932 7.685832 7.649607 6.502332 7.408489 8.96968 8.750033 8.323655 8.626864 7.730533 7.21528 8.167407 9.337932 8.311477 8.592634 7.891824 8.605728 8.51629 nan nan nan nan nan
nan nan nan nan nan nan nan nan nan nan nan nan nan nan nan nan nan nan nan nan nan nan nan nan nan nan nan nan nan nan nan nan nan nan nan 8.270807 8.522223 8.196146 8.886934 9.597891 10.20063 10.38149 10.54715 10.57672 10.54696 10.46524 10.42832 10.37698 10.26402 10.12022 9.916922 9.820194 9.50495 8.965008 8.288459 7.746148 7.29344 7.165691 7.089013 7.101021 7.256242 7.531553 7.945504 8.248138 8.712321 7.306256 7.111885 6.919252 8.771291 6.964132 7.350406 8.69191 8.241041 8.08496 8.397902 7.179139 7.391842 8.436151 nan nan nan nan nan
nan nan nan nan nan nan nan nan nan nan nan nan nan nan nan nan nan nan nan nan nan nan nan nan nan nan nan nan nan nan nan nan nan nan nan nan 8.731495 8.519888 9.272442 9.876159 9.619749 9.84289 10.21336 10.56757 10.58838 10.44637 10.3309 10.2795 10.19299 9.998245 9.78976 9.589437 9.295282 8.657561 8.096762 7.566011 7.278019 7.3163 7.463073 7.284687 7.304378 7.910727 8.186032 8.518474 8.737278 7.839929 7.124115 7.243932 8.954461 7.373219 7.621106 9.061234 8.752285 8.934733 9.107136 8.828053 8.452884 9.333736 nan nan nan nan nan
nan nan nan nan nan nan nan nan nan nan nan nan nan nan nan nan nan nan nan nan nan nan nan nan nan nan nan nan nan nan nan nan nan nan nan nan 8.697845 8.856446 8.950812 9.436845 9.31873 9.866299 10.22345 10.50682 10.66382 10.47687 10.33676 10.23609 10.08052 9.86356 9.659406 9.540471 9.23255 8.741182 8.144979 7.659177 7.593366 7.61626 7.648637 7.628769 7.699045 7.779525 8.16121 8.360112 8.785487 8.497242 7.781441 7.564965 8.546441 8.327563 8.468273 8.259645 8.184202 9.38626 8.800738 8.513214 8.572733 8.825199 nan nan nan nan nan
nan nan nan nan nan nan nan nan nan nan nan nan nan nan nan nan nan nan nan nan nan nan nan nan nan nan nan nan nan nan nan nan nan nan nan nan nan 8.799601 8.992451 9.042668 9.513896 10.07479 10.349 10.61178 10.65781 10.55476 10.37932 10.24312 10.12956 9.960889 9.723244 9.555718 9.258472 8.982401 8.709538 8.132109 7.854351 7.933082 7.898616 7.795359 7.44204 6.309705 7.027745 7.554839 7.760428 8.335425 8.200459 7.513003 8.417492 8.062231 8.823514 7.925223 8.206036 8.911114 9.471608 8.722518 8.572347 nan nan nan nan nan nan
nan nan nan nan nan nan nan nan nan nan nan nan nan nan nan nan nan nan nan nan nan nan nan nan nan nan nan nan nan nan nan nan nan nan nan nan 8.303885 8.696421 9.06068 9.372109 9.563441 9.980926 10.19543 10.43524 10.47856 10.45292 10.33089 10.19955 10.09311 9.876184 9.677679 9.45451 9.258402 9.000113 8.775717 8.527387 8.245736 8.246268 8.187669 8.045631 7.734196 7.604865 7.78052 7.589837 7.597277 7.304158 7.791951 9.049869 9.147267 8.060212 7.826041 8.585349 8.729787 8.523757 8.71272 8.727142 8.725469 nan nan nan nan nan nan
nan nan nan nan nan nan nan nan nan nan nan nan nan nan nan nan nan nan nan nan nan nan nan nan nan nan nan nan nan nan nan nan nan nan nan nan 8.180769 8.523088 9.076879 9.521281 9.77668 9.965994 9.964623 10.21965 10.28294 10.25538 10.12884 10.06409 9.974358 9.825524 9.596622 9.323917 9.018752 8.852718 8.623134 8.431296 8.167221 8.209773 8.253736 8.38378 8.131094 8.2387 8.36708 8.416656 7.891323 7.162563 7.453499 9.271606 8.489321 7.78647 8.526117 8.889894 8.925323 8.790311 8.857993 8.825808 8.973631 9.05154 nan nan nan nan nan
nan nan nan nan nan nan nan nan nan nan nan nan nan nan nan nan nan nan nan nan nan nan nan nan nan nan nan nan nan nan nan nan nan nan nan nan 8.064564 8.38498 8.80235 9.526124 9.81133 10.02139 10.12608 10.22871 10.11767 9.965814 9.884312 9.920219 9.826343 9.637136 9.404262 9.129508 8.911919 8.559736 8.320402 8.270215 8.006465 8.1198 7.988582 7.940314 8.354916 7.900261 7.294329 7.455919 7.968514 7.278525 7.35497 9.286671 8.472898 8.617098 7.56039 8.310262 8.370593 8.411427 8.94891 8.818031 9.342675 8.306745 nan nan nan nan nan
nan nan nan nan nan nan nan nan nan nan nan nan nan nan nan nan nan nan nan nan nan nan nan nan nan nan nan nan nan nan nan nan nan nan nan nan nan 8.316208 8.750004 9.220001 9.611716 9.779172 9.904452 10.02807 10.08803 9.811678 9.650305 9.578549 9.486223 9.357834 9.095361 8.791274 8.369702 8.091868 7.787617 nan 7.571494 7.734787 7.854172 7.639911 7.54969 7.576602 7.130397 7.077726 7.778342 7.261268 7.660212 9.302828 8.389058 7.903825 7.740767 8.604297 8.494162 8.394255 9.205796 9.364874 9.521106 9.514091 nan nan nan nan nan
nan nan nan nan nan nan nan nan nan nan nan nan nan nan nan nan nan nan nan nan nan nan nan nan nan nan nan nan nan nan nan nan nan nan nan nan nan nan 8.355904 8.697785 9.082198 9.307388 9.523933 9.808874 9.756096 9.644098 9.508963 9.332604 9.183241 8.897077 8.63521 8.251247 7.837121 7.715107 7.289237 nan nan nan 7.303618 7.468569 7.509241 7.284739 7.213568 6.964428 6.934945 6.637001 7.625683 8.816488 7.328045 7.719934 8.637371 8.445148 8.46124 8.148667 8.802788 9.428803 8.357396 8.738954 nan nan nan nan nan
nan nan nan nan nan nan nan nan nan nan nan nan nan nan nan nan nan nan nan nan nan nan nan nan nan nan nan nan nan nan nan nan nan nan nan nan nan nan nan nan 8.47909 8.797138 9.151571 9.448324 9.455314 9.335831 9.178467 9.033282 8.812902 8.52504 8.251111 7.813283 7.352873 nan 6.808255 nan nan nan nan 7.04466 7.355112 6.79342 6.411195 6.520053 6.5064 6.951573 8.067374 8.668089 8.493554 9.047239 8.827278 8.07682 8.132855 8.681127 8.846674 9.323647 8.489198 9.267543 nan nan nan nan nan
nan nan nan nan nan nan nan nan nan nan nan nan nan nan nan nan nan nan nan nan nan nan nan nan nan nan nan nan nan nan nan nan nan nan nan nan nan 7.280062 nan 7.849351 8.146038 8.59082 9.036437 9.214754 9.275886 9.062348 8.814436 8.550559 8.305815 8.041223 7.741983 7.440849 7.054651 6.871204 6.43905 6.29939 6.21747 nan nan nan 6.982453 6.38404 6.393024 7.304476 7.853428 8.348687 8.723899 8.854921 8.61779 7.763968 8.643612 9.246732 8.657502 8.68183 9.796521 9.139853 9.112704 8.661327 8.348927 nan nan nan nan
nan nan nan nan nan nan nan nan nan nan nan nan nan nan nan nan nan nan nan nan nan nan nan nan nan nan nan nan nan nan nan nan nan nan nan nan nan 6.969563 7.208205 7.463159 7.941331 8.388456 8.714355 8.920682 8.91117 8.670787 8.41364 8.150023 7.852559 7.632065 7.322612 6.933433 6.65403 6.291907 5.989616 5.886587 5.808403 nan nan nan 6.679092 6.926555 7.423975 7.613749 7.891255 7.268456 7.547401 7.965219 8.614093 7.744929 8.293755 9.440571 10.1422 10.18047 9.844546 9.440904 8.936076 8.410329 8.809346 nan nan nan nan
nan nan nan nan nan nan nan nan nan nan nan nan nan nan nan nan nan nan nan nan nan nan nan nan nan nan nan nan nan nan nan nan nan 6.086422 6.302362 6.514462 6.73564 nan nan 7.368415 7.712963 8.071236 8.294538 8.598433 8.506538 8.195377 7.973926 7.839117 7.567601 7.237935 6.86888 6.711873 6.408818 5.913812 nan nan nan nan nan 6.163631 6.295739 5.840147 6.649903 6.440875 7.100336 6.43075 6.697476 7.43354 8.438311 8.404072 8.10599 8.446747 9.770087 10.50318 9.115541 8.715181 9.169653 8.807405 8.620804 nan nan nan nan
nan nan nan nan nan nan nan nan nan nan nan nan nan nan nan nan nan nan nan nan nan nan nan nan nan nan nan nan nan nan nan nan 6.137139 6.314427 6.599983 6.854363 7.004324 7.250853 nan 7.585384 7.874625 8.163343 8.09553 8.14567 7.925639 nan 7.437066 7.203391 6.9533 6.721502 6.53911 6.435735 6.227795 5.924789 5.68187 nan nan nan 5.960044 6.317244 6.150271 6.407633 6.597311 6.781702 6.741734 7.331568 7.232688 7.898619 8.049179 8.150959 8.533295 8.922563 9.630211 9.697577 10.16558 8.575405 8.494545 8.887654 8.646809 nan nan nan nan
nan nan nan nan nan nan nan nan nan nan nan nan nan nan nan nan nan nan nan nan nan nan nan nan nan nan nan nan nan nan nan nan nan 6.684118 6.983758 7.129086 7.327917 7.497749 7.902218 8.094185 8.269203 8.209626 8.044317 7.730324 7.571362 nan nan nan nan nan 6.277579 6.092666 5.918014 5.730543 5.753819 5.646224 5.714345 5.81095 6.17408 6.474222 6.146014 6.121523 6.417568 6.802281 7.270663 7.551548 8.360415 7.936057 7.770841 7.869442 7.978951 9.309352 9.348775 9.094358 9.924603 10.1411 9.158014 8.784885 8.587463 nan nan nan nan
nan nan nan nan nan nan nan nan nan nan nan nan nan nan nan nan nan nan nan nan nan nan nan nan nan nan nan nan nan nan nan nan 6.500235 6.748555 7.028327 7.233702 7.566251 7.84757 8.262451 8.362126 8.320749 8.143063 7.858256 7.449289 7.25947 nan nan nan nan nan 6.083136 5.936351 5.793053 nan nan nan 5.675053 5.891946 6.159443 6.500398 6.642656 6.383423 6.686105 6.951841 8.020191 8.538712 7.979825 7.737452 8.428751 7.637627 8.436183 8.734988 8.374159 8.62797 8.968485 10.37176 10.06004 9.054096 8.546025 nan nan nan nan
nan nan nan nan nan nan nan nan nan nan nan nan nan nan nan nan nan nan nan nan nan nan nan nan nan nan nan nan nan nan nan nan 6.681751 6.832667 7.20479 7.67049 8.008124 8.348168 8.645759 8.565334 8.321164 8.105522 7.823024 7.389921 6.950087 nan nan nan nan nan nan nan nan nan nan nan nan 5.767646 6.101758 6.428179 6.653097 5.911757 6.661809 7.073078 8.235636 8.340378 7.418416 7.276093 8.03626 8.134182 7.676881 8.957204 8.383877 9.100304 8.668593 10.46318 10.05366 9.59149 8.095473 nan nan nan nan
nan nan nan nan nan nan nan nan nan nan nan nan nan nan nan nan nan nan nan nan nan nan nan nan nan nan nan nan nan nan nan nan 6.950863 7.129806 7.56644 8.129145 8.579169 8.733569 8.872985 8.81872 8.527699 8.150392 7.82242 7.526832 7.090794 6.60823 nan nan nan nan nan nan nan nan nan nan nan nan nan 6.284676 6.550427 6.725427 6.721498 7.304764 7.908588 7.721373 7.144815 7.267677 7.999158 8.201977 8.918148 10.32603 10.13747 9.941812 10.08843 10.09797 9.804286 9.971455 8.617553 8.456735 nan nan nan
nan nan nan nan nan nan nan nan nan nan nan nan nan nan nan nan nan nan nan nan nan nan nan nan nan nan nan nan nan nan nan nan 7.291094 7.584241 7.980332 8.409793 8.708114 8.948994 9.121267 8.98153 8.645043 8.195085 7.767728 7.517417 7.193261 6.67777 nan nan nan nan nan nan nan nan nan nan nan nan nan nan nan 6.709107 7.139706 7.538498 8.048684 7.564896 7.746102 7.762968 7.997843 7.833345 8.777631 9.172358 8.57108 8.068476 8.711276 8.949618 9.966113 9.912315 8.775002 8.527418 nan nan nan
nan nan nan nan nan nan nan nan nan nan nan nan nan nan nan nan nan nan nan nan nan nan nan nan nan nan nan nan nan nan nan nan 7.625497 7.843312 8.029725 8.619771 8.912797 9.054059 9.201859 9.08005 8.737025 8.306381 7.861899 7.378527 7.136769 6.943568 6.400194 nan nan nan nan nan nan nan nan nan nan nan nan nan nan 7.019316 7.210117 6.955674 8.057467 7.238435 7.522162 8.408823 7.76085 8.382043 8.346985 9.269533 7.980913 8.307458 8.670327 9.738523 8.464684 8.983952 8.67028 9.140516 nan nan nan
nan nan nan nan nan nan nan nan nan nan nan nan nan nan nan nan nan nan nan nan nan nan nan nan nan nan nan nan nan nan 7.222428 7.623474 7.828436 7.984266 8.004354 8.322183 9.038196 9.320306 9.381967 9.233727 8.821869 8.392441 7.914775 7.514294 7.166738 6.798097 6.387462 6.112257 nan nan nan nan nan nan nan nan nan nan nan nan nan 7.544276 7.906335 8.212349 8.484055 7.86989 8.446237 8.14432 8.419886 8.435571 8.523535 8.834849 nan nan 9.407102 9.542327 8.301424 8.61097 nan nan nan nan nan
nan nan nan nan nan nan nan nan nan nan nan nan nan nan nan nan nan nan nan nan nan nan nan nan nan nan nan nan nan nan 7.53649 7.72849 7.974118 8.316395 8.616707 8.632199 8.963007 9.330098 9.657675 9.400609 8.941075 8.481644 8.081618 7.676766 7.310785 6.833864 6.439444 nan nan nan 5.597769 nan nan nan nan nan nan nan 6.975479 7.322346 7.56401 7.355206 7.406377 8.723317 9.043402 8.049491 8.309464 8.808912 8.427304 8.885115 8.500226 nan nan nan nan nan nan nan nan nan nan nan nan
nan nan nan nan nan nan nan nan nan nan nan nan nan nan nan nan nan nan nan nan nan nan nan nan nan nan nan nan nan nan 7.719265 7.630884 7.971259 8.283977 8.667891 8.476687 8.798174 9.2981 9.722572 9.598128 9.084315 8.598636 8.141719 7.760249 7.403113 7.052564 6.493771 6.289445 5.771335 5.601029 5.600733 5.550097 5.508036 nan nan nan nan 6.725105 7.147383 7.563068 7.604413 7.064828 7.566183 8.793141 9.049696 8.417016 8.320897 8.240375 8.103687 8.161758 8.395904 8.851826 nan nan nan nan nan nan nan nan nan nan nan
nan nan nan nan nan nan nan nan nan nan nan nan nan nan nan nan nan nan nan nan nan nan nan nan nan nan nan nan nan nan 7.860873 8.177731 8.457047 8.583357 9.044287 8.986285 9.394029 9.661357 9.857072 9.62425 9.086699 8.514015 8.127546 7.747504 7.280041 6.98989 6.439697 6.211549 5.815464 5.645415 5.687171 5.582023 5.568453 nan nan nan nan 6.724673 7.007258 6.915411 7.689638 7.443221 7.569391 8.65715 8.973914 8.102253 8.057384 8.541883 8.085347 8.350731 9.060326 8.479901 nan nan nan nan nan nan nan nan nan nan nan
nan nan nan nan nan nan nan nan nan nan nan nan nan nan nan nan nan nan nan nan nan nan nan nan nan nan nan nan nan nan 7.948996 8.211694 8.430546 8.508357 8.927969 9.569104 9.964185 10.1629 10.0767 9.654084 9.131558 8.60058 8.036054 7.467959 7.164632 6.735802 nan 6.140306 5.778417 nan 5.616052 5.584987 nan nan nan nan nan nan 7.233816 7.245821 7.210375 7.98098 7.694973 8.097868 9.029283 8.917806 7.731419 8.129021 8.263608 8.769758 8.923404 8.60132 9.083891 8.648754 nan nan nan nan nan nan nan nan nan
nan nan nan nan nan nan nan nan nan nan nan nan nan nan nan nan nan nan nan nan nan nan nan nan nan nan nan nan nan nan 7.801159 7.968412 8.231444 8.376945 8.799109 9.206976 9.561464 9.834694 10.14529 9.874758 9.109344 8.609353 7.925125 7.404053 7.073941 6.761243 nan 6.190742 5.778064 nan nan nan nan nan nan nan nan nan nan 7.734873 7.387443 7.597682 7.682698 7.798276 8.800958 8.883492 7.427151 8.141964 8.545503 9.07522 8.733497 8.768792 8.784883 8.252707 nan nan nan nan nan nan nan nan nan
nan nan nan nan nan nan nan nan nan nan nan nan nan nan nan nan nan nan nan nan nan nan nan nan nan nan nan nan nan nan 7.793859 7.941585 8.241393 8.382638 8.653163 8.765324 9.125937 9.551459 9.99099 9.702003 9.004717 8.474097 8.042158 7.595803 7.114698 6.858915 6.472576 6.210938 5.897244 5.624095 nan nan nan nan nan nan nan 6.842052 7.326922 nan 7.82746 7.800641 7.650374 7.663582 8.70815 8.864232 8.524305 9.003055 9.005539 8.818233 9.18423 9.334408 9.012269 8.611045 nan nan nan nan nan nan nan nan nan
nan nan nan nan nan nan nan nan nan nan nan nan nan nan nan nan nan nan nan nan nan nan nan nan nan nan nan nan nan nan 7.78987 8.038116 8.159869 8.268671 8.62507 8.853469 9.2787 9.522611 9.849902 9.426432 8.807438 8.335268 7.883742 7.384025 7.000623 6.753844 6.370118 nan 5.775986 5.623859 nan nan nan nan nan nan nan 6.913378 7.127861 7.348905 7.925817 8.290268 8.024851 8.205966 8.929011 7.728982 8.103005 7.938175 8.708039 8.416093 8.606384 9.202142 8.819903 8.62514 nan nan nan nan nan nan nan nan nan
nan nan nan nan nan nan nan nan nan nan nan nan nan nan nan nan nan nan nan nan nan nan nan nan nan nan nan nan nan nan nan 8.109347 8.264948 8.425173 8.737001 9.192688 9.607164 9.554365 9.512361 9.284286 8.818217 8.233553 7.716099 7.195162 6.866582 6.553924 6.273993 6.006922 5.747214 5.638503 nan nan nan 5.691069 nan nan nan 7.044435 7.149211 7.151947 7.362926 7.94942 8.620475 8.919575 8.616238 8.100732 7.716119 8.121988 8.648101 8.533159 8.484688 8.702504 8.700979 nan nan nan nan nan nan nan nan nan nan
nan nan nan nan nan nan nan nan nan nan nan nan nan nan nan nan nan nan nan nan nan nan nan nan nan nan nan nan nan nan nan 7.97088 8.216274 8.431289 8.801341 9.24295 9.467145 9.465425 9.451021 9.104126 8.573909 7.990571 7.60068 7.093963 6.707049 6.419109 6.199925 5.982466 5.816509 5.660558 5.63901 nan 5.704484 5.741844 nan 6.319695 6.694133 7.172573 7.551527 7.712057 7.613709 7.658342 8.241817 8.431783 9.080559 8.509268 8.208039 8.043323 8.101371 8.466768 8.563056 8.528296 8.753501 nan nan nan nan nan nan nan nan nan nan
nan nan nan nan nan nan nan nan nan nan nan nan nan nan nan nan nan nan nan nan nan nan nan nan nan nan nan nan nan nan nan 7.818347 8.150559 8.36154 8.758488 9.109497 9.209316 9.232424 9.202155 8.793155 8.269853 7.76487 7.351643 6.839018 nan nan nan 5.895519 5.690266 5.60858 nan 5.685962 5.702092 5.777267 nan nan 6.798774 7.282304 7.482715 7.373264 7.798584 7.708275 8.433344 8.232444 8.929518 8.959908 8.319115 8.405535 8.391135 8.59311 8.174618 8.701785 nan nan nan nan nan nan nan nan nan nan nan
