formato/VCI/bioclim_19.asc
ncols         186
nrows         781
xllcorner     -75.7
yllcorner     -56.55
cellsize      0.05
NODATA_value  -9999
[rows 170 to 203 of 781, columns 77 to 153 of 186]
-128 -128 -128 -128 -128 -128 -128 -128 -128 -128 -128 -128 -128 -128 -128 -128 -128 -128 -128 -128 -128 -128 -128 -128 36.25067 30.38022 34.12844 37.12144 37.98579 38.61235 39.44463 40.0773 40.47469 41.19878 41.67314 42.68186 43.2956 43.38656 41.99379 40.99699 40.3288 39.30333 37.59221 35.16822 33.75 32.42765 29.87807 25.06081 20.28547 14.42495 7.130449 6.705812 5.819392 1.877308 -0.7253635 2.601981 0.9868768 -2.546695 -8.951601 -8.744483 -5.85758 -4.483465 -1.140581 -3.131556 -11.29239 -15.51975 -8.503325 -8.089447 -5.535758 -128 -128 -128 -128 -128 -128 -128 -128
-128 -128 -128 -128 -128 -128 -128 -128 -128 -128 -128 -128 -128 -128 -128 -128 -128 -128 -128 -128 -128 -128 -128 38.37754 32.44932 33.44739 36.60077 36.34538 36.8681 36.74361 37.53881 38.1796 39.81841 41.10047 41.23763 42.36861 43.28013 43.13919 42.15569 41.26345 40.6357 39.52808 38.20409 36.89006 34.84832 32.68342 29.79156 25.19069 20.21636 13.22074 9.060901 7.181269 1.974499 -2.721407 0.4272421 4.817778 3.635657 0.2861233 -7.307886 -7.683108 -6.819792 -4.376088 -1.170392 -2.997231 -9.338573 -13.19355 -11.32625 -10.16745 -11.7336 -7.204122 -128 -128 -128 -128 -128 -128 -128
-128 -128 -128 -128 -128 -128 -128 -128 -128 -128 -128 -128 -128 -128 -128 -128 -128 -128 -128 -128 -128 -128 -128 38.50158 35.2386 34.98405 34.99343 35.05627 34.89811 35.97082 35.83943 37.40359 39.16431 40.4822 41.20903 41.75978 42.96389 43.0547 42.61272 41.91555 41.09045 40.16719 39.0691 37.95914 35.37986 32.28393 30.97005 27.48754 22.92007 16.89577 11.96549 8.686666 6.023555 4.781166 6.946396 10.43293 4.256194 0.7545445 -4.697662 -8.850663 -12.18868 -8.896478 -5.050485 -4.149899 -8.310169 -8.839845 -13.62324 -13.04656 -13.40318 -13.39635 -128 -128 -128 -128 -128 -128 -128
-128 -128 -128 -128 -128 -128 -128 -128 -128 -128 -128 -128 -128 -128 -128 -128 -128 -128 -128 -128 -128 -128 -128 38.29194 34.28273 32.45024 32.02106 34.69648 35.85946 35.83583 36.6215 36.05915 37.1747 39.14254 40.97302 41.87588 42.57167 42.86489 42.21436 41.28902 41.01153 40.24884 38.24905 36.13719 32.79545 28.16121 28.22117 25.93742 20.21872 13.04775 12.31218 10.05424 9.328055 8.549696 9.75947 9.737118 4.299587 7.414839 3.237838 -5.48326 -12.94136 -12.5977 -10.55499 -10.63212 -11.16194 -8.301095 -11.66079 -12.47942 -17.58961 -20.68729 -128 -128 -128 -128 -128 -128 -128
-128 -128 -128 -128 -128 -128 -128 -128 -128 -128 -128 -128 -128 -128 -128 -128 -128 -128 -128 -128 -128 -128 -128 38.48833 35.02862 31.88989 31.43024 34.6873 35.16784 36.68968 36.34826 37.03287 36.6316 38.52102 40.64914 41.35789 42.13428 42.7537 42.06898 41.57318 41.58314 40.27644 36.91141 34.22383 30.8919 27.09251 24.21117 21.51081 15.65339 12.61933 11.70328 8.006263 8.489443 8.016791 8.174814 9.749134 8.774368 9.06917 4.902346 -1.944384 -6.911064 -9.814246 -10.38555 -11.54514 -9.078609 -5.991642 -8.394109 -11.12991 -11.80236 -128 -128 -128 -128 -128 -128 -128 -128
-128 -128 -128 -128 -128 -128 -128 -128 -128 -128 -128 -128 -128 -128 -128 -128 -128 -128 -128 -128 -128 -128 -128 38.34212 34.26636 32.85222 33.60108 33.75848 34.98548 35.92876 36.81323 36.27381 37.29969 38.92553 40.59219 41.65435 41.94299 43.04352 42.92986 42.39627 41.391 39.76015 37.15243 32.94398 30.71839 24.0538 20.14151 19.94143 14.37964 13.21401 11.71711 7.281392 6.992089 7.016858 8.049353 8.510202 8.986769 8.584618 5.127793 -0.7285836 -7.793606 -5.953529 -7.771927 -8.530069 -5.629458 -9.135539 -9.976192 -9.658637 -128 -128 -128 -128 -128 -128 -128 -128 -128
-128 -128 -128 -128 -128 -128 -128 -128 -128 -128 -128 -128 -128 -128 -128 -128 -128 -128 -128 -128 -128 -128 -128 38.67479 38.68022 37.05242 35.55422 34.76151 38.09671 37.74112 38.62622 38.74174 39.81698 39.65591 42.10484 43.10675 42.21121 44.27136 44.14423 43.58803 43.00994 41.64444 39.04755 35.30772 30.86175 24.23655 21.50966 22.02901 18.83703 17.07799 12.988 7.300564 7.875718 7.400686 7.994159 8.541189 8.555052 8.668381 4.456518 -3.575081 -3.909751 -2.091468 -3.876734 -7.06724 -6.412309 -5.554042 -128 -128 -128 -128 -128 -128 -128 -128 -128 -128 -128
-128 -128 -128 -128 -128 -128 -128 -128 -128 -128 -128 -128 -128 -128 -128 -128 -128 -128 -128 -128 -128 -128 -128 38.01208 33.89445 36.45942 38.58685 38.76486 38.60349 38.14412 38.48351 37.75743 38.91449 40.32519 43.50848 44.00416 44.74499 45.28869 44.66357 43.70613 41.80829 39.04481 39.17997 38.06618 35.16954 29.81081 28.32156 26.21297 23.16867 19.12409 11.74248 7.783958 8.771767 7.573773 7.796789 7.805374 6.79982 6.532977 2.789076 -7.065991 -5.148622 -3.051384 -3.875293 -5.414987 -8.008526 -5.31653 -128 -128 -128 -128 -128 -128 -128 -128 -128 -128 -128
-128 -128 -128 -128 -128 -128 -128 -128 -128 -128 -128 -128 -128 -128 -128 -128 -128 -128 -128 -128 -128 -128 -128 34.99975 33.04955 32.83013 35.75854 37.28898 36.07832 40.3063 41.7767 41.72691 42.70054 44.18307 45.3217 45.31745 44.74541 44.98633 44.67879 43.27944 40.3238 36.93372 37.62953 36.58785 33.99475 30.86493 27.89375 22.84656 20.43927 19.25995 11.23695 5.960509 7.5419 8.402581 7.459407 6.812244 4.709005 3.85155 1.983483 -6.458012 -7.349887 -11.49613 -12.35395 -6.811082 -11.34782 -9.4453 -128 -128 -128 -128 -128 -128 -128 -128 -128 -128 -128
-128 -128 -128 -128 -128 -128 -128 -128 -128 -128 -128 -128 -128 -128 -128 -128 -128 -128 -128 -128 -128 -128 -128 35.1865 33.28818 33.61035 33.95513 34.09704 35.93282 38.59452 40.1553 41.0835 41.94905 44.18353 42.72223 44.82676 45.31754 45.55678 44.71136 43.04341 39.01012 38.62434 37.13209 33.87682 27.39253 20.47627 20.12013 17.17329 11.29813 9.044456 11.46629 4.523544 3.137017 4.47247 4.277749 7.214779 5.876936 3.958006 1.759587 -2.092732 -3.663983 -7.106442 -16.83408 -16.34428 -20.77458 -24.74806 -128 -128 -128 -128 -128 -128 -128 -128 -128 -128 -128
-128 -128 -128 -128 -128 -128 -128 -128 -128 -128 -128 -128 -128 -128 -128 -128 -128 -128 -128 -128 -128 -128 37.53497 36.09566 33.55451 32.64205 33.53334 34.34703 35.64236 38.38051 38.41048 39.88308 40.18107 43.08504 43.7831 43.47184 46.3555 45.60262 44.23755 43.03897 40.59774 39.09619 34.79038 29.50155 21.45608 9.866665 9.345195 8.18461 3.99485 6.1795 6.792937 2.755212 0.2638212 0.8062925 2.898155 6.005213 6.291569 5.462061 3.748132 0.5706398 -1.252882 -9.522552 -13.47673 -17.40273 -21.71457 -25.04059 -23.7382 -128 -128 -128 -128 -128 -128 -128 -128 -128 -128
-128 -128 -128 -128 -128 -128 -128 -128 -128 -128 -128 -128 -128 -128 -128 -128 -128 -128 -128 -128 -128 -128 37.78065 38.18207 37.33087 36.85121 37.25999 36.62111 36.17545 38.45464 38.72374 38.66038 38.77173 40.28506 42.31171 43.73391 45.12611 45.07239 44.07279 42.87762 40.20209 36.29364 29.43568 22.17978 12.90952 1.878161 4.536216 4.795585 1.777081 2.857961 1.206416 -0.3302835 0.2313469 0.690369 2.863651 4.66821 4.547939 3.558826 0.8740641 -4.232098 -3.023165 -7.546011 -12.37725 -15.26005 -17.92926 -13.35356 -13.55386 -128 -128 -128 -128 -128 -128 -128 -128 -128 -128
-128 -128 -128 -128 -128 -128 -128 -128 -128 -128 -128 -128 -128 -128 -128 -128 -128 -128 -128 -128 -128 -128 37.77892 34.77131 34.57292 35.27133 36.77841 34.37519 33.93608 35.60833 37.35036 39.8532 38.19329 37.00941 39.56335 41.46658 43.86342 45.12039 43.98967 40.72025 38.81089 34.25168 29.69234 22.94194 17.33008 9.608568 7.701546 8.08182 3.382197 -0.2397513 -3.014836 -9.122837 -4.786113 -0.1330104 3.263381 4.326942 4.152392 2.493509 -2.378485 -9.400449 -5.526682 -3.891519 -9.74802 -14.93437 -16.42905 -12.34242 -8.436422 -13.28036 -128 -128 -128 -128 -128 -128 -128 -128 -128
-128 -128 -128 -128 -128 -128 -128 -128 -128 -128 -128 -128 -128 -128 -128 -128 -128 -128 -128 -128 -128 36.70092 37.03877 30.90674 32.40501 33.9836 36.92751 37.61979 37.47825 38.70204 36.53591 38.33731 39.13278 37.58286 38.30325 38.59315 40.94055 44.52595 43.40736 39.14542 38.75991 36.17378 32.20749 28.50307 24.87826 19.86755 14.69013 8.973984 4.191346 1.125261 -2.422076 -12.10588 -11.0901 -4.57003 1.09684 3.46472 3.662764 2.09918 -2.584115 -10.0779 -6.109335 -5.746465 -8.304638 -9.137449 -7.599128 -9.940913 -10.78029 -9.728601 -12.97823 -128 -128 -128 -128 -128 -128 -128 -128
-128 -128 -128 -128 -128 -128 -128 -128 -128 -128 -128 -128 -128 -128 -128 -128 -128 -128 -128 -128 -128 36.93235 36.2594 33.17367 32.74319 34.40314 35.21397 36.91144 38.10366 38.57653 37.33167 37.72533 39.04943 38.89347 37.64055 35.75832 40.06186 43.07578 42.01491 39.8772 35.19648 29.08109 28.75605 25.97179 18.01936 17.6241 12.31341 7.237656 4.308805 5.341816 2.786947 -4.073761 -6.504457 -3.000093 0.2689021 2.312415 3.1719 1.888022 -2.108221 -7.667714 -6.237831 -6.739252 -8.388806 -5.774278 -6.762468 -9.322278 -13.90777 -13.97133 -12.03333 -128 -128 -128 -128 -128 -128 -128 -128
-128 -128 -128 -128 -128 -128 -128 -128 -128 -128 -128 -128 -128 -128 -128 -128 -128 -128 -128 -128 -128 36.3548 35.98611 34.40864 34.27196 34.6619 35.67544 36.31138 35.70218 35.84657 39.84933 39.88898 39.81294 39.06943 38.34842 36.07372 38.21437 40.29662 39.25428 37.81072 33.75306 26.00094 24.48986 23.43266 14.99576 10.41647 9.45302 12.57392 11.25141 8.827398 4.038291 -4.144373 -5.761177 -4.478045 -0.4418025 2.103722 -0.50222 0.5365157 -4.455461 -10.46656 -8.475856 -9.648329 -16.94595 -12.61612 -18.18029 -18.64793 -16.42187 -12.0384 -14.74938 -18.5497 -128 -128 -128 -128 -128 -128 -128
-128 -128 -128 -128 -128 -128 -128 -128 -128 -128 -128 -128 -128 -128 -128 -128 -128 -128 -128 -128 36.48093 33.50449 31.30424 34.51949 33.09242 34.944 33.80019 34.68585 35.8636 36.03058 39.13243 38.04428 39.0748 38.22903 38.5407 35.81285 35.99244 34.20373 33.93416 35.69657 32.21692 26.58592 22.78493 21.50996 17.71964 11.33002 12.2725 16.45126 13.82423 10.7416 6.13904 1.971836 -3.20493 -2.635442 1.066273 3.763515 0.6785349 -1.111788 -7.859216 -14.03593 -10.68686 -9.952076 -15.6443 -18.25877 -19.53702 -13.14221 -13.31973 -11.50909 -12.81983 -21.45225 -20.47926 -128 -128 -128 -128 -128 -128
-128 -128 -128 -128 -128 -128 -128 -128 -128 -128 -128 -128 -128 -128 -128 -128 -128 -128 -128 -128 36.38132 34.5996 30.92046 33.18917 34.12486 33.80806 33.731 33.19974 33.05788 36.74166 35.9519 33.00401 38.67668 39.08554 37.40171 35.67255 35.5895 32.75758 32.80582 32.18341 30.9962 26.67283 22.49718 15.91503 14.41166 12.5936 17.52436 17.75525 15.77126 12.43426 9.619358 5.068181 1.57943 -2.144517 3.600186 4.854504 3.795684 -1.411748 -10.48284 -12.4163 -11.9497 -8.24409 -10.30997 -10.44106 -10.66914 -7.974921 -7.468397 -6.762168 -7.412814 -10.20953 -12.00539 -11.14975 -128 -128 -128 -128 -128
-128 -128 -128 -128 -128 -128 -128 -128 -128 -128 -128 -128 -128 -128 -128 -128 -128 -128 -128 -128 36.92568 34.50535 31.06383 30.83047 33.26544 35.23467 35.66554 35.3636 33.79901 36.48702 33.97848 31.86018 34.17889 38.82371 37.9799 37.43521 36.23244 33.34087 32.17178 31.74248 31.04248 27.15351 20.10587 17.4639 16.73463 17.63912 19.49166 16.86425 12.9611 7.109946 4.08177 3.236549 -0.6183132 -0.04088892 3.68804 3.290639 3.479071 -2.694964 -11.2333 -9.081312 -9.01966 -8.638015 -10.28822 -11.32978 -10.13114 -9.489899 -16.21871 -10.66358 -8.033815 -8.835432 -10.86626 -15.70009 -128 -128 -128 -128 -128
-128 -128 -128 -128 -128 -128 -128 -128 -128 -128 -128 -128 -128 -128 -128 -128 -128 -128 -128 -128 37.33438 36.73756 32.65791 30.50602 31.47271 33.78503 35.43952 35.73804 34.74579 35.81069 35.06207 31.81115 33.03468 36.81499 37.54673 37.15534 35.88456 34.89297 33.30795 33.46426 31.54749 27.59905 21.22267 21.75933 22.69489 21.48117 17.41166 12.10231 9.847655 5.648926 5.735919 -0.871228 -5.360058 -2.726282 2.241299 2.833891 2.462445 -2.706722 -8.555094 -7.323952 -8.391264 -10.57149 -14.2345 -21.3694 -18.21867 -12.60222 -17.8934 -14.97653 -13.41169 -12.19615 -12.57868 -7.077524 -128 -128 -128 -128 -128
-128 -128 -128 -128 -128 -128 -128 -128 -128 -128 -128 -128 -128 -128 -128 -128 -128 -128 -128 36.28535 37.6068 37.14796 35.46783 33.67678 32.43344 32.01521 33.49684 35.77343 34.78698 35.58892 35.03789 33.71794 33.80059 34.07211 34.84832 36.94646 35.36494 33.59256 34.41764 34.97663 29.71814 25.94797 25.94173 26.7694 22.40543 18.66222 14.89175 13.14445 11.53285 11.07791 9.50572 2.166415 -6.857365 -4.799004 2.797278 2.415834 2.190613 -2.055307 -6.082212 -8.024899 -16.74078 -21.77855 -16.9132 -17.99156 -21.27127 -18.10485 -18.92544 -20.89236 -19.05792 -17.85739 -21.45294 -18.9235 -128 -128 -128 -128 -128
-128 -128 -128 -128 -128 -128 -128 -128 -128 -128 -128 -128 -128 -128 -128 -128 -128 -128 -128 36.6712 37.31029 37.08694 36.76932 35.8717 34.56385 33.60085 33.81543 35.23 33.95164 32.95021 32.51411 31.90578 32.98686 35.77518 36.11014 35.65837 31.34433 32.61298 35.44634 34.32588 29.52517 30.57806 31.68716 29.26508 24.2906 21.10188 20.72548 20.312 17.9376 14.19963 10.97144 4.169219 -0.09709361 0.9117211 2.551816 2.707126 2.375972 -0.3561716 -4.500527 -10.09205 -20.79338 -30.38669 -22.56448 -20.89131 -18.92395 -26.31831 -27.02903 -28.01569 -23.6283 -17.99874 -128 -128 -128 -128 -128 -128 -128
-128 -128 -128 -128 -128 -128 -128 -128 -128 -128 -128 -128 -128 -128 -128 -128 -128 35.40489 34.71887 36.90416 36.99792 36.03474 34.63703 36.20687 35.38097 34.35069 34.46323 35.68213 34.89214 34.3836 34.4296 33.6408 34.12657 37.63409 38.74631 37.45398 35.73273 35.60747 36.30521 37.0673 36.76369 37.96721 35.92237 32.36385 25.75342 26.33475 23.94313 20.40305 15.23386 8.669786 3.864417 -3.284633 -3.930125 -1.869512 1.853314 -0.008643746 0.1518943 -1.894738 -9.428624 -15.89876 -20.31642 -24.83758 -22.33612 -22.57737 -24.13018 -35.06351 -33.57172 -27.75639 -128 -128 -128 -128 -128 -128 -128 -128 -128
-128 -128 -128 -128 -128 -128 -128 -128 -128 -128 -128 -128 -128 -128 -128 -128 -128 35.40956 34.72654 35.70767 36.50901 36.27677 34.01006 34.5084 33.70207 34.83609 35.72528 35.21358 35.06173 35.84213 35.15548 33.75323 34.72869 38.52135 40.47546 40.73501 39.14661 35.80542 38.62383 38.59733 34.34784 33.17046 28.74482 28.78062 30.20956 25.24223 19.83065 15.02789 8.35147 2.154381 -0.06030586 -3.626087 -6.591034 -7.830741 -2.604025 -4.432981 -2.880065 -1.288976 -7.623394 -13.82088 -17.77463 -128 -128 -128 -23.75129 -33.0242 -128 -128 -128 -128 -128 -128 -128 -128 -128 -128 -128
-128 -128 -128 -128 -128 -128 -128 -128 -128 -128 -128 -128 -128 -128 -128 -128 -128 36.09992 35.50604 36.01485 36.52521 36.75526 35.9793 35.41926 35.45638 33.66199 34.2923 33.46697 35.26561 39.01411 37.08733 35.12541 35.49432 39.44559 41.35867 41.0355 41.03558 41.90242 42.34498 37.15222 31.9803 25.53484 17.33369 19.35676 28.02723 26.14811 19.09987 9.214787 -0.508687 0.3586034 0.8665053 -0.7742059 -5.570247 -7.000657 -6.299113 -4.138175 -3.81498 -2.911522 -7.119505 -10.04998 -128 -128 -128 -128 -128 -128 -128 -128 -128 -128 -128 -128 -128 -128 -128 -128 -128
-128 -128 -128 -128 -128 -128 -128 -128 -128 -128 -128 -128 -128 -128 -128 -128 -128 36.298 36.42139 36.3416 36.97241 36.78021 35.38043 34.35566 35.36686 34.17645 36.84824 39.11794 40.82594 41.35637 39.1354 36.8885 38.85529 41.48952 42.64865 42.58777 44.04245 42.60242 39.58487 33.12156 27.92515 21.63752 12.16257 16.14355 23.55854 23.19057 15.26201 7.427633 5.35915 5.698029 3.783013 -1.353738 -7.893569 -12.48498 -14.08336 -8.012244 -4.708747 -5.82569 -12.37802 -12.38356 -15.61589 -128 -128 -128 -128 -128 -128 -128 -128 -128 -128 -128 -128 -128 -128 -128 -128
-128 -128 -128 -128 -128 -128 -128 -128 -128 -128 -128 -128 -128 -128 -128 -128 -128 36.27256 36.58224 36.24566 37.23093 37.58949 37.0204 37.2054 38.66541 39.86455 40.84927 40.71931 41.27752 42.55445 40.09783 38.58497 41.49991 43.59745 43.72115 43.16279 44.23552 42.32857 39.202 33.72791 28.81165 23.7845 18.49822 14.99612 17.24882 16.6326 9.586765 5.562394 7.86078 6.415194 1.081096 -6.261263 -9.474993 -14.09177 -20.40227 -10.68843 -5.277819 -7.807384 -12.33937 -13.6954 -15.12194 -128 -128 -128 -128 -128 -128 -128 -128 -128 -128 -128 -128 -128 -128 -128 -128
-128 -128 -128 -128 -128 -128 -128 -128 -128 -128 -128 -128 -128 -128 -128 -128 -128 36.16423 35.48975 35.52146 36.33112 36.92822 38.03701 39.51013 40.29046 38.97984 38.65081 37.32391 39.88393 40.3457 42.50889 41.63195 42.86139 43.00686 42.31796 40.75054 42.57704 42.44433 38.59338 35.32361 32.56422 26.36451 20.37168 16.38413 11.29049 7.348969 3.803884 4.724076 8.386613 4.118389 -5.169552 -9.729391 -8.961105 -14.87814 -13.39657 -10.87661 -6.786417 -6.846828 -12.01307 -16.37531 -128 -128 -128 -128 -128 -128 -128 -128 -128 -128 -128 -128 -128 -128 -128 -128 -128
-128 -128 -128 -128 -128 -128 -128 -128 -128 -128 -128 -128 -128 -128 -128 -128 -128 -128 36.07554 33.75354 35.24045 36.65358 37.72764 39.07125 39.28882 37.72918 34.81072 37.23248 38.11237 38.92801 42.21649 43.42649 40.52092 41.82309 41.75966 37.84146 35.18941 38.92355 35.92691 36.93543 33.02572 26.68973 16.74559 11.46356 6.465978 0.3041674 -1.050205 4.83912 9.223781 5.448857 -4.479789 -9.493111 -7.248964 -7.755278 -8.555531 -10.49701 -8.457679 -11.25853 -11.03168 -13.67 -128 -128 -128 -128 -128 -128 -128 -128 -128 -128 -128 -128 -128 -128 -128 -128 -128
-128 -128 -128 -128 -128 -128 -128 -128 -128 -128 -128 -128 -128 -128 -128 -128 -128 -128 37.1231 36.5218 36.3532 37.19887 37.32766 38.14052 39.64428 37.33073 34.47498 36.67137 38.72824 37.83607 39.78207 43.15307 40.99772 40.54136 39.71204 38.44435 37.04502 34.71675 32.20192 32.75249 34.94429 30.79021 22.84337 17.20244 10.99781 2.928855 -3.709124 2.186614 8.899724 3.832916 -8.489769 -7.302263 -7.24271 -7.287436 -8.832253 -8.97571 -11.16082 -13.9538 -11.44429 -128 -128 -128 -128 -128 -128 -128 -128 -128 -128 -128 -128 -128 -128 -128 -128 -128 -128
-128 -128 -128 -128 -128 -128 -128 -128 -128 -128 -128 -128 -128 -128 -128 -128 -128 -128 37.18952 36.95902 36.80921 37.56393 38.11206 39.24836 39.13139 38.25468 37.63348 37.07455 37.84523 36.1234 39.72472 43.03907 40.49705 39.3849 38.29136 33.86974 36.36699 34.78946 30.73581 28.93 32.51101 29.27038 22.73022 13.14827 12.55958 4.426325 -1.435207 2.625781 6.059295 -1.676183 -8.583551 -11.34337 -9.793278 -7.391025 -10.55354 -12.81722 -13.06877 -18.83974 -14.52423 -128 -128 -128 -128 -128 -128 -128 -128 -128 -128 -128 -128 -128 -128 -128 -128 -128 -128
-128 -128 -128 -128 -128 -128 -128 -128 -128 -128 -128 -128 -128 -128 -128 -128 -128 -128 37.15324 35.72507 35.28294 37.1671 38.59011 38.40469 38.93634 39.80782 39.61132 38.90553 37.82106 35.99519 39.74445 41.65376 42.79657 42.18667 41.64182 39.04655 38.31446 35.55239 30.01491 25.6643 27.69148 25.31625 16.24586 7.390225 7.504112 1.283183 3.967466 7.899939 4.164537 -1.43438 -3.363746 -8.34456 -9.39088 -8.832149 -14.544 -14.62715 -17.1288 -19.49417 -128 -128 -128 -128 -128 -128 -128 -128 -128 -128 -128 -128 -128 -128 -128 -128 -128 -128 -128
-128 -128 -128 -128 -128 -128 -128 -128 -128 -128 -128 -128 -128 -128 -128 -128 -128 -128 37.27633 36.21885 35.4361 37.08032 38.01641 38.84354 38.49013 39.0661 39.90829 39.61365 38.61161 35.88277 37.60938 40.96261 42.85645 40.41904 38.28125 38.7268 39.65686 36.90131 30.79469 25.61047 24.11502 19.15136 13.15468 7.63488 2.245181 2.896314 11.63149 11.99046 7.216043 2.800877 -0.7810759 -6.713094 -10.97656 -11.97614 -16.32228 -15.97641 -16.8952 -128 -128 -128 -128 -128 -128 -128 -128 -128 -128 -128 -128 -128 -128 -128 -128 -128 -128 -128 -128
-128 -128 -128 -128 -128 -128 -128 -128 -128 -128 -128 -128 -128 -128 -128 -128 35.21867 35.89585 36.4119 36.60847 36.79113 37.41341 37.71882 38.10334 39.5436 39.07165 38.39573 38.63024 35.85116 34.46988 36.19724 39.1902 42.81196 39.45934 35.45214 32.07811 37.10199 37.50463 35.94329 31.1459 26.65214 21.16969 15.2644 9.388773 4.749897 11.15823 15.3923 11.61979 7.457852 2.74386 -3.741471 -11.09568 -21.87027 -18.4179 -15.89516 -16.36747 -17.54684 -128 -128 -128 -128 -128 -128 -128 -128 -128 -128 -128 -128 -128 -128 -128 -128 -128 -128 -128 -128
