formato/VCI/bioclim_16.asc
ncols         186
nrows         781
xllcorner     -75.7
yllcorner     -56.55
cellsize      0.05
NODATA_value  -9999
[rows 170 to 203 of 781, columns 77 to 153 of 186]
-128 -128 -128 -128 -128 -128 -128 -128 -128 -128 -128 -128 -128 -128 -128 -128 -128 -128 -128 -128 -128 -128 -128 -128 51.77793 47.34361 50.71562 53.78765 54.65329 55.11637 56.0024 57.11018 58.27507 59.01191 59.25695 59.50591 59.47044 59.22926 58.10699 56.90717 55.47754 53.69076 51.80472 49.91297 48.51388 46.55445 43.54218 39.27253 35.07909 31.02971 25.91716 24.86806 23.98243 20.99749 17.90607 20.24349 18.86359 16.2926 11.60873 11.27737 13.30199 14.62329 17.80709 16.43648 10.36786 6.545146 11.27189 11.94315 14.0405 -128 -128 -128 -128 -128 -128 -128 -128
-128 -128 -128 -128 -128 -128 -128 -128 -128 -128 -128 -128 -128 -128 -128 -128 -128 -128 -128 -128 -128 -128 -128 53.34766 49.31262 50.21713 53.32974 53.51736 53.7785 53.77835 54.69434 56.0895 58.07277 59.52259 59.57293 59.89342 60.27547 59.67655 58.44003 57.3643 55.87164 54.03066 52.35017 50.79506 49.14037 47.00527 43.84294 39.6482 35.42493 29.87909 27.00956 25.77112 21.51565 17.32401 18.86212 21.62895 21.21294 18.52024 13.22905 12.25551 12.46915 14.70726 17.57909 16.63005 11.68584 7.516267 9.196939 10.51049 9.666663 13.36688 -128 -128 -128 -128 -128 -128 -128
-128 -128 -128 -128 -128 -128 -128 -128 -128 -128 -128 -128 -128 -128 -128 -128 -128 -128 -128 -128 -128 -128 -128 53.83559 51.82652 52.03702 52.96076 52.97812 52.48943 53.04615 53.30045 54.91772 57.23808 59.3689 59.9033 59.8594 60.64396 60.62424 59.64825 58.49629 56.90429 55.06597 53.40869 51.99445 49.69853 46.912 44.66522 41.32048 37.85722 33.72366 30.55558 27.99188 25.23814 23.34379 24.39356 26.78783 22.42926 18.8294 13.90937 10.52579 7.973476 10.32196 13.87239 15.29285 13.03916 12.11192 8.062157 8.078173 7.458339 7.918954 -128 -128 -128 -128 -128 -128 -128
-128 -128 -128 -128 -128 -128 -128 -128 -128 -128 -128 -128 -128 -128 -128 -128 -128 -128 -128 -128 -128 -128 -128 53.79142 51.66921 50.56705 50.73068 53.11375 53.79542 53.47314 54.1221 54.07452 55.34215 57.7359 59.73182 60.28942 60.84191 60.87132 59.57539 58.20297 56.95102 55.54693 53.41682 51.15985 48.17544 44.25263 43.17474 40.91742 36.5714 31.44104 30.58954 29.35448 29.15231 28.55272 28.63784 28.50535 23.19378 24.42628 21.27301 13.8823 7.555002 7.420347 8.805204 9.398998 9.928122 12.33208 10.60924 9.070841 4.245234 1.346443 -128 -128 -128 -128 -128 -128 -128
-128 -128 -128 -128 -128 -128 -128 -128 -128 -128 -128 -128 -128 -128 -128 -128 -128 -128 -128 -128 -128 -128 -128 54.07623 52.3004 50.28351 50.42009 53.04319 53.61958 54.47978 54.36916 54.71908 54.74464 57.35723 59.63816 60.87234 61.35123 61.0766 59.97864 59.23183 58.0273 55.95096 52.68517 49.71974 46.43103 43.26453 40.65106 38.00864 33.81913 31.10904 30.67655 28.95775 29.86302 30.13152 29.46676 29.23392 27.59283 26.64961 22.89826 17.35696 12.94458 9.999785 9.233521 8.459306 10.64348 13.77728 12.38723 10.23458 9.311885 -128 -128 -128 -128 -128 -128 -128 -128
-128 -128 -128 -128 -128 -128 -128 -128 -128 -128 -128 -128 -128 -128 -128 -128 -128 -128 -128 -128 -128 -128 -128 54.15092 51.77461 51.09706 51.98077 52.23828 52.99573 53.86684 54.7012 54.06688 55.23707 57.38286 59.73468 61.45514 61.70006 61.77342 61.19912 60.43989 58.57072 56.10113 53.24442 49.73788 47.16681 41.79076 38.13581 36.8931 32.42125 30.7303 30.98137 29.07313 28.79788 28.68753 28.29376 28.05047 27.75391 27.19407 23.77218 19.02091 13.4814 13.47329 11.9653 11.02516 13.2917 11.50121 10.96569 11.33164 -128 -128 -128 -128 -128 -128 -128 -128 -128
-128 -128 -128 -128 -128 -128 -128 -128 -128 -128 -128 -128 -128 -128 -128 -128 -128 -128 -128 -128 -128 -128 -128 54.33559 54.76896 53.8349 53.32841 52.83336 55.31384 55.54687 56.54089 56.75307 57.62893 58.66085 61.32045 61.86326 61.61755 62.90581 62.22189 61.19128 59.18871 57.21686 54.63485 51.22502 47.0303 41.43668 38.23236 38.09734 35.72056 34.19738 32.45202 29.41531 29.70307 28.10724 28.43311 28.50698 28.43785 28.13293 24.33384 17.89385 16.69484 17.07335 15.60208 12.78207 12.82619 15.90562 -128 -128 -128 -128 -128 -128 -128 -128 -128 -128 -128
-128 -128 -128 -128 -128 -128 -128 -128 -128 -128 -128 -128 -128 -128 -128 -128 -128 -128 -128 -128 -128 -128 -128 54.02474 51.42511 53.61481 55.42595 55.92189 56.05776 55.77375 56.32827 56.25867 57.69646 59.43987 62.28979 62.94408 63.61835 63.87804 63.20538 61.99292 58.87051 55.49723 54.36073 52.97278 50.25201 45.11352 43.10528 41.15366 39.26603 36.62558 32.1511 29.81287 31.1396 29.62196 29.65469 29.49505 28.64188 27.48969 23.8075 16.03279 16.12385 16.71336 15.53561 13.71065 12.00222 13.63927 -128 -128 -128 -128 -128 -128 -128 -128 -128 -128 -128
-128 -128 -128 -128 -128 -128 -128 -128 -128 -128 -128 -128 -128 -128 -128 -128 -128 -128 -128 -128 -128 -128 -128 51.49145 50.66947 50.53332 53.1643 54.33426 53.43094 56.66879 58.62465 59.23798 60.31488 61.8048 62.78636 62.96736 63.12242 63.33225 62.71687 61.21983 57.48276 54.03529 52.92776 50.41253 47.80189 45.99267 43.91747 39.45765 36.94181 36.35233 32.02539 27.85764 29.26867 30.7095 30.79894 29.91476 27.76584 26.28078 23.70077 16.72014 14.61998 11.27914 9.525746 13.15249 9.011883 10.44544 -128 -128 -128 -128 -128 -128 -128 -128 -128 -128 -128
-128 -128 -128 -128 -128 -128 -128 -128 -128 -128 -128 -128 -128 -128 -128 -128 -128 -128 -128 -128 -128 -128 -128 51.32127 50.17137 50.67403 51.14472 51.22259 52.86548 54.73861 56.52117 57.63393 58.74438 60.74031 59.95978 62.08475 63.22684 63.37603 62.44901 60.87316 56.65457 55.00666 52.29532 49.08023 43.57145 37.75037 36.38353 34.53836 29.66853 26.8404 30.05988 26.53844 25.42825 27.09279 27.86497 30.49764 29.29085 26.75434 23.85134 20.2303 18.04952 14.81271 6.685234 5.58225 2.036613 -0.9363108 -128 -128 -128 -128 -128 -128 -128 -128 -128 -128 -128
-128 -128 -128 -128 -128 -128 -128 -128 -128 -128 -128 -128 -128 -128 -128 -128 -128 -128 -128 -128 -128 -128 52.72441 51.72593 50.36723 49.62656 50.36343 51.23894 52.28162 54.29032 54.95337 56.29426 56.83493 59.36455 60.4716 60.8882 63.66397 63.50224 62.35061 61.04504 57.84911 54.8969 50.42642 45.56752 39.25959 30.23221 27.64682 26.75352 23.29611 23.87776 25.48344 24.49755 23.30538 23.99667 26.35643 29.15828 29.73474 28.3519 25.98103 23.03533 20.33025 13.5707 9.677431 5.40235 0.7687284 -2.124755 -1.252331 -128 -128 -128 -128 -128 -128 -128 -128 -128 -128
-128 -128 -128 -128 -128 -128 -128 -128 -128 -128 -128 -128 -128 -128 -128 -128 -128 -128 -128 -128 -128 -128 52.7631 52.95223 52.60823 52.37533 52.83755 52.59938 52.44136 54.08255 55.02898 55.60342 55.75986 57.16615 59.10362 60.74858 62.76889 63.0644 61.76558 60.85166 57.27616 52.91603 46.91682 40.35539 32.61477 22.79792 21.99111 21.99636 19.71445 20.21421 20.89138 20.82272 22.12054 23.42733 26.08219 27.59917 28.22876 26.9029 24.24709 19.54947 19.52018 14.88354 10.06123 6.820043 3.686566 7.163395 7.379875 -128 -128 -128 -128 -128 -128 -128 -128 -128 -128
-128 -128 -128 -128 -128 -128 -128 -128 -128 -128 -128 -128 -128 -128 -128 -128 -128 -128 -128 -128 -128 -128 52.61368 50.32668 50.46227 51.38588 52.82182 51.0115 50.52959 51.33378 53.32015 55.91999 55.33254 54.95931 56.8027 58.53126 61.23704 62.8492 61.58683 59.15157 56.59244 51.81213 46.87553 40.59615 34.28345 26.72731 22.62595 23.616 20.91711 17.45481 16.7061 12.94879 16.17587 21.21572 25.57569 27.05701 27.50957 25.94065 21.72861 15.82141 16.86354 17.55616 12.21828 7.051213 5.082685 7.99212 11.6543 8.24123 -128 -128 -128 -128 -128 -128 -128 -128 -128
-128 -128 -128 -128 -128 -128 -128 -128 -128 -128 -128 -128 -128 -128 -128 -128 -128 -128 -128 -128 -128 51.97657 51.59873 46.92063 47.98861 49.79246 52.80001 53.57703 53.36692 54.37967 53.46085 54.95918 55.95393 55.69944 56.44503 56.92338 59.17013 61.93877 61.33196 58.34773 56.15161 52.54612 48.55426 44.16446 39.7489 35.11938 30.71005 25.88184 21.84185 18.77901 17.04121 10.49974 10.8142 16.56151 23.031 26.18378 26.90566 25.26868 21.13583 15.19828 16.59883 15.56806 13.28872 11.7855 12.20905 10.73654 10.19953 11.86012 9.639065 -128 -128 -128 -128 -128 -128 -128 -128
-128 -128 -128 -128 -128 -128 -128 -128 -128 -128 -128 -128 -128 -128 -128 -128 -128 -128 -128 -128 -128 51.96247 50.43219 47.97525 47.82022 49.61203 50.82556 52.03722 52.82404 53.81049 54.09163 55.714 57.1595 56.7382 56.10735 55.30072 58.83367 61.10579 59.93138 58.16669 53.44403 47.34566 45.92202 42.9626 35.37547 34.05985 29.85651 24.74819 21.07439 21.40247 21.19239 17.06323 14.55578 17.70293 21.7789 24.57063 25.86827 24.92574 21.48772 16.87253 16.23412 14.51285 12.9503 14.86923 13.50173 12.05931 8.926211 8.486248 9.68989 -128 -128 -128 -128 -128 -128 -128 -128
-128 -128 -128 -128 -128 -128 -128 -128 -128 -128 -128 -128 -128 -128 -128 -128 -128 -128 -128 -128 -128 51.0976 50.36753 49.27023 49.29213 50.00285 51.46642 52.50794 51.82653 52.48027 55.8803 57.012 57.7659 57.51337 57.14205 55.77909 57.01917 58.30982 57.55232 56.31599 51.94843 45.33913 42.51925 40.91476 33.77298 28.95805 27.1211 28.5875 27.60823 25.71938 22.77767 16.93448 15.35479 16.46535 20.79541 23.38407 22.82164 23.52039 19.61979 14.60533 14.63803 12.16643 6.806799 9.072829 5.282161 4.517488 6.324453 10.10407 8.277376 5.759448 -128 -128 -128 -128 -128 -128 -128
-128 -128 -128 -128 -128 -128 -128 -128 -128 -128 -128 -128 -128 -128 -128 -128 -128 -128 -128 -128 52.66298 49.18649 47.03297 49.62263 48.54176 50.22259 49.65717 50.74557 52.67748 53.60008 55.70415 55.2858 56.65522 56.4718 56.90792 55.51559 55.3219 53.35224 53.11574 54.10674 50.20607 45.27382 40.98918 38.47885 35.19081 29.88037 29.0468 31.72377 30.53819 28.33396 24.80975 21.69348 18.13774 18.1689 21.8449 24.98723 23.23942 21.78347 16.80332 11.21186 12.81222 12.98402 7.795442 4.382759 2.971307 7.802251 8.85006 10.15284 10.46126 3.755502 3.826611 -128 -128 -128 -128 -128 -128
-128 -128 -128 -128 -128 -128 -128 -128 -128 -128 -128 -128 -128 -128 -128 -128 -128 -128 -128 -128 52.46752 50.1253 46.76598 48.38245 49.67687 49.67542 50.02437 49.81139 50.41841 53.49936 53.45161 51.91519 56.32806 56.9848 56.32938 55.33731 55.03225 52.25158 51.28799 50.64533 48.83051 44.53255 40.09629 34.11943 31.74349 30.12173 32.96025 33.05679 31.98536 30.05558 28.41907 25.12316 22.41787 19.25753 23.36925 25.70868 25.83242 21.95238 14.71882 11.58346 11.85014 14.63043 12.79137 11.33924 10.36355 12.22923 12.51082 14.56849 15.9477 13.58097 11.10096 11.59653 -128 -128 -128 -128 -128
-128 -128 -128 -128 -128 -128 -128 -128 -128 -128 -128 -128 -128 -128 -128 -128 -128 -128 -128 -128 53.19078 50.4083 47.27207 46.81532 49.55521 51.58723 51.85674 51.92436 51.77415 53.82549 52.50685 51.48142 53.2706 57.06794 56.98053 56.89434 55.54252 52.99471 51.13535 50.6179 49.43987 45.23028 38.82029 35.40357 33.93618 33.81705 35.11645 33.34113 30.43633 26.49901 23.97109 24.06784 21.32567 20.09424 22.79373 23.81028 24.9058 20.59611 13.47447 14.10299 14.17439 14.63147 12.92165 11.18526 11.00046 11.13582 6.028017 10.59144 15.7164 14.86821 12.80552 8.930406 -128 -128 -128 -128 -128
-128 -128 -128 -128 -128 -128 -128 -128 -128 -128 -128 -128 -128 -128 -128 -128 -128 -128 -128 -128 53.74244 52.47202 49.1077 47.48838 48.35386 50.27683 51.83012 52.23578 51.77359 53.04553 53.25614 51.46247 51.90918 55.25613 56.5574 56.48319 55.25581 53.89662 52.42329 52.30973 50.04253 45.69796 39.91255 38.85868 39.199 38.35568 34.88416 30.62337 28.52284 24.75318 25.2082 21.29911 17.76647 18.84472 23.01258 24.31204 22.96712 20.05766 15.68053 15.44047 14.62034 12.72935 9.045828 2.723697 4.01039 8.350256 5.341827 6.5265 8.751957 10.34171 10.54483 15.34717 -128 -128 -128 -128 -128
-128 -128 -128 -128 -128 -128 -128 -128 -128 -128 -128 -128 -128 -128 -128 -128 -128 -128 -128 53.95001 54.21988 53.11574 51.99447 50.9088 49.66956 48.51629 49.7993 52.13498 51.76424 52.52123 52.56231 52.38173 52.66574 52.99735 53.85026 55.34126 54.55993 53.29693 53.62097 53.5705 49.4004 45.02885 43.3966 43.85916 40.9826 37.72837 33.60093 30.87992 29.1731 28.67295 28.64483 23.55636 16.43854 16.72377 23.60283 23.66964 22.88374 20.1857 17.06362 14.7201 7.951771 3.711058 6.057952 3.633432 -0.1234193 2.615847 2.440079 2.448527 4.374179 5.358308 3.051683 5.480794 -128 -128 -128 -128 -128
-128 -128 -128 -128 -128 -128 -128 -128 -128 -128 -128 -128 -128 -128 -128 -128 -128 -128 -128 54.56992 54.0749 53.67823 53.47131 53.00755 52.006 50.88879 50.79307 52.02626 51.38946 50.83344 51.08687 50.97312 52.08884 54.62148 55.12202 54.71407 51.6521 52.85677 54.57868 53.31168 49.13683 48.44124 48.88338 47.74582 43.57558 39.20435 37.12053 36.15796 34.36282 31.82091 30.17313 25.74071 22.50418 22.54025 23.60945 24.19264 23.92012 21.85582 17.94572 12.37758 3.481927 -4.591612 -0.4492699 -0.3041185 -0.215286 -4.196874 -3.946378 -4.464709 -0.4768321 4.273832 -128 -128 -128 -128 -128 -128 -128
-128 -128 -128 -128 -128 -128 -128 -128 -128 -128 -128 -128 -128 -128 -128 -128 -128 53.12462 52.6837 54.7845 54.4689 53.71672 52.6388 53.84046 53.08257 51.92304 51.74508 53.26475 53.22447 53.05167 53.27543 52.64149 53.09377 56.0908 57.01125 56.09042 55.12018 54.71177 54.09076 54.65921 54.35312 54.5272 53.43703 51.41085 45.58099 43.33913 40.79517 37.5634 33.49758 28.50116 25.43911 20.22718 18.49251 20.31614 23.23781 22.33702 22.56864 20.36187 14.21231 8.207297 3.195714 -1.802291 -1.08642 -2.207824 -3.739175 -10.29609 -9.940231 -4.552798 -128 -128 -128 -128 -128 -128 -128 -128 -128
-128 -128 -128 -128 -128 -128 -128 -128 -128 -128 -128 -128 -128 -128 -128 -128 -128 53.3336 53.1412 54.23581 54.82592 54.70565 52.93245 52.95879 52.11376 53.16168 54.10104 53.70871 53.64835 54.16781 53.87979 52.86026 53.76038 56.68199 58.51237 58.73036 57.80154 54.48428 55.59335 56.24795 53.17534 51.55767 47.68026 46.72534 47.51622 43.23177 38.23142 33.78096 28.81431 23.97377 21.62939 19.49881 16.82315 15.29354 19.35474 18.6207 19.52505 20.99745 15.9094 9.6329 5.613935 -128 -128 -128 -1.203585 -8.121174 -128 -128 -128 -128 -128 -128 -128 -128 -128 -128 -128
-128 -128 -128 -128 -128 -128 -128 -128 -128 -128 -128 -128 -128 -128 -128 -128 -128 54.20939 54.07105 54.97332 55.42845 55.78755 55.2826 54.86699 54.9735 53.44153 53.62503 52.74994 53.75731 56.50935 55.38204 54.21048 54.66008 57.73093 59.41663 58.97576 58.6981 59.29771 59.49089 55.51263 51.47006 45.68107 38.43527 37.37669 42.84457 42.54613 37.36982 30.02712 22.14796 20.64235 21.31471 21.24872 17.99161 15.90545 15.88497 17.6286 18.63899 19.77659 17.03868 13.76355 -128 -128 -128 -128 -128 -128 -128 -128 -128 -128 -128 -128 -128 -128 -128 -128 -128
-128 -128 -128 -128 -128 -128 -128 -128 -128 -128 -128 -128 -128 -128 -128 -128 -128 54.53311 54.96481 55.47686 56.16078 56.3302 55.41663 54.50229 55.09382 54.07586 55.98563 57.73636 59.09155 59.8845 57.84243 56.11234 58.00095 59.9565 60.75653 60.20024 61.21841 60.51158 57.81281 52.88551 48.03568 41.82471 33.26497 33.71992 38.37902 39.0507 34.74123 28.88804 25.9246 24.85189 23.89654 20.84599 15.80935 10.9059 9.418354 14.18827 17.22676 17.46921 12.89188 11.55234 9.039379 -128 -128 -128 -128 -128 -128 -128 -128 -128 -128 -128 -128 -128 -128 -128 -128
-128 -128 -128 -128 -128 -128 -128 -128 -128 -128 -128 -128 -128 -128 -128 -128 -128 54.4952 55.0351 55.30594 56.34139 57.10423 56.91264 57.07746 58.08204 58.96115 59.4978 59.57037 60.25813 61.49979 59.39082 57.88425 59.88531 61.88063 62.16569 61.6116 62.26731 60.38599 57.73666 53.60516 48.80913 42.79766 37.25386 32.98123 32.97295 33.69084 29.58337 26.64242 27.21325 26.21099 22.48873 17.39547 13.79247 9.038123 3.358414 10.72681 16.57579 15.59938 11.89976 10.30924 8.97965 -128 -128 -128 -128 -128 -128 -128 -128 -128 -128 -128 -128 -128 -128 -128 -128
-128 -128 -128 -128 -128 -128 -128 -128 -128 -128 -128 -128 -128 -128 -128 -128 -128 54.40207 54.21317 54.82198 55.90145 56.81986 58.06841 59.28817 59.88416 58.7716 58.63283 57.8991 59.90064 60.56377 62.3858 61.41484 62.24162 62.62228 62.00429 60.01674 60.82684 60.77641 57.99187 54.91417 51.3424 45.56344 39.46447 34.66102 29.21937 25.63672 24.0553 24.12052 27.07858 24.80757 18.74985 14.07765 13.03036 8.143745 7.95266 10.59006 14.50976 15.93273 12.10816 8.020945 -128 -128 -128 -128 -128 -128 -128 -128 -128 -128 -128 -128 -128 -128 -128 -128 -128
-128 -128 -128 -128 -128 -128 -128 -128 -128 -128 -128 -128 -128 -128 -128 -128 -128 -128 54.76973 53.66692 55.19898 56.84834 57.98988 59.2702 59.55886 58.35716 55.99312 58.0731 58.80925 59.21236 61.55581 62.35078 60.4883 61.11764 61.41958 58.80314 56.24782 57.64972 55.40432 55.95069 52.47125 46.21983 37.08793 30.78822 25.49152 20.54446 19.06304 23.64606 27.94757 25.82237 19.2913 14.33998 15.6236 14.55401 12.84631 11.66013 13.10712 12.02941 12.44478 10.01948 -128 -128 -128 -128 -128 -128 -128 -128 -128 -128 -128 -128 -128 -128 -128 -128 -128
-128 -128 -128 -128 -128 -128 -128 -128 -128 -128 -128 -128 -128 -128 -128 -128 -128 -128 55.79305 55.8903 56.1353 57.38786 57.99937 58.84032 60.21991 58.41766 55.89062 57.75868 59.04819 57.95245 59.43937 61.81326 60.49528 59.74947 58.93616 58.45676 57.40633 54.92285 52.42164 51.86389 52.57964 48.51771 41.24809 35.51139 29.74905 23.21659 17.77274 20.99211 27.25659 25.52803 17.23902 15.73831 17.60246 18.2691 14.48296 13.19303 11.70921 9.210468 11.36922 -128 -128 -128 -128 -128 -128 -128 -128 -128 -128 -128 -128 -128 -128 -128 -128 -128 -128
-128 -128 -128 -128 -128 -128 -128 -128 -128 -128 -128 -128 -128 -128 -128 -128 -128 -128 56.01849 56.30022 56.60645 57.86781 58.82702 59.90223 60.17265 59.29365 58.62522 57.72819 57.27711 55.85743 58.71745 61.80368 60.03852 59.2891 58.8323 55.39427 56.47636 55.0442 51.42953 48.51406 49.72863 46.73627 41.78072 34.22024 31.2653 24.63035 19.0507 20.67463 24.80239 20.9681 14.78379 12.25937 13.99051 16.08231 13.54606 11.33972 9.877245 5.507299 8.478581 -128 -128 -128 -128 -128 -128 -128 -128 -128 -128 -128 -128 -128 -128 -128 -128 -128 -128
-128 -128 -128 -128 -128 -128 -128 -128 -128 -128 -128 -128 -128 -128 -128 -128 -128 -128 56.09943 55.4888 55.6215 57.72036 59.50326 59.65511 60.26495 60.76722 60.33252 59.01427 56.81152 54.91122 58.15939 59.77485 60.6902 61.10292 61.24541 59.18459 58.31165 55.6218 50.98337 46.29295 45.89709 44.12578 37.26442 29.69598 27.46798 21.83664 21.4852 24.47452 24.39427 20.61395 18.18484 14.547 13.18892 13.40532 9.887229 8.372757 7.109788 4.686764 -128 -128 -128 -128 -128 -128 -128 -128 -128 -128 -128 -128 -128 -128 -128 -128 -128 -128 -128
-128 -128 -128 -128 -128 -128 -128 -128 -128 -128 -128 -128 -128 -128 -128 -128 -128 -128 56.29224 55.87996 55.77591 57.78894 59.19374 60.31131 60.36552 60.41879 60.59673 59.49741 57.59981 54.61953 55.58867 57.83309 59.84566 59.34817 58.10668 57.86819 58.99555 56.65047 51.03748 45.49893 42.90199 39.10094 33.75996 28.28249 23.28563 21.69708 27.08897 29.22837 26.94768 23.59484 20.69414 16.38194 12.41594 10.90371 6.919365 7.131821 6.441383 -128 -128 -128 -128 -128 -128 -128 -128 -128 -128 -128 -128 -128 -128 -128 -128 -128 -128 -128 -128
-128 -128 -128 -128 -128 -128 -128 -128 -128 -128 -128 -128 -128 -128 -128 -128 52.81125 53.84354 55.08342 56.0155 56.74886 58.07463 59.04151 59.79694 61.27905 60.54901 59.46867 58.78543 55.4584 53.92707 54.7864 56.58494 60.13498 59.16113 56.79152 53.92326 56.28556 56.17316 54.35129 50.41512 45.83236 40.88385 35.0838 29.73558 24.40501 27.17321 31.18205 29.9353 27.07152 23.79408 18.75195 12.68585 4.238947 5.193858 6.637031 6.519203 6.189493 -128 -128 -128 -128 -128 -128 -128 -128 -128 -128 -128 -128 -128 -128 -128 -128 -128 -128 -128 -128
