formato/VCI/bioclim_11.asc
ncols         186
nrows         781
xllcorner     -75.7
yllcorner     -56.55
cellsize      0.05
NODATA_value  -9999
[rows 510 to 543 of 781, columns 0 to 76 of 186]
-128 -128 -128 -128 -128 -128 -128 -128 -128 -128 -128 -128 -128 -128 -128 -128 -128 -128 -128 -128 -128 -128 -128 -128 -128 -128 -128 -128 7.657687 7.37874 7.023863 6.951104 6.58177 6.012878 6.017149 6.232484 6.358005 6.355213 6.492203 6.377131 6.515146 6.862007 6.936381 7.351637 7.42495 7.393435 7.337942 7.319955 -128 -128 -128 -128 -128 -128 -128 -128 7.255094 6.551528 7.043749 4.863564 4.878395 5.000331 4.102794 5.394952 4.867592 1.625856 3.211366 3.2669 1.259254 -0.317001 0.4358227 -0.454935 1.542101 0.282589 0.6700386 2.199083 -128
-128 -128 -128 -128 -128 -128 -128 -128 -128 -128 -128 -128 -128 -128 -128 -128 -128 -128 -128 -128 -128 -128 -128 -128 -128 -128 -128 7.720258 7.443534 7.150393 6.965782 6.879357 6.635923 6.259267 6.019135 6.104534 6.148307 6.207717 6.531917 6.685681 6.47733 6.747252 7.009902 7.226202 7.437476 7.398036 -128 -128 -128 -128 -128 -128 -128 -128 -128 -128 6.746654 4.935032 5.637743 5.651875 4.181093 4.145849 3.772808 5.471729 5.643346 3.827177 3.215754 1.644117 1.263373 1.699142 -0.9910938 0.8472354 0.8020082 1.995154 -0.3403179 -0.4914221 -128
-128 -128 -128 -128 -128 -128 -128 -128 -128 -128 -128 -128 -128 -128 -128 -128 -128 -128 -128 -128 -128 -128 -128 -128 -128 -128 -128 7.643809 7.262372 7.02903 6.867941 6.735293 6.545283 6.497167 6.36502 6.367526 6.301563 6.254482 6.690839 7.063946 6.786167 7.155304 7.206223 7.301631 7.430063 -128 -128 -128 -128 -128 -128 -128 -128 -128 -128 7.330396 6.432923 4.477511 4.000984 3.931018 4.634228 3.467013 3.470275 1.641294 5.319948 3.565312 1.04626 1.445938 1.201459 2.274827 1.247923 0.04029155 0.851027 2.728522 1.540078 -0.331188 0.1728781
-128 -128 -128 -128 -128 -128 -128 -128 -128 -128 -128 -128 -128 -128 -128 -128 -128 -128 -128 -128 -128 -128 -128 -128 -128 -128 7.727958 7.358152 7.230681 7.125712 6.87709 6.754101 6.379739 6.116417 6.199564 6.213428 6.154127 6.222921 6.50715 7.170549 7.320598 7.345521 7.306371 7.456707 7.468835 -128 -128 -128 -128 -128 -128 -128 -128 -128 -128 7.311747 6.66561 3.512726 2.41724 3.721535 3.350396 3.710454 2.345108 2.822513 5.134345 4.929008 2.220885 0.4250535 2.180438 1.827595 -0.4011794 0.1198425 0.6357487 1.681893 0.9469352 1.774822 2.564714
-128 -128 -128 -128 -128 -128 -128 -128 -128 -128 -128 -128 -128 -128 -128 -128 -128 -128 -128 -128 -128 -128 -128 -128 -128 7.810296 7.505936 7.213107 7.060166 6.947465 6.717443 6.584866 6.343092 6.103655 6.142951 6.208932 6.173503 6.159877 6.204074 7.072743 7.261306 7.329017 7.469607 -128 -128 -128 -128 -128 -128 -128 -128 -128 -128 -128 -128 -128 6.894284 4.614323 3.114452 3.016451 3.920265 2.46559 2.968935 3.601596 2.223541 5.335211 5.485621 3.967229 1.209583 -0.688913 0.3005291 -0.5184379 -1.52696 -0.4955998 1.82515 2.970186 3.428978
-128 -128 -128 -128 -128 -128 -128 -128 -128 -128 -128 -128 -128 -128 -128 -128 -128 -128 -128 -128 -128 -128 -128 -128 -128 7.793514 7.474464 7.112239 6.723942 6.830155 7.069753 6.705957 6.755501 6.438589 6.528792 6.459421 6.622117 6.551667 5.963297 6.505445 7.258796 7.449474 7.478166 -128 -128 -128 -128 -128 -128 -128 -128 -128 -128 7.38822 7.276235 6.855273 6.786662 6.466097 5.363062 3.44803 4.197556 1.836052 0.4818684 -0.9292858 1.049553 4.172449 4.136758 4.700329 3.288556 -0.2814479 0.1323667 0.4261832 1.188037 1.318193 1.910903 2.696153 2.1109
-128 -128 -128 -128 -128 -128 -128 -128 -128 -128 -128 -128 -128 -128 -128 -128 -128 -128 -128 -128 -128 -128 -128 -128 -128 -128 -128 7.710711 7.45987 7.313025 7.326884 7.243352 7.178566 6.925613 6.88508 6.849689 6.618601 6.896042 6.592081 6.476394 7.221332 -128 -128 -128 -128 -128 -128 -128 -128 -128 -128 -128 7.251153 7.092295 6.514305 5.654479 5.876599 6.287874 6.253123 4.761377 2.649121 3.989024 1.822926 -1.176208 -1.323664 1.876643 1.910949 1.480357 4.809072 3.617902 1.197839 -0.9545742 -0.1006715 3.340281 3.036847 0.6618523 -0.7291719
-128 -128 -128 -128 -128 -128 -128 -128 -128 -128 -128 -128 -128 -128 -128 -128 -128 -128 -128 -128 -128 -128 -128 -128 -128 -128 -128 -128 7.685483 7.674193 7.580394 7.436888 7.361408 7.308568 7.267602 7.08984 6.909691 6.965035 6.93626 6.601211 7.328823 -128 -128 -128 -128 -128 -128 -128 -128 -128 -128 -128 7.164313 6.767266 6.597044 5.848893 5.348941 4.826957 4.971995 5.637968 4.369327 4.382497 2.661777 1.477406 -0.3153329 0.06092213 3.043217 2.756148 2.802373 5.177568 3.731389 0.2145447 2.836992 0.8801569 0.5723211 -0.6048133 -0.2179192
-128 -128 -128 -128 -128 -128 -128 -128 -128 -128 -128 -128 -128 -128 -128 -128 -128 -128 -128 -128 -128 -128 -128 -128 -128 -128 -128 -128 7.638361 7.669431 7.616703 7.561123 7.499679 -128 -128 -128 7.284394 7.355336 7.373868 7.410709 -128 -128 -128 -128 -128 -128 -128 -128 -128 -128 -128 -128 7.050354 6.842754 5.805117 5.706966 4.890915 3.925139 2.277038 3.096486 3.812953 3.710173 1.828952 -0.1894336 0.2014952 2.116633 3.943429 1.578592 0.5229926 3.447819 4.122852 2.669081 1.798188 -0.6802047 -0.5043297 -1.47689 -0.3834331
-128 -128 -128 -128 -128 -128 -128 -128 -128 -128 -128 -128 -128 -128 -128 -128 -128 -128 -128 -128 -128 -128 -128 -128 -128 -128 -128 -128 7.683421 7.647075 7.595178 -128 -128 -128 -128 -128 -128 -128 -128 -128 -128 -128 -128 -128 -128 -128 -128 -128 -128 -128 -128 -128 6.866636 4.958478 5.876137 4.703287 3.891631 0.9365276 0.08142165 0.083112 1.248689 2.116809 2.973378 -0.1687604 0.1081814 0.976261 2.893864 1.840086 -0.9117336 -1.132314 0.6040469 4.330217 1.670325 0.4768355 0.7836779 -0.7991554 -0.6122728
-128 -128 -128 -128 -128 -128 -128 -128 -128 -128 -128 -128 -128 -128 -128 -128 -128 -128 7.746371 7.657196 7.699061 7.747481 -128 -128 -128 -128 -128 -128 -128 -128 -128 -128 -128 -128 -128 -128 -128 -128 -128 -128 -128 -128 -128 -128 -128 -128 -128 -128 -128 -128 -128 -128 7.024313 6.359892 6.165909 5.427178 3.061358 0.8965799 2.886096 3.980542 2.684668 -0.07171472 0.362168 0.2083694 -0.9744476 -0.6910349 1.892276 2.151733 -0.8440575 -1.200863 0.2803938 1.599522 2.798955 0.3300847 -0.78676 -0.6009237 0.3651741
-128 -128 -128 -128 -128 -128 -128 -128 -128 -128 -128 -128 -128 -128 -128 -128 -128 7.542537 7.335373 7.08373 7.049795 7.285553 7.677263 -128 -128 -128 -128 -128 -128 -128 -128 -128 -128 -128 -128 -128 -128 -128 -128 -128 -128 -128 -128 -128 -128 -128 -128 -128 -128 -128 -128 -128 -128 6.82288 5.872166 5.941206 5.515768 5.507846 5.310492 3.226362 1.685545 0.3137961 0.0717026 0.7104809 0.8266643 -0.691852 1.144446 3.117946 -0.4942176 -1.314561 0.05883284 1.496323 3.794169 3.272164 1.462029 -0.1818826 -0.5471854
-128 -128 -128 -128 -128 -128 -128 -128 -128 -128 -128 -128 -128 -128 -128 -128 -128 7.624863 6.756522 6.744412 6.712633 7.011831 7.506348 -128 -128 -128 -128 -128 -128 -128 -128 -128 -128 -128 -128 -128 -128 -128 -128 -128 -128 -128 -128 -128 -128 -128 -128 -128 -128 -128 -128 -128 -128 6.905684 6.867241 6.66151 5.531525 5.577251 5.461051 4.723142 3.41711 2.704751 2.044191 0.06677612 1.774331 1.29302 1.604921 3.916492 -0.5169017 -0.6988547 0.5503647 2.466493 0.739091 3.581998 3.531111 3.397924 3.746176
-128 -128 -128 -128 -128 -128 -128 -128 -128 -128 -128 -128 -128 -128 -128 -128 -128 -128 7.436299 7.54826 -128 -128 -128 -128 -128 -128 -128 -128 -128 -128 -128 -128 -128 -128 -128 -128 -128 -128 -128 -128 -128 -128 -128 -128 -128 -128 -128 -128 -128 -128 -128 -128 -128 6.89687 6.30748 4.636603 4.966159 5.472901 4.505569 5.289419 3.969675 1.802191 0.836355 0.5398577 -0.3840399 1.525284 2.485134 4.226987 0.7483788 -0.1620869 3.212458 3.035957 2.276007 0.5792041 1.317605 1.657643 0.9054894
-128 -128 -128 -128 -128 -128 -128 -128 -128 -128 -128 -128 -128 -128 -128 -128 -128 -128 -128 -128 -128 -128 -128 -128 -128 -128 -128 -128 -128 -128 -128 -128 -128 -128 -128 -128 -128 -128 -128 -128 -128 -128 -128 7.39204 7.348375 -128 -128 -128 -128 -128 -128 -128 -128 6.008041 4.929751 3.917949 4.67592 5.190346 3.353069 4.049699 2.500179 3.241657 3.157363 1.925809 -0.7262377 0.3815331 1.802868 3.660955 3.580068 2.836918 4.061928 1.154324 1.001524 -0.2171135 -0.1932984 -0.9868441 -0.7358228
-128 -128 -128 -128 -128 -128 -128 -128 -128 -128 -128 -128 -128 -128 -128 -128 -128 -128 -128 -128 -128 -128 -128 -128 -128 -128 -128 -128 -128 -128 -128 7.438145 7.390129 7.320895 7.305775 7.291536 7.248011 7.209869 -128 -128 -128 -128 -128 -128 -128 -128 -128 -128 -128 -128 -128 -128 6.77421 6.754539 6.647218 6.276088 5.598141 5.45871 2.116392 3.453186 1.099704 1.326232 0.2229567 1.084289 0.1857674 1.405152 3.58649 2.34698 0.3096095 0.1025505 2.939712 -0.6217179 -1.084242 0.2495768 -0.990492 -0.7239954 0.3963967
-128 -128 -128 -128 -128 -128 -128 -128 -128 -128 -128 -128 -128 -128 -128 -128 -128 -128 -128 -128 -128 -128 -128 -128 -128 -128 -128 -128 -128 -128 -128 7.290406 6.828668 6.815314 7.134588 7.20886 6.959756 6.852947 7.155653 7.208537 -128 -128 -128 -128 -128 -128 -128 -128 -128 -128 -128 -128 6.687854 6.663847 6.069174 5.953669 3.418708 5.16351 5.070548 4.775944 2.892853 2.675739 2.15722 0.6484686 -0.4138505 1.123804 4.045132 2.274376 -1.055515 -0.02583984 0.5777849 2.007857 0.05400642 -1.01951 -1.465474 -0.530004 1.162718
-128 -128 -128 -128 -128 -128 -128 -128 -128 -128 -128 -128 -128 -128 -128 -128 -128 -128 -128 -128 -128 -128 -128 -128 -128 -128 -128 -128 -128 -128 7.41838 7.190318 6.87278 6.626379 6.529291 6.929867 6.972527 6.823735 6.838885 7.1194 7.172724 7.200443 -128 -128 -128 -128 -128 -128 -128 -128 6.438302 6.448753 6.542799 5.787181 6.198766 5.744384 5.419182 4.793988 4.099483 2.934948 2.721854 1.783648 2.124639 1.376377 0.3830313 1.7986 4.228626 3.619895 2.439508 0.647898 -1.289567 -0.8144637 1.242589 0.2643173 -1.549429 -0.7478302 -0.5450656
-128 -128 -128 -128 -128 -128 -128 -128 -128 -128 -128 -128 -128 -128 -128 -128 -128 -128 -128 -128 -128 -128 -128 -128 -128 -128 -128 -128 -128 -128 7.38443 7.321175 7.254806 7.075232 6.768531 6.612266 6.810051 6.900874 6.934898 7.024501 7.089749 7.13918 7.173104 -128 -128 -128 -128 -128 6.71917 5.627053 4.307583 5.663056 6.319769 5.672939 5.652496 4.489512 3.364939 4.144963 5.484652 3.250197 1.369238 0.3877442 0.8444093 1.53986 3.341106 5.109501 4.393068 2.845755 3.951048 3.714851 1.185812 -0.6330833 -0.6440423 -0.7680188 -1.959506 -2.288779 -1.509185
-128 -128 -128 -128 -128 -128 -128 -128 -128 -128 -128 -128 -128 -128 -128 -128 -128 -128 -128 -128 -128 -128 -128 -128 -128 -128 -128 -128 -128 7.295467 7.281114 7.301767 7.247256 -128 7.151129 6.943874 6.556613 6.744963 6.947869 6.858307 6.738605 7.001452 7.125411 -128 7.098778 -128 -128 -128 6.577451 5.319835 4.366361 5.6607 5.443041 5.128834 4.429913 5.000672 4.065498 2.8793 4.798929 4.69702 3.733207 2.307993 3.752393 4.600402 4.908815 5.275614 3.993596 4.318621 4.339237 4.417052 2.447841 0.760731 1.010439 -0.9580408 -0.7966185 -0.746397 -0.7929842
-128 -128 -128 -128 -128 -128 -128 -128 -128 -128 -128 -128 -128 -128 -128 -128 -128 -128 -128 -128 -128 -128 -128 -128 -128 -128 -128 -128 7.204019 6.934714 7.175997 7.229612 7.196694 -128 -128 7.103843 7.086678 7.03443 7.003305 6.913149 6.67148 6.717712 6.897478 7.073446 7.05098 -128 -128 -128 6.534751 6.196127 5.917682 5.870856 4.150164 3.663697 3.949009 2.53524 1.71512 2.877911 3.502574 1.418643 3.853106 4.596881 5.233143 4.741083 4.550028 4.178866 0.5610824 3.927392 3.556527 2.85289 0.279783 0.5857292 0.7920327 2.101449 1.46286 0.4855252 -0.4863707
-128 -128 -128 -128 -128 -128 -128 -128 -128 -128 -128 -128 -128 -128 -128 -128 -128 -128 -128 -128 -128 -128 -128 -128 -128 -128 7.314446 7.049063 6.870809 6.760974 7.029706 7.129475 7.097831 7.093248 7.081181 7.049139 7.031211 7.049136 7.010817 7.028034 6.899315 6.373769 6.789585 6.984029 -128 -128 -128 -128 6.52525 6.402298 4.706658 6.280739 4.679057 4.549093 2.412367 -0.2283383 -3.499193 -1.083436 1.156887 2.01828 1.107705 1.907766 2.841511 0.7397215 3.002954 2.084996 1.247972 4.245449 2.689301 4.202869 3.432432 0.3742571 -0.8339402 -0.8534612 -0.6092421 0.2028295 1.976448
-128 -128 -128 -128 -128 -128 -128 -128 -128 -128 -128 -128 -128 -128 -128 -128 -128 -128 -128 -128 -128 -128 -128 -128 -128 7.276419 7.207242 6.418756 6.34619 6.665194 6.918848 6.507113 6.331699 6.99516 6.715573 5.66344 6.502736 7.018249 7.027705 7.019971 6.993043 6.7779 6.792681 6.592045 6.639013 6.839256 -128 -128 6.43537 6.18668 4.95662 5.122658 5.70577 5.080134 4.558874 4.09964 2.710286 1.414136 1.337567 0.2984231 0.707454 0.8485415 1.04661 0.6962208 3.611986 1.640128 2.82478 2.33725 0.5000986 2.932395 4.233665 1.569966 -0.5357757 -0.1213936 -0.3462763 0.7725864 1.2367
-128 -128 -128 -128 -128 -128 -128 -128 -128 -128 -128 -128 -128 -128 -128 -128 -128 -128 -128 -128 -128 -128 -128 -128 -128 7.205447 7.127194 6.813816 6.392137 6.885314 6.865934 6.24753 6.168419 6.342183 6.259082 5.802003 6.303504 6.807713 7.022284 6.918655 6.702469 6.974877 6.931136 6.80635 6.811229 -128 -128 -128 6.378308 5.671802 4.777285 5.785929 5.325402 4.072972 2.484161 2.68113 2.60002 2.275458 2.638573 1.498455 0.220298 1.040749 0.05814821 0.677428 3.684886 -0.2019662 2.371854 2.150209 1.338546 1.837512 2.640207 1.813482 1.73655 0.6143323 -0.2635628 1.976767 2.347696
-128 -128 -128 -128 -128 -128 -128 -128 -128 -128 -128 -128 -128 -128 -128 -128 -128 -128 -128 -128 -128 -128 -128 -128 -128 7.13716 6.804005 6.272453 6.712444 6.776849 6.795907 6.785062 5.90005 5.893557 5.899962 6.001113 6.665712 6.872061 6.978187 6.933593 6.912093 6.943821 -128 6.934078 -128 -128 -128 -128 -128 6.290475 5.562469 4.491859 4.423609 4.108986 3.625868 2.369742 1.424628 1.745617 -0.4766069 0.008324306 1.534278 1.909651 0.4223673 1.542535 2.276052 0.1829288 0.7968896 3.71604 -0.09848571 0.3639385 1.572238 0.4917474 -0.1439004 0.6329044 1.90646 2.778015 3.955772
-128 -128 -128 -128 -128 -128 -128 -128 -128 -128 -128 -128 -128 -128 -128 -128 -128 -128 -128 -128 -128 -128 -128 -128 7.169451 7.084651 6.133406 4.286448 4.560009 6.570529 6.68109 6.493803 6.213408 4.929464 6.114242 6.033891 6.44952 6.564587 6.846703 6.610449 6.62022 6.891614 6.909262 6.88039 6.72215 6.714692 -128 -128 -128 6.262484 6.323712 5.937133 5.804749 5.143754 4.521769 2.288793 3.624903 4.043847 2.742115 2.768627 2.581023 0.7966074 0.7169129 2.865351 0.5506657 -1.142845 -0.6867487 2.524709 -1.073255 -1.08042 -0.0510265 0.1433296 0.804518 1.762397 2.612036 3.446967 3.383665
-128 -128 -128 -128 -128 -128 -128 -128 -128 -128 -128 -128 -128 -128 -128 -128 -128 -128 -128 -128 -128 -128 -128 -128 7.12585 7.057823 6.910949 5.996183 6.432475 6.673788 6.739233 6.449217 6.446979 5.952933 6.220847 6.185603 6.345733 6.185651 6.748474 6.868574 6.822782 6.843882 6.830096 6.859371 6.79809 -128 6.610863 6.543063 5.907567 5.562486 6.212191 5.712287 5.963139 5.376406 5.82454 5.548295 3.675671 2.48129 1.889239 0.2991312 0.4294511 1.279454 3.731911 1.9721 0.6150734 -0.5146709 0.7968277 0.7621793 -1.219061 -0.3731133 0.1917444 0.6680124 1.60221 1.548296 1.358142 1.922837 1.409063
-128 -128 -128 -128 -128 -128 -128 -128 -128 -128 -128 -128 -128 -128 -128 -128 -128 -128 -128 -128 -128 -128 -128 7.115602 7.082858 6.994341 6.875703 5.865973 6.321054 6.738282 6.319857 5.75145 6.35677 4.664863 4.991038 6.241495 6.407759 6.528353 6.67441 6.318608 6.439118 6.75215 6.803109 6.817865 -128 -128 -128 6.574189 5.050099 4.651387 5.667624 6.057885 5.663797 5.59954 5.626252 5.791196 4.493744 3.712381 2.982585 2.614391 3.003563 3.969977 4.545043 1.74563 -1.959865 -2.28013 -1.702604 -1.506663 0.05224399 0.8079213 -0.7679637 1.079232 0.6915402 -0.1304799 -0.4154106 -0.817229 -0.4548092
-128 -128 -128 -128 -128 -128 -128 -128 -128 -128 -128 -128 -128 -128 -128 -128 -128 -128 -128 -128 -128 -128 -128 6.957913 6.43178 6.909453 6.476877 4.980312 4.139199 6.283334 6.692246 6.43186 6.735689 6.70849 6.27018 5.91132 6.272312 6.188918 6.352775 6.346649 6.399772 6.692466 6.759199 -128 -128 -128 -128 -128 6.605275 5.642261 4.112679 6.07098 5.515273 4.336019 3.166986 5.082176 5.53359 5.416064 4.30251 2.439082 3.051425 5.086874 2.889963 -1.02075 -2.377105 -2.902659 -1.760448 -1.815174 -1.347608 -0.3320653 2.252714 2.10895 -1.232535 -0.3136436 -0.5581416 -1.52087 -1.716072
-128 -128 -128 -128 -128 -128 -128 -128 -128 -128 -128 -128 -128 -128 -128 -128 -128 -128 -128 -128 -128 -128 6.995135 6.195344 4.856359 6.091122 4.677389 4.360565 5.194936 5.508455 6.547084 6.700011 6.554631 6.561339 6.555322 6.701449 6.13591 6.468186 6.581536 6.664687 6.498064 6.400636 6.580958 6.775345 -128 -128 -128 6.695411 6.617983 4.684669 3.710305 3.950183 3.877752 5.084346 3.5135 4.913719 2.565362 1.983804 3.881144 4.557412 3.817262 5.264702 4.478278 2.134757 0.5624775 -0.967259 -2.134081 -1.209123 -0.5604517 0.6248739 0.2744905 -1.528056 -1.746212 -1.838032 -2.324883 -1.998048 -1.445285
-128 -128 -128 -128 -128 -128 -128 -128 -128 -128 -128 -128 -128 -128 -128 -128 -128 7.10204 7.044594 -128 -128 -128 -128 6.654175 5.558141 5.376416 6.087445 4.788032 4.155722 4.352855 4.754092 6.546078 6.13818 5.833472 6.050223 6.409265 6.32863 6.626129 6.580106 6.348192 6.295779 6.407664 6.704835 -128 -128 -128 6.647877 6.433668 6.651518 5.892519 5.055077 3.904521 2.806984 2.938617 4.998099 4.76827 2.179121 1.846725 1.223256 2.954072 5.168583 4.467469 2.617233 2.726232 0.07725092 -1.103416 -0.8502252 -1.852446 -2.49769 -1.264941 1.043326 -0.5213366 -0.4475153 -0.07817885 -0.6213365 -0.5652014 0.09137607
-128 -128 -128 -128 -128 -128 -128 -128 -128 -128 -128 -128 -128 -128 -128 -128 -128 7.012771 6.611747 6.874085 -128 6.95807 -128 -128 -128 6.92406 6.867558 6.555314 6.209631 6.359149 6.32488 6.397667 6.720803 6.635577 6.522506 5.743684 6.523061 6.462612 4.943562 4.712497 5.234954 6.380667 6.725827 -128 -128 6.662166 6.519099 6.19857 6.282568 4.018141 4.987354 5.812407 5.001998 2.778632 4.898976 2.391551 1.34174 1.046155 2.473308 4.63882 4.704694 1.517896 -0.1167776 -0.2674151 1.198856 2.406674 0.9918784 0.1023695 -0.2522964 -1.211977 -0.7921417 -1.133443 -1.572071 -1.82205 -2.091647 -1.107875 -0.6257244
-128 -128 -128 -128 -128 -128 -128 -128 -128 -128 -128 -128 -128 -128 -128 -128 -128 7.018775 6.59066 6.840044 6.914474 6.83048 6.711006 6.744092 6.88635 6.912206 6.761796 6.382114 6.061551 5.039196 4.506228 4.896398 4.799896 4.74223 4.908553 5.085629 6.238559 6.094564 5.285739 3.737608 4.492697 6.097487 6.707213 -128 6.734955 5.988585 5.377305 4.910315 4.822718 5.791771 3.605348 4.140638 3.980938 4.70971 4.575172 5.408859 4.03899 3.584987 4.926048 5.254858 4.587426 1.703952 0.7220069 -1.289805 -1.271798 0.7218458 1.112469 1.497282 2.097757 -0.8396724 -1.154856 1.104053 -1.189301 -0.9069062 -0.5548284 0.892862 0.9305515
-128 -128 -128 -128 -128 -128 -128 -128 -128 -128 -128 -128 -128 -128 -128 -128 -128 7.040404 6.936836 6.903872 6.891474 6.771471 6.340607 5.372345 5.904575 6.693641 5.190327 4.71624 4.868521 5.159956 4.679029 4.074871 4.78734 4.900631 5.888182 5.029808 5.858788 6.294108 5.331838 2.793891 4.352137 6.154992 6.653595 -128 6.704479 5.835816 4.992742 4.755382 3.746633 3.649557 5.087341 3.358409 1.018703 3.500583 2.164475 2.133389 3.138836 4.757223 5.251998 5.083827 3.78892 0.1846957 0.083263 1.717238 2.692376 2.056172 2.271297 2.805593 2.504612 0.8190383 -0.3625727 1.623629 0.48214 1.909667 1.848749 1.203782 1.256672
