formato/VCI/bioclim_13.asc
ncols         186
nrows         781
xllcorner     -75.7
yllcorner     -56.55
cellsize      0.05
NODATA_value  -9999
[rows 102 to 135 of 781, columns 77 to 153 of 186]
-128 -128 -128 -128 -128 -128 -128 -128 -128 -128 -128 -128 -128 -128 -128 -128 -128 -128 -128 -128 -128 -128 -128 -128 -128 -128 -128 -128 -128 -128 -128 21.32987 17.28465 17.08742 16.93755 16.37947 16.12519 15.81198 15.92336 16.33311 17.24124 18.88958 20.03481 20.77939 21.50487 21.8469 22.1054 22.10938 21.82467 21.39031 20.83286 20.06767 18.96293 17.66124 17.2662 16.4221 15.52394 14.34104 12.60648 13.06799 13.50042 14.01345 14.70896 15.05978 15.26856 14.99799 14.01987 12.90732 11.96112 11.30941 11.23111 10.77414 12.68725 10.65715 10.02197 8.2805 6.707457
-128 -128 -128 -128 -128 -128 -128 -128 -128 -128 -128 -128 -128 -128 -128 -128 -128 -128 -128 -128 -128 -128 -128 -128 -128 -128 -128 -128 -128 -128 -128 20.85515 17.4822 17.54903 16.0686 15.33285 16.1586 17.01265 17.08597 17.18965 17.2865 18.4316 19.59726 20.5805 20.9095 21.21473 21.57408 21.69156 21.52802 21.18685 20.83055 20.19596 19.32481 17.98772 16.73548 15.66796 14.25124 12.72344 11.96706 13.06838 13.50908 13.28132 14.22943 14.58632 14.59528 14.44906 13.72585 12.62785 11.63643 11.17415 11.68193 12.55628 13.54645 12.31033 10.92707 9.884063 9.524151
-128 -128 -128 -128 -128 -128 -128 -128 -128 -128 -128 -128 -128 -128 -128 -128 -128 -128 -128 -128 -128 -128 -128 -128 -128 -128 -128 -128 -128 -128 -128 20.72432 17.23621 17.4365 15.33627 14.06061 15.18517 17.03053 17.26368 17.67587 18.0897 18.84599 19.41749 20.18815 20.5196 20.70595 20.96491 21.16513 21.02617 20.82563 20.62466 20.15171 19.25655 18.09272 16.54052 14.64957 12.33374 10.80502 12.07901 13.31998 14.1168 13.84833 13.97931 14.32346 14.17765 13.75733 13.15661 12.35868 11.35112 11.33192 12.10364 13.86937 14.97071 14.18154 13.69823 12.71003 11.55229
-128 -128 -128 -128 -128 -128 -128 -128 -128 -128 -128 -128 -128 -128 -128 -128 -128 -128 -128 -128 -128 -128 -128 -128 -128 -128 -128 -128 -128 -128 21.47973 19.20376 16.00145 17.64574 16.17414 15.10933 15.06717 16.40443 17.09529 17.52974 18.15627 18.72085 19.22304 19.65955 19.76556 20.16023 20.48982 20.71731 20.57635 20.33307 20.32858 20.26886 19.6548 18.24484 16.4749 14.79527 12.38864 11.35171 12.66217 13.87096 14.29485 14.21947 14.01069 13.88096 13.6614 13.24361 12.46337 11.7066 11.32945 12.72452 14.02436 15.94734 16.59513 17.00639 15.89382 14.80212 13.03328
-128 -128 -128 -128 -128 -128 -128 -128 -128 -128 -128 -128 -128 -128 -128 -128 -128 -128 -128 -128 -128 -128 -128 -128 -128 -128 -128 -128 -128 -128 21.59455 19.39465 15.86788 16.90731 16.4617 15.66245 15.42017 15.57894 16.4372 17.03386 18.28986 18.70723 19.01524 19.32757 19.52608 19.87084 20.1701 20.35773 20.27098 20.0734 20.19509 20.45872 19.94013 18.617 17.08048 15.50425 14.27674 13.77128 14.1132 14.43961 14.27087 14.09335 13.91084 13.6649 13.32606 12.73765 11.94644 11.50908 12.58533 14.96443 16.75092 18.18488 18.04833 17.88745 17.46125 16.6494 14.80171
-128 -128 -128 -128 -128 -128 -128 -128 -128 -128 -128 -128 -128 -128 -128 -128 -128 -128 -128 -128 -128 -128 -128 -128 -128 -128 -128 -128 -128 -128 -128 21.49066 16.7124 16.63193 16.32253 15.47566 15.50252 15.47308 16.13032 16.72605 18.21776 18.50148 18.82545 19.03077 19.25933 19.5905 19.96091 20.22046 20.09512 19.88171 20.30722 20.36378 19.82876 18.63251 17.30372 16.10417 15.5361 15.01076 14.57788 13.92746 13.65422 13.44555 13.25255 13.38448 13.15768 12.62618 11.93145 12.58484 14.6855 17.2567 18.71252 19.04782 18.89431 19.22886 19.18817 18.77188 17.17573
-128 -128 -128 -128 -128 -128 -128 -128 -128 -128 -128 -128 -128 -128 -128 -128 -128 -128 -128 -128 -128 -128 -128 -128 -128 -128 -128 -128 -128 -128 21.86267 21.03098 16.90788 17.76133 16.9119 15.85873 15.77633 15.68149 16.06456 16.9869 18.00795 18.17328 18.44963 18.67141 18.94558 19.23488 19.62481 19.88675 20.12611 20.42142 20.56495 20.38724 19.67113 18.71245 17.62701 16.49697 15.60208 14.72889 14.02816 13.31748 12.70579 12.121 12.08715 13.19986 13.15985 12.7671 12.67996 14.50497 16.79606 18.71446 19.08823 19.03818 19.7119 20.19949 20.21908 19.86909 18.25663
-128 -128 -128 -128 -128 -128 -128 -128 -128 -128 -128 -128 -128 -128 -128 -128 -128 -128 -128 -128 -128 -128 -128 -128 -128 -128 -128 -128 -128 -128 21.78379 18.49286 16.03348 18.4363 17.05781 16.41768 16.08504 16.06469 16.47347 17.11733 17.77522 17.90042 18.13208 18.32579 18.69639 19.05069 19.44095 19.76393 20.34162 20.75749 20.57974 20.47257 19.52873 18.23411 17.12849 16.12496 14.99318 14.01349 13.47084 12.75687 11.50416 10.93132 11.87615 12.866 12.99351 12.77078 13.22937 16.2335 18.29455 19.19668 19.32719 19.91225 20.22062 20.43267 20.69784 20.58434 19.04113
-128 -128 -128 -128 -128 -128 -128 -128 -128 -128 -128 -128 -128 -128 -128 -128 -128 -128 -128 -128 -128 -128 -128 -128 -128 -128 20.61173 21.12122 -128 21.74594 21.6833 17.5778 17.14214 18.47675 16.86463 17.00625 15.92083 16.41767 16.57165 17.50471 17.93904 18.29426 18.60847 18.70413 18.72662 19.05019 19.58104 20.20947 20.81049 20.9431 20.79225 20.33975 19.26784 17.85245 16.55366 15.51476 13.90062 12.81757 12.33389 11.8002 10.4063 11.33726 11.9265 12.05516 12.2662 12.36723 13.12694 17.09929 19.32881 19.53753 19.62658 20.23563 20.46805 20.58854 20.80482 20.99483 19.70816
-128 -128 -128 -128 -128 -128 -128 -128 -128 -128 -128 -128 -128 -128 -128 -128 -128 -128 -128 -128 -128 -128 -128 -128 -128 20.31763 18.89221 20.69944 21.46902 21.49059 21.10593 17.90963 18.34124 18.12984 16.92203 16.55909 15.79724 16.69331 17.04484 17.95816 18.09134 18.6162 18.93189 19.24176 19.40646 19.72771 20.30279 20.85943 20.96198 20.91021 20.69599 19.84196 18.67231 17.46514 16.18844 15.00395 13.30826 11.88904 11.32977 10.90136 10.17721 11.21286 10.46636 9.758585 11.2711 12.27754 13.93727 18.32776 19.62085 19.34706 20.11461 20.24192 20.443 20.53411 20.82203 20.9391 20.18766
-128 -128 -128 -128 -128 -128 -128 -128 -128 -128 -128 -128 -128 -128 -128 -128 -128 -128 -128 -128 -128 -128 -128 -128 -128 20.00841 18.46607 20.62763 21.2468 21.55398 21.08547 19.72161 19.36744 18.03526 16.6372 16.08449 16.51439 16.58474 17.33838 18.05551 18.3413 18.91974 19.17263 19.39705 19.70439 20.39918 20.71175 20.72431 20.7065 20.62914 20.25966 19.38459 18.08367 16.85684 15.47885 13.94495 12.66186 11.59519 11.49945 11.18537 10.81638 10.5738 10.03207 9.675058 11.32133 13.00058 16.66722 19.21727 18.98197 19.61806 20.03224 20.06683 20.09914 20.20213 20.62092 20.86227 20.64817
-128 -128 -128 -128 -128 -128 -128 -128 -128 -128 -128 -128 -128 -128 -128 -128 -128 -128 -128 -128 -128 -128 -128 -128 -128 20.38548 19.18157 20.93517 21.37624 21.56557 21.10722 19.46785 18.14344 17.46272 16.05089 16.24067 16.57371 16.87217 17.38815 17.90602 18.68951 19.16363 19.14253 19.69397 20.14189 20.25258 20.07949 19.8233 19.41708 19.26861 19.02525 18.6458 17.7459 16.28569 14.92568 13.12838 11.95411 11.49241 11.8063 11.6555 11.3923 11.6282 11.81686 12.09049 12.87389 15.39461 18.84729 19.92136 19.34633 20.30225 20.47949 20.38651 20.26559 20.34985 20.64244 20.99716 20.97647
-128 -128 -128 -128 -128 -128 -128 -128 -128 -128 -128 -128 -128 -128 -128 -128 -128 -128 -128 -128 -128 -128 -128 -128 20.28083 19.75219 19.54478 20.80492 21.19894 21.38769 20.09834 18.61029 16.88107 16.46264 16.11046 16.77264 16.66424 16.51439 17.44978 18.30165 18.89574 19.34629 19.76809 19.5383 19.19236 19.42894 19.49463 19.08016 18.95977 18.50287 18.09766 18.1091 17.2099 15.71369 14.36381 13.0027 11.59838 11.2634 12.15098 12.28772 12.57312 12.6179 12.64985 12.6504 14.44973 17.87229 19.8081 19.97168 20.16452 20.57605 20.78544 20.81553 20.64919 20.56898 20.94291 21.1773 21.24705
-128 -128 -128 -128 -128 -128 -128 -128 -128 -128 -128 -128 -128 -128 -128 -128 -128 -128 -128 -128 -128 -128 -128 -128 20.24127 19.45882 19.84541 20.44952 20.78213 20.76987 19.77066 17.8537 16.3715 15.85609 16.54927 17.0247 17.11972 17.0681 17.9164 18.83885 19.23225 19.55551 19.34956 18.98013 18.90718 18.98993 18.80027 18.84246 18.78871 18.36042 18.67945 18.27871 17.06407 15.29875 13.91811 12.68931 11.09827 11.57255 12.11114 12.5088 12.86528 12.82708 12.58374 13.01804 15.8797 18.62027 20.08388 20.08143 20.41726 20.63298 20.88509 21.02868 20.98922 21.0614 21.19686 21.15725 21.32948
-128 -128 -128 -128 -128 -128 -128 -128 -128 -128 -128 -128 -128 -128 -128 -128 -128 -128 -128 -128 -128 -128 -128 -128 20.1012 19.63872 19.74159 19.96469 20.50697 20.28758 19.23018 18.29179 16.74861 15.81629 17.22498 17.22832 16.7136 17.34307 18.70948 19.47204 19.70429 19.11146 18.76971 19.00829 19.26773 18.99021 18.1006 17.8636 18.48627 19.22307 19.21437 18.36585 17.17358 15.41476 14.17252 13.01528 11.12753 11.08277 11.85801 12.48113 12.95336 12.9419 12.55167 13.55649 16.82385 19.07298 20.1214 20.11976 20.22523 20.65106 20.94473 21.01277 21.13808 21.32245 21.69431 21.40764 21.26257
-128 -128 -128 -128 -128 -128 -128 -128 -128 -128 -128 -128 -128 -128 -128 -128 -128 -128 -128 -128 -128 -128 -128 -128 19.95296 19.40015 19.41281 19.62596 20.062 20.03748 19.47883 18.06025 16.11943 16.96008 17.41589 17.25418 17.22196 18.52131 19.21695 19.3199 19.14014 18.434 18.78297 19.1436 19.07086 19.29241 19.15638 18.95119 18.61469 19.4718 19.08105 18.51466 17.45144 16.00552 15.14929 14.00789 12.03602 11.87789 12.13995 12.92607 13.4188 13.10888 12.67999 14.13741 17.34112 19.41784 19.98779 20.17608 20.20868 20.61746 20.79253 20.88725 21.04846 21.20363 21.71674 21.68885 21.26566
-128 -128 -128 -128 -128 -128 -128 -128 -128 -128 -128 -128 -128 -128 -128 -128 -128 -128 -128 -128 -128 -128 -128 -128 19.80767 19.18308 19.3871 19.85892 19.77132 19.09659 18.27436 17.11209 16.92639 18.00486 17.9925 17.89422 18.70266 19.12704 19.24747 19.37271 19.03012 18.78034 18.70053 18.46523 18.0654 17.70054 18.60486 19.66298 19.69119 19.06404 18.28178 17.88874 17.07205 16.2653 15.67424 13.90756 13.17955 13.60052 14.07 14.5061 14.34142 13.65322 12.74233 14.43336 17.52926 19.50783 19.88529 20.29938 20.50172 20.63064 20.78998 20.91739 21.09302 21.31773 21.69263 21.66271 21.3658
-128 -128 -128 -128 -128 -128 -128 -128 -128 -128 -128 -128 -128 -128 -128 -128 -128 -128 -128 -128 -128 -128 -128 -128 19.40257 16.8649 19.41365 20.43709 20.30257 18.89425 17.21958 16.97454 18.07619 18.80832 17.9237 18.04763 18.82478 19.14919 19.3063 19.49798 19.19573 18.794 18.36312 17.92792 17.71522 17.48906 17.66392 18.47738 18.76376 18.27136 17.60381 16.74318 16.67759 16.58257 16.10989 14.90083 13.80567 13.83769 14.85714 15.33489 15.12066 14.30953 13.36793 14.76344 17.66045 19.47827 19.89207 20.48558 20.55552 20.51517 20.70669 20.87185 21.05911 21.28409 21.64658 21.95233 21.37182
-128 -128 -128 -128 -128 -128 -128 -128 -128 -128 -128 -128 -128 -128 -128 -128 -128 -128 -128 -128 -128 -128 -128 -128 19.30062 18.93765 20.30483 -128 20.90667 19.31528 16.96982 17.37933 18.8147 18.682 17.74097 17.14457 18.02509 18.67677 18.73452 19.81211 20.19967 19.49945 18.2801 17.82655 18.46942 17.89714 17.75845 18.001 18.33458 18.31693 17.73421 17.12007 17.48099 17.46628 16.90841 16.12294 14.82491 14.82814 15.10635 15.22915 15.27085 14.81783 14.01875 14.63169 17.57076 19.43004 20.08464 20.36884 20.38304 20.58898 20.63808 20.7404 20.99482 21.2423 21.69885 21.87387 21.26897
-128 -128 -128 -128 -128 -128 -128 -128 -128 -128 -128 -128 -128 -128 -128 -128 -128 -128 -128 -128 -128 -128 -128 -128 -128 -128 -128 -128 20.95319 19.9144 16.90203 18.20434 19.0511 18.20407 17.63337 16.82515 17.05734 17.80853 18.19473 20.77574 21.41031 20.92464 19.7063 19.26385 19.25376 18.43254 18.58741 18.2577 17.79081 18.42271 18.42549 18.41949 18.41797 17.86524 17.12828 15.82834 14.66784 14.80614 14.86193 14.99346 15.31627 14.75583 13.52442 14.58812 17.37686 19.34079 19.95862 20.32001 20.42584 20.47508 20.50594 20.60503 20.7923 21.09184 21.53166 21.74662 21.08975
-128 -128 -128 -128 -128 -128 -128 -128 -128 -128 -128 -128 -128 -128 -128 -128 -128 -128 -128 -128 -128 -128 -128 -128 -128 -128 -128 -128 20.75274 19.88015 17.99794 18.70005 18.66755 18.01357 17.24057 16.83692 16.5891 17.80583 19.23078 20.67453 21.01669 20.841 20.30647 19.84024 19.54575 19.38083 19.04756 18.12426 17.45369 17.64812 18.06985 18.43747 18.27732 17.36978 16.1398 14.74485 15.1939 16.05214 16.2616 16.33803 15.7904 14.90269 13.7373 13.97255 17.12633 19.1713 19.94414 20.27041 20.42633 20.26695 20.33888 20.4448 20.62528 20.90154 21.4234 21.54902 20.39454
-128 -128 -128 -128 -128 -128 -128 -128 -128 -128 -128 -128 -128 -128 -128 -128 -128 -128 -128 -128 -128 -128 -128 -128 -128 -128 -128 -128 20.40592 18.69126 17.65953 18.69953 18.58237 18.23942 18.00494 18.29253 18.13191 19.17939 20.24048 20.39834 20.56385 20.54798 20.3829 19.92179 19.0403 18.90262 18.29593 18.03201 17.44317 17.02427 17.53491 18.06048 17.69737 16.26908 14.65915 14.42707 15.59732 16.56147 16.75529 16.37527 15.43503 14.50975 14.36605 13.94098 16.60221 18.76976 19.43738 20.02819 19.67439 18.89017 19.80473 20.19181 20.28791 20.65404 21.20708 20.87115 19.50531
-128 -128 -128 -128 -128 -128 -128 -128 -128 -128 -128 -128 -128 -128 -128 -128 -128 -128 -128 -128 -128 -128 -128 -128 -128 -128 -128 -128 19.15549 18.23637 17.87566 18.83666 18.92384 19.10349 19.28094 19.74724 20.08807 20.37749 20.59069 20.55222 20.54136 20.49116 20.28197 19.55155 19.02567 19.06898 18.11976 17.83643 17.89384 17.6044 18.48834 18.12638 17.05194 15.14361 14.98032 14.90104 16.02647 16.80861 16.42421 15.31804 13.56941 12.40568 12.86075 12.93153 15.89915 18.11123 18.98797 19.54951 18.45213 17.54599 19.0676 19.84091 20.02158 20.21649 20.64216 20.03795 18.39887
-128 -128 -128 -128 -128 -128 -128 -128 -128 -128 -128 -128 -128 -128 -128 -128 -128 -128 -128 -128 -128 -128 -128 -128 -128 -128 19.28953 18.57492 18.68763 18.05468 19.02056 19.17583 18.65561 18.64931 18.83573 19.53208 20.18209 20.63553 20.71035 20.71638 20.83481 20.78646 20.33929 19.17911 18.02046 18.96293 18.47763 19.03971 19.0906 18.50752 18.67265 17.99432 16.63204 14.32524 14.94698 15.97437 15.99027 16.64889 16.01152 13.93338 12.73749 12.40386 11.46466 12.11225 15.54204 17.94837 18.93431 19.05832 17.85154 16.83603 18.27727 19.62717 20.0452 20.00582 20.36802 19.4917 17.5482
-128 -128 -128 -128 -128 -128 -128 -128 -128 -128 -128 -128 -128 -128 -128 -128 -128 -128 -128 -128 -128 -128 -128 -128 -128 -128 19.54985 16.94081 17.80077 18.11395 18.95492 19.15059 18.21821 18.3342 18.25874 18.41351 19.15144 20.46938 20.88958 20.91003 21.02727 21.13866 20.83178 19.56071 18.15264 19.35249 20.16964 20.15704 19.60749 18.75227 18.45604 17.59328 15.47879 13.49048 14.21847 15.5325 14.71939 15.59628 15.85999 13.54751 13.26436 12.99747 12.05478 12.54402 16.01464 18.42428 18.87328 18.15665 16.92365 15.87982 17.29823 18.50845 19.93883 19.74494 19.97013 18.73547 16.71263
-128 -128 -128 -128 -128 -128 -128 -128 -128 -128 -128 -128 -128 -128 -128 -128 -128 -128 -128 -128 -128 -128 -128 -128 -128 -128 19.785 17.51371 17.22839 17.51067 18.41055 19.34935 18.43992 18.06039 18.28116 17.85217 18.39526 20.02723 21.05034 21.08056 21.235 21.25254 21.34014 20.9772 20.35831 20.69265 20.73507 20.39241 18.91214 18.5168 17.68502 16.57569 14.63528 14.15061 14.38203 13.9932 13.81226 15.11058 15.74513 13.8813 13.44287 12.77143 11.82325 12.52584 16.4515 18.51209 18.24107 16.90809 15.39503 15.30856 15.67807 17.04953 18.91686 18.85795 18.74343 17.23509 14.98249
-128 -128 -128 -128 -128 -128 -128 -128 -128 -128 -128 -128 -128 -128 -128 -128 -128 -128 -128 -128 -128 -128 -128 -128 -128 -128 20.24483 17.76221 16.69397 17.57349 18.68599 19.48581 18.91229 18.15244 18.17758 18.10195 18.28685 19.57998 20.79732 21.39481 21.42544 21.48715 21.57573 21.55983 21.3477 21.11252 20.63556 20.34219 19.77155 18.91035 17.50916 15.54942 14.91139 15.47844 15.02738 14.12981 14.1613 15.44168 15.66897 14.34176 13.36468 12.77057 11.82127 13.15061 16.38487 17.66834 16.7117 14.78265 13.63963 14.10738 14.27207 15.30786 17.16689 17.60175 17.1148 15.64021 13.10291
-128 -128 -128 -128 -128 -128 -128 -128 -128 -128 -128 -128 -128 -128 -128 -128 -128 -128 -128 -128 -128 -128 -128 -128 -128 -128 20.44773 17.69974 16.9224 17.81075 18.02901 19.75773 19.20204 18.60906 18.47401 18.10205 18.06881 19.1193 20.37214 21.15917 21.50062 21.31034 21.35743 21.46256 21.08919 20.83124 20.00513 19.85945 19.58582 18.55353 17.45327 16.34958 16.32694 16.19938 15.45631 14.7537 14.89624 15.50252 15.30099 14.6969 13.66637 12.77731 12.73951 13.1578 15.91371 16.85391 15.60572 13.5593 12.54541 12.94942 13.31436 13.88676 15.4732 16.22151 15.72347 14.3154 11.50487
-128 -128 -128 -128 -128 -128 -128 -128 -128 -128 -128 -128 -128 -128 -128 -128 -128 -128 -128 -128 -128 -128 -128 -128 -128 -128 20.61157 16.5994 16.66846 17.29038 17.65807 19.50967 18.9553 18.40358 18.3138 18.62612 19.10141 19.53562 20.34377 20.26886 21.50515 21.2621 21.06877 21.12575 21.21521 21.08428 20.70564 20.19874 19.37035 18.5781 17.88164 17.45455 16.73833 16.10115 15.3032 14.84438 14.91304 14.70612 13.94695 12.9644 11.81591 12.44944 13.10531 12.70594 15.16087 16.30232 14.93252 12.97987 12.65259 13.05184 13.35289 13.58079 15.31284 15.10713 14.62156 12.90951 10.39392
-128 -128 -128 -128 -128 -128 -128 -128 -128 -128 -128 -128 -128 -128 -128 -128 -128 -128 -128 -128 -128 -128 -128 -128 -128 -128 20.92271 17.67615 15.5274 16.42002 17.38122 18.86848 19.49194 19.67791 19.65767 19.98483 20.49443 21.09383 21.37318 21.43692 21.65729 21.15483 21.0729 20.90871 20.27609 21.0564 20.88588 20.55958 19.58403 18.84048 18.45797 17.61485 16.26855 15.61737 14.49374 14.37899 14.06707 13.1155 11.66007 10.78044 11.54684 12.91863 13.53125 13.48225 15.19973 15.78127 13.96728 12.2742 12.82041 13.33561 14.02181 14.50154 15.08587 13.50815 13.21032 11.45279 9.16405
-128 -128 -128 -128 -128 -128 -128 -128 -128 -128 -128 -128 -128 -128 -128 -128 -128 -128 -128 -128 -128 -128 -128 -128 -128 -128 20.83195 17.8012 15.48294 16.04317 17.44413 18.09576 18.24362 19.90551 19.8665 20.22986 20.83869 20.82375 21.1459 21.63746 21.52684 21.27715 21.24637 21.1453 20.24146 20.25569 19.80547 20.23387 20.09109 19.53821 18.85361 17.78825 16.39996 15.38319 13.90385 13.07794 12.73829 11.22594 9.629033 9.390574 11.61253 13.02478 13.59674 13.62384 14.59068 15.06718 13.42866 12.21172 13.05092 13.93561 14.38221 14.86138 14.16893 12.27533 10.6757 8.452099 6.470921
-128 -128 -128 -128 -128 -128 -128 -128 -128 -128 -128 -128 -128 -128 -128 -128 -128 -128 -128 -128 -128 -128 -128 -128 -128 -128 20.96519 17.77456 15.99352 15.43857 16.98796 17.15125 17.17414 19.25269 19.75026 18.63271 19.4015 20.74531 21.08165 21.36746 21.44416 21.39801 21.51225 21.38217 20.82751 19.98427 18.65645 19.44315 19.57219 18.79161 18.05468 17.05694 15.26541 14.08497 13.42404 11.82109 11.48726 10.81777 9.556537 9.714647 11.7777 13.38876 13.51852 12.59384 12.93205 13.09021 13.16752 12.61062 13.39412 14.56048 14.5839 14.20164 12.58108 10.61821 6.505329 2.709432 2.583695
-128 -128 -128 -128 -128 -128 -128 -128 -128 -128 -128 -128 -128 -128 -128 -128 -128 -128 -128 -128 -128 -128 -128 -128 -128 -128 20.27127 16.58167 15.70717 15.48759 16.13251 16.44689 16.69618 18.23728 19.63729 19.09529 19.98213 20.71636 20.81328 21.00706 20.98367 21.18907 21.29778 21.21929 20.7946 19.75591 18.9452 18.55251 18.83285 18.311 17.29982 15.82027 13.83698 12.63915 11.84605 11.07926 11.48812 11.49382 11.0688 11.14035 12.34456 13.37097 13.20595 12.43243 11.62241 10.49965 10.84786 11.70741 13.4558 14.47537 14.59241 13.52209 11.43925 8.292669 2.271926 0.0325 3.28049
-128 -128 -128 -128 -128 -128 -128 -128 -128 -128 -128 -128 -128 -128 -128 -128 -128 -128 -128 -128 -128 -128 -128 -128 -128 -128 19.64623 16.10563 14.74811 14.58765 14.96513 15.8681 15.89671 17.84686 18.63052 19.7101 20.70238 20.84945 20.7222 20.96461 20.85867 20.92209 21.06897 20.97377 20.14481 19.39753 18.89447 18.22905 18.19717 17.65315 17.16562 15.64976 13.96586 12.73649 11.39274 11.43192 11.97082 11.02936 9.986023 10.45514 12.72654 13.3365 13.19411 11.95749 9.923944 8.749969 8.763187 10.86118 13.08613 13.98005 13.67668 11.99761 10.71218 7.61536 4.069526 3.063703 5.599596
