formato/VCI/bioclim_1.asc
ncols         186
nrows         781
xllcorner     -75.7
yllcorner     -56.55
cellsize      0.05
NODATA_value  -9999
[rows 680 to 713 of 781, columns 0 to 76 of 186]
-128 -128 -128 -128 -128 -128 -128 7.623615 6.871634 5.424971 5.647501 7.470878 7.509919 7.538959 6.854299 7.131021 7.461142 7.661664 7.678692 7.730021 7.707039 7.681659 7.654603 -128 -128 -128 7.544046 7.546001 7.547192 7.55017 7.555535 7.560896 7.532876 7.545646 7.46379 7.129049 6.174686 5.835083 4.799646 4.995639 6.399119 6.167994 5.620215 5.821239 3.973537 0.1068056 2.004675 3.92599 5.174094 5.989767 5.452205 5.242486 4.543663 6.548676 6.588305 5.983145 6.105311 4.193029 4.069287 6.269539 6.164457 4.963844 4.75504 5.617476 5.008111 4.676319 4.658584 4.679387 -128 -128 -128 -128 -128 -128 -128 -128 -128
-128 -128 -128 -128 -128 -128 7.766326 7.259677 4.90052 5.68581 6.671021 7.619427 -128 -128 -128 7.594431 7.633002 -128 7.684642 7.657536 7.651784 7.634199 7.611895 7.603437 -128 7.562584 7.436775 7.545105 7.556549 7.560143 -128 7.531052 7.322949 7.445999 7.449408 7.158275 6.537323 5.227097 4.95283 4.5358 5.681078 6.360935 4.762732 3.910363 3.833915 3.343753 4.126332 6.067794 5.00761 4.072103 4.162263 4.555036 6.241405 4.965809 4.841638 5.840993 5.978392 6.757355 6.634758 6.665866 6.347281 6.024328 5.752032 6.050255 5.04836 3.445345 3.133953 3.189342 -128 -128 -128 -128 -128 -128 -128 -128 -128
-128 -128 -128 -128 -128 -128 -128 7.56091 7.046502 7.126186 7.677505 -128 -128 -128 -128 7.429005 7.163181 7.4605 7.611485 -128 -128 7.601824 7.511747 7.57398 7.569107 -128 7.531677 7.543567 7.566324 7.570598 7.561769 7.220715 6.627861 6.773969 7.388704 7.211941 6.528085 5.780147 5.273383 5.241333 5.201109 6.463393 4.804148 4.011603 2.994486 5.078957 4.656566 4.237202 5.833369 6.806353 6.33217 5.79645 3.00547 2.631458 2.963612 1.358163 1.950506 4.387119 6.212089 6.608868 6.634587 6.462074 6.460298 6.33748 4.961094 2.691936 3.593491 4.729412 5.213762 -128 -128 -128 -128 -128 -128 -128 -128
-128 -128 -128 -128 -128 -128 -128 -128 -128 -128 -128 -128 -128 -128 7.623677 7.416064 6.585001 6.022382 7.259335 7.635656 7.648459 7.598937 -128 7.52776 7.480106 7.577995 7.572589 7.565007 7.564929 7.371097 7.073009 6.45688 5.790926 5.664972 7.132195 6.304817 6.647378 6.959258 6.308806 4.310627 4.22742 5.810851 4.437657 5.513186 5.550318 3.364017 5.732175 3.965795 5.092037 6.889524 6.8309 6.061215 6.170761 3.95025 3.662678 4.601052 2.278931 0.7771634 3.207449 5.990915 6.718368 6.705794 6.755703 6.643831 6.238061 4.771291 5.390213 5.501019 5.433734 5.382936 -128 -128 -128 -128 -128 -128 -128
-128 -128 -128 -128 -128 -128 -128 -128 -128 -128 -128 -128 7.696632 7.349647 7.292731 7.689485 7.469893 6.449712 7.196476 7.459648 7.539978 7.527988 7.135195 7.538002 6.806665 6.924818 7.466831 -128 7.617892 7.322174 6.388136 6.010664 5.349194 5.859995 6.949983 6.910922 6.500648 6.557086 6.605465 5.272686 5.464366 6.595637 6.104804 6.116979 4.389982 3.67508 3.116965 6.052247 3.703545 5.922905 5.456848 5.507366 5.277113 6.916459 6.327456 6.404116 6.076571 5.421987 5.105026 5.239401 5.960237 6.568827 6.863433 7.059899 6.813047 6.535501 6.345051 5.945137 5.664319 5.715159 5.74664 5.84283 -128 -128 -128 -128 -128
-128 -128 -128 -128 -128 -128 -128 -128 -128 -128 -128 -128 7.32792 5.621908 6.722986 7.612098 7.149532 6.591276 6.638322 7.200824 7.328445 7.56376 7.3266 7.570993 7.457798 6.129472 6.044414 6.959363 7.589809 7.62053 7.551511 7.304348 6.705979 5.778238 5.788124 6.149256 6.977923 6.236421 6.322841 6.777921 6.734597 6.58181 6.475999 4.482059 4.146047 0.374947 0.748378 6.639963 3.484571 5.498255 5.924672 6.295594 5.25516 7.026837 7.136785 6.996106 7.006438 6.84938 5.32531 5.008873 5.059331 6.274114 6.838929 7.133048 7.018722 6.721203 6.520308 6.260551 5.941848 5.998217 6.144174 6.189841 6.113301 6.132491 -128 -128 -128
-128 -128 -128 -128 -128 -128 -128 -128 -128 -128 -128 7.403768 6.492915 5.359556 6.569942 6.946603 7.545819 5.865925 6.057266 6.989098 6.673469 7.09208 7.491762 7.607792 7.593162 7.231019 6.424487 6.057735 6.838243 6.331384 7.429445 7.569284 7.133471 7.07783 7.173548 6.268428 5.95456 6.855296 6.635731 6.849954 6.982418 5.443267 6.43172 6.12113 4.78392 2.681118 0.9179515 5.865666 4.397635 3.937822 3.222373 3.560681 5.115597 6.96006 5.892952 6.923347 -128 -128 6.747452 6.689168 6.608226 6.71948 6.993673 7.075579 6.60411 6.592374 6.717854 6.640102 6.679892 6.757946 6.816304 6.81767 6.661319 6.272591 6.191971 -128 -128
-128 -128 -128 -128 -128 -128 -128 -128 -128 -128 -128 7.720468 7.082356 5.182781 6.597256 5.884752 7.333068 5.924486 6.570421 6.224156 7.022646 7.094922 7.065579 7.525399 7.577914 7.568128 7.058196 5.324667 5.100211 5.066074 6.131802 7.228079 7.208291 7.569016 7.481731 6.968705 6.163716 5.945889 5.815283 5.689121 6.995378 6.471899 4.741002 6.546276 5.728312 3.996346 0.7764874 5.900635 6.278554 5.228094 6.066202 6.368057 6.137053 3.376341 4.713458 6.591375 6.929692 -128 -128 6.775496 -128 -128 -128 -128 6.976283 6.908902 7.012538 6.996272 6.965164 6.923265 6.911988 6.835055 6.70143 6.420435 6.181865 6.142725 -128
-128 -128 -128 -128 -128 -128 -128 -128 -128 -128 7.716898 7.672505 7.470364 7.445431 5.748031 5.416791 5.827936 5.645235 5.323314 4.933231 5.884274 6.59779 6.988187 7.425024 7.536546 7.542305 7.506226 7.301277 6.757428 5.324412 5.838007 6.607959 6.251029 5.866459 7.290143 7.472874 7.27155 6.71934 5.904761 6.367588 7.062003 7.005748 5.871486 5.659457 6.779051 4.604094 3.133775 4.482187 6.938567 3.973267 4.465979 5.470216 6.585018 6.206624 6.084418 6.727164 7.02069 6.940111 6.872344 6.868272 6.922912 6.914713 7.040202 7.095246 6.870397 6.595185 6.849766 6.913388 6.784924 6.849572 6.891558 6.817918 6.646677 6.381379 6.198962 6.204096 -128
-128 -128 -128 -128 -128 -128 -128 -128 -128 -128 -128 -128 7.712268 7.45535 5.674497 4.748644 5.631279 6.273137 5.063879 5.462073 6.408036 7.229203 6.307176 6.672293 7.339458 7.43545 7.480079 7.350782 7.467448 7.507887 7.316361 7.061595 5.74045 4.06431 5.883074 6.125289 6.969481 6.628331 4.873795 5.611255 7.13916 7.059898 6.711524 4.408494 5.441016 5.897524 2.715399 4.769262 7.151217 3.951601 4.601317 7.186188 4.941226 3.212744 5.104218 7.131649 6.312423 4.389989 5.105049 6.912932 6.866218 5.078222 6.480575 6.706134 6.828451 6.678556 6.406567 6.539373 6.37015 6.34697 6.417366 6.388948 6.27202 6.194839 6.201628 6.210449 -128
-128 -128 -128 -128 -128 -128 -128 -128 -128 -128 -128 -128 7.706233 6.256437 4.72972 5.11836 6.690111 6.790903 6.041217 5.961319 6.1676 5.277498 4.759244 5.91229 7.002141 7.356847 7.250899 7.327139 7.355977 7.398303 7.520777 7.517277 6.891775 5.234376 5.247959 4.270945 5.365673 6.825629 7.14186 6.531496 6.639451 7.076048 7.014447 4.73033 4.841123 6.021842 4.993102 4.992117 6.867406 4.181493 4.906518 6.788039 3.783456 4.253088 6.70652 7.061099 4.184587 3.590466 3.939406 6.831443 6.733101 3.29126 3.785394 6.605922 6.913167 6.827208 6.251777 5.984873 5.349311 5.711461 5.913961 5.997864 6.014035 5.907386 6.0797 6.221477 6.267667
-128 -128 -128 -128 -128 -128 -128 -128 -128 -128 -128 -128 7.703902 7.500018 6.445099 5.99502 6.588832 6.430878 5.441439 6.584069 5.66189 6.258265 6.916678 7.075164 7.112809 7.392537 7.221563 6.721583 7.326915 7.428926 7.410265 7.37452 7.495457 6.827832 5.92328 5.632104 6.241134 6.442924 5.263299 6.457106 5.727045 6.895785 -128 6.810239 6.366591 6.217529 3.578516 2.769183 6.7719 5.350322 4.352283 6.761525 5.464036 6.171464 6.851908 6.403298 2.616302 4.915583 6.506488 6.560367 6.91528 4.915909 3.787945 6.261819 6.837495 6.435602 4.396373 4.887541 3.579278 4.275245 4.468 4.988679 5.522003 5.130702 4.815222 5.55787 5.363139
-128 -128 -128 -128 -128 -128 -128 -128 -128 -128 -128 -128 -128 7.728024 7.307961 7.180927 6.861859 5.955914 7.315818 7.266288 6.302947 6.943863 7.326707 7.594954 7.514608 7.508874 7.344609 6.752953 5.35078 5.99861 6.571343 5.946818 5.719907 7.344122 7.049695 7.475049 7.461622 5.199324 4.772459 6.209547 6.547998 5.318003 6.729891 6.867727 6.37238 6.688444 6.070638 4.116142 5.130699 6.465615 6.23423 6.599362 5.556847 5.923197 6.512404 2.626757 4.848953 5.88795 3.206467 4.158143 6.546655 6.79189 6.673488 6.719669 6.691041 6.152974 3.310153 4.577024 4.189222 4.400349 5.086725 5.377616 5.540909 3.927652 3.864152 4.34156 3.912119
-128 -128 -128 -128 -128 -128 -128 -128 -128 -128 -128 -128 -128 7.738491 -128 7.736007 7.653728 7.477827 6.825174 5.530222 6.609227 7.479339 7.616158 7.571584 7.424809 6.559466 6.901588 6.486598 6.678627 6.411299 6.349285 6.742889 6.881891 6.46601 6.70819 6.746969 6.475723 6.988662 6.743236 5.718854 6.624201 6.625183 6.082268 6.692444 6.114826 4.521943 6.848583 6.758738 6.621519 5.693572 5.361612 4.103177 6.011678 5.820956 6.411594 4.070065 6.143981 3.748813 4.658251 5.333334 3.981413 3.55513 6.569268 6.987335 6.910853 6.18097 4.809919 4.551521 5.285008 5.356091 5.317973 5.116399 4.374878 4.405562 3.562687 4.225017 4.202669
-128 -128 -128 -128 -128 -128 -128 -128 -128 -128 -128 -128 -128 -128 -128 7.784125 6.478145 6.944684 7.375152 7.103663 7.272258 6.633256 7.371907 7.646615 7.590755 7.451795 7.381143 7.394845 7.145912 7.345158 7.098939 6.900433 6.617522 7.106678 5.583783 4.655607 5.889602 7.009143 7.357201 6.860244 6.806641 6.987656 6.716057 6.489367 5.824329 4.945888 5.190446 6.692941 6.322493 4.942587 4.021514 5.671971 5.236981 2.327652 4.833044 6.473514 6.460366 4.703402 3.973357 3.053235 3.764793 2.86132 5.981323 6.918923 6.805131 5.920536 4.958755 5.022791 5.097381 3.668566 3.287426 3.66525 3.19184 3.088023 2.75308 3.66576 4.281478
-128 -128 -128 -128 -128 -128 -128 -128 -128 -128 -128 -128 -128 -128 -128 7.734753 7.241915 7.165434 7.032609 6.771339 6.110776 6.549483 6.481781 7.415735 7.600245 7.57566 6.891173 6.995898 7.477553 7.519114 6.209967 6.68204 6.773596 6.438889 6.582203 5.781494 5.945613 5.126394 6.167526 6.825619 6.978909 6.959425 6.738108 5.517791 5.335519 4.181794 4.816029 5.078629 5.760465 6.190827 6.436618 6.163176 3.99696 3.929709 5.626225 6.438329 6.04876 2.925756 3.014843 3.492623 4.408285 6.107474 6.764196 6.888982 6.593922 5.404503 5.301473 5.079022 4.137354 3.006035 2.593614 2.507865 3.642862 3.598463 2.185776 2.582002 4.221757
-128 -128 -128 -128 -128 -128 -128 -128 -128 -128 -128 -128 -128 -128 -128 -128 7.754723 7.684686 7.627116 6.76973 7.007458 7.263944 7.441715 7.169445 7.522426 7.592292 7.584278 7.581945 7.536174 7.444407 7.11514 6.192659 6.004043 6.1494 6.160761 7.358004 7.066705 6.090115 6.500776 7.20099 7.15507 6.917315 6.836564 6.188954 5.410415 3.973297 1.200215 3.526398 5.457575 5.306735 4.303931 5.914602 5.355889 5.171989 4.973715 4.668492 5.173522 4.407943 4.791429 4.481528 5.538269 6.404063 6.801922 6.862038 6.558179 5.946601 5.641147 4.394645 2.794317 2.67704 2.043684 1.897987 1.957012 3.689282 3.972971 2.903078 3.808138
-128 -128 -128 -128 -128 -128 -128 -128 -128 -128 -128 7.730874 7.741808 -128 -128 -128 -128 7.799392 7.803455 7.71584 6.900225 6.586325 7.566052 7.542249 7.628775 7.607169 7.591978 7.622503 7.630287 7.622875 7.431399 5.842565 5.116417 6.751599 7.198746 7.564283 7.440205 6.467442 5.733021 6.78955 7.131135 6.947009 6.937026 6.638301 5.877902 5.110378 4.781721 4.239599 5.26514 5.662957 3.166528 3.112084 3.302915 4.280896 3.505704 3.522473 4.547536 5.674237 5.958236 6.577767 6.682384 6.678348 6.674026 4.531345 5.942913 6.462523 4.802841 5.329449 3.615649 3.412428 2.408455 3.633714 3.784182 4.558064 4.421782 2.937272 3.422628
-128 -128 -128 -128 -128 -128 -128 -128 -128 -128 -128 -128 7.75798 -128 -128 -128 -128 -128 -128 -128 7.847495 7.760732 7.675475 7.302075 7.489113 7.681281 7.637079 7.601728 7.563525 7.639899 7.660227 7.615138 7.330035 7.204456 7.480409 6.702565 6.154517 7.108387 6.876655 6.485608 7.033529 5.810541 5.372374 6.160907 5.445677 4.917609 3.792001 2.973878 5.169786 5.321016 5.12838 3.691961 2.62935 3.370331 3.332221 4.394836 5.943985 6.516116 6.471463 6.26382 6.511738 6.290986 5.44033 3.170116 5.210493 6.632624 5.93773 5.510808 2.914301 3.738697 5.543723 5.356246 5.025002 4.844441 5.002538 3.682439 2.820958
-128 -128 -128 -128 -128 -128 -128 -128 -128 -128 -128 -128 -128 -128 -128 -128 -128 -128 -128 7.885461 7.874188 7.86253 7.744154 7.291259 7.693806 -128 -128 7.677358 7.660089 7.661518 7.687188 7.692894 7.666084 7.704728 7.571424 6.747525 7.16346 7.117418 5.62019 4.975729 6.408521 6.90381 6.648544 6.145901 4.664153 3.835376 4.283039 2.720644 4.425871 3.594265 5.974207 4.611393 2.108306 4.864225 4.681834 5.67931 5.917669 4.713238 2.444161 1.671424 3.31538 5.689898 6.741957 5.78891 4.583587 4.31364 6.779868 4.978414 1.630645 3.105694 5.941221 6.276045 5.738616 5.555045 5.615571 5.265852 4.514737
-128 -128 -128 -128 -128 -128 -128 -128 -128 -128 -128 -128 -128 -128 -128 -128 -128 -128 -128 -128 7.851757 7.83805 7.805481 7.725657 7.585009 7.58596 7.657138 7.662632 7.65146 7.644351 7.653548 -128 7.639761 7.65156 7.253829 6.838943 7.063497 6.151759 5.227748 6.28054 6.973281 6.944165 6.794244 5.41996 4.421687 3.546706 3.55588 3.659515 4.275023 5.127327 6.173408 6.487281 5.283369 5.312391 5.904023 6.385293 4.888227 4.313575 2.087938 2.64311 4.013115 5.629515 4.574109 3.500035 4.551524 6.719857 6.953268 6.584427 5.391619 6.002658 6.896227 6.826724 6.519887 6.308303 6.380243 6.316353 6.186009
-128 -128 -128 -128 -128 -128 -128 -128 -128 -128 -128 -128 -128 -128 -128 -128 -128 -128 -128 -128 -128 -128 -128 7.706313 7.656998 7.602972 7.598406 7.604888 7.591277 7.585296 7.500602 7.280859 7.3718 7.360963 6.863547 6.864982 7.099795 6.426011 6.396396 6.861452 6.98519 6.832744 6.32563 5.398083 3.656088 4.394448 5.971062 3.030968 2.486371 3.179611 4.112972 6.453572 5.819526 4.530755 4.749778 5.673341 6.458008 6.659931 5.484752 6.195399 6.611318 6.367026 5.669271 6.106311 3.358934 3.174828 5.730892 6.979639 6.915877 6.88523 -128 6.765494 6.663236 6.562161 6.529378 -128 6.60968
-128 -128 -128 -128 -128 -128 -128 -128 -128 -128 -128 -128 -128 -128 -128 -128 -128 -128 -128 -128 -128 -128 -128 -128 -128 7.590252 7.481677 7.548579 7.530487 7.518103 7.351163 7.295367 7.452166 6.962 7.110474 6.932965 7.050571 6.759595 6.26471 6.812168 7.064297 5.96779 4.477008 4.647675 4.84092 5.013027 5.592043 5.748879 3.410009 3.995678 5.890147 5.38549 3.365422 4.253892 5.02585 5.130378 5.917155 5.340494 6.51709 6.580632 6.666831 6.634289 6.842711 6.25071 3.967118 6.113256 6.881701 -128 6.795945 6.732677 6.678305 6.590748 -128 -128 6.344257 -128 -128
-128 -128 -128 -128 -128 -128 -128 -128 -128 -128 -128 -128 -128 -128 -128 -128 -128 -128 -128 -128 -128 -128 -128 -128 -128 -128 -128 -128 -128 7.488597 7.385921 7.19074 7.411098 7.496428 7.382728 7.05767 6.859491 6.121855 6.776871 7.144423 7.110141 6.81219 6.157022 6.077963 6.074886 6.707827 6.231716 6.450121 4.425865 6.6797 6.406866 4.431231 3.272909 1.737164 3.284287 5.263539 5.314942 3.591926 4.368505 4.700326 6.665821 6.887069 -128 -128 7.103237 6.998015 7.059743 6.89262 6.964492 -128 6.363647 5.390291 5.940727 6.423384 6.181882 6.404146 6.51083
-128 -128 -128 -128 -128 -128 -128 -128 -128 -128 -128 -128 -128 -128 -128 -128 -128 -128 -128 7.667607 7.130006 7.603572 -128 -128 -128 -128 -128 -128 -128 -128 7.436493 7.397361 7.437274 7.449074 7.448383 6.786808 6.677676 7.174738 7.305136 7.214695 6.971212 6.840818 6.701593 6.939466 6.956345 6.818474 6.604384 6.855439 7.005058 4.626489 4.6915 4.702713 2.63259 4.149248 5.800618 4.756003 3.184825 3.757805 4.05783 5.968125 6.196668 7.007173 7.123849 7.278607 7.119315 6.357584 7.025762 -128 7.028278 6.367785 3.676532 2.429066 3.416575 5.297388 5.452309 5.291764 5.332706
-128 -128 -128 -128 -128 -128 -128 -128 -128 -128 -128 -128 -128 -128 -128 -128 -128 -128 -128 7.552893 5.496205 6.30164 7.242325 7.575215 7.579812 -128 -128 -128 -128 -128 -128 -128 -128 -128 -128 7.375609 7.352463 -128 7.285087 7.210309 7.009267 6.896069 6.916099 6.913424 6.823325 6.820558 6.937891 7.035508 6.725738 5.321407 2.465111 2.198 -0.1317952 1.947176 5.244462 4.250745 3.885765 5.359845 6.169083 4.749142 3.648918 5.03714 7.141818 7.20626 6.800761 6.090799 6.990138 6.619346 6.35328 5.971969 4.013206 3.66381 3.392735 3.784088 4.69168 4.251425 3.891772
-128 -128 -128 -128 -128 -128 -128 -128 -128 -128 -128 -128 -128 -128 -128 -128 -128 -128 -128 7.650939 7.336707 6.623828 5.976908 5.937721 6.770252 7.417933 -128 -128 -128 -128 -128 -128 -128 -128 -128 -128 -128 -128 7.245867 7.178163 7.071586 6.863861 6.762792 5.676006 5.381473 5.818834 5.949801 6.000271 5.276506 5.089797 0.1539565 -2.476661 -2.259527 1.561261 4.553151 6.446161 5.131795 5.118501 4.059443 3.170858 3.362819 5.90141 6.096444 6.907384 6.968474 6.485211 3.474861 3.083028 3.805634 4.044353 3.325758 5.284856 5.259413 4.954088 5.248413 4.971275 4.348276
-128 -128 -128 -128 -128 -128 -128 -128 -128 -128 -128 -128 -128 -128 -128 -128 -128 -128 -128 -128 -128 7.420839 6.773226 5.304291 5.962522 6.950109 7.341558 -128 -128 -128 -128 -128 -128 -128 -128 -128 -128 6.990903 7.143496 6.911414 6.664638 6.484578 5.719662 5.685668 5.494764 5.356081 5.52577 3.242718 4.256568 2.453635 3.440696 1.028207 -0.5914371 2.740323 5.395006 3.278745 1.315268 0.5642772 1.870165 4.208529 5.466208 5.264014 4.177164 3.725736 4.385525 6.082169 3.58358 3.019786 2.843408 2.459811 4.456659 5.819961 4.854048 4.882772 5.569954 5.24895 4.427166
-128 -128 -128 -128 -128 -128 -128 -128 -128 -128 -128 -128 -128 -128 -128 -128 -128 -128 -128 -128 -128 7.588836 6.431714 6.058015 5.865108 5.566886 6.911412 7.312537 7.392845 7.406031 7.3989 7.367427 -128 -128 -128 -128 -128 7.101905 7.129059 7.05747 6.814385 6.819384 6.550211 6.418792 5.892882 4.596447 5.238563 6.334937 5.204574 5.156714 5.66294 4.402336 2.553542 1.73281 4.28531 4.443265 2.556742 3.077272 3.323177 5.373901 3.291147 1.848434 -0.4619227 2.518071 4.665028 4.631685 3.334957 2.915128 3.520384 4.379047 3.968487 2.921851 2.681928 2.683322 5.138942 5.764247 5.081173
-128 -128 -128 -128 -128 -128 -128 -128 -128 -128 -128 -128 -128 -128 -128 -128 -128 -128 -128 -128 -128 7.512025 7.412294 7.190312 6.739882 5.988073 4.723013 5.495887 6.384615 6.501709 6.690025 7.098623 6.736713 7.153252 7.28237 7.378742 -128 -128 -128 -128 -128 -128 6.271511 6.190014 6.414849 5.633501 6.059185 4.912068 5.057681 4.413728 3.196085 5.006749 2.48638 1.103915 4.252981 4.310345 0.8914478 3.552987 4.427009 1.641062 0.9395198 -0.5704377 -0.8171734 2.476727 3.235065 3.483723 1.52995 2.421105 1.35061 1.037696 2.118406 2.889121 2.615595 3.911884 5.007163 5.774232 6.334183
-128 -128 -128 -128 -128 -128 -128 -128 -128 -128 -128 -128 -128 -128 -128 -128 -128 -128 -128 -128 -128 -128 -128 7.464436 7.423079 7.141253 5.176204 5.565195 4.638494 4.395514 5.422636 5.559967 3.405676 3.108201 5.57666 6.773967 6.457397 7.300683 7.321259 -128 -128 -128 6.820336 6.735091 6.656867 6.042855 5.007456 4.766244 3.203371 4.199059 5.40737 4.710414 2.605422 2.85164 4.529256 4.653146 3.080708 2.821471 2.906994 0.8946017 0.02011173 2.913004 3.629448 1.653192 3.179947 4.615732 4.668016 3.710466 2.329361 1.246566 1.48974 2.598976 3.061603 4.405596 5.457823 6.479722 6.793554
-128 -128 -128 -128 -128 -128 -128 -128 -128 -128 -128 -128 -128 -128 -128 -128 -128 -128 -128 -128 -128 -128 -128 -128 -128 7.489963 6.968518 6.814907 5.387482 5.670671 4.425234 4.631812 4.873894 5.60346 5.510691 5.954916 5.935246 6.174255 6.651192 7.143432 7.15546 6.734566 6.934309 -128 6.793023 6.736957 6.45637 5.589053 3.287304 4.269458 5.908358 4.262558 4.116062 5.69244 5.744997 5.714686 3.760733 1.950883 1.257306 1.541841 2.450074 3.632671 4.375111 3.810513 4.763881 5.290839 5.92898 5.949358 5.963768 5.320663 3.021278 3.579434 4.518474 5.469593 6.225579 6.684763 6.623872
-128 -128 -128 -128 -128 -128 -128 -128 -128 -128 -128 -128 -128 -128 -128 -128 -128 -128 -128 -128 -128 -128 -128 -128 -128 -128 7.481734 7.147438 7.203837 7.159303 6.738403 7.242224 6.919764 6.044896 7.056559 5.744428 5.805699 6.704103 6.694404 5.909194 6.417175 6.171637 6.670963 6.93289 6.802339 -128 6.792836 6.69502 6.577408 6.418796 6.385204 6.444579 6.355307 6.246517 6.179765 5.505109 4.257443 4.018133 4.615093 4.88811 3.738575 4.112951 1.081496 1.817708 3.679236 3.362556 4.144473 6.046576 6.315864 6.424176 6.157677 5.656639 6.132084 6.522796 6.655813 -128 6.456632
-128 -128 -128 -128 -128 -128 -128 -128 -128 -128 -128 -128 -128 -128 -128 -128 -128 -128 -128 -128 -128 -128 -128 -128 -128 -128 7.406898 7.058316 7.198562 7.730092 7.786034 7.775582 7.485802 6.415047 6.376424 6.917807 6.695914 6.741569 6.583438 6.654703 6.318974 6.298552 5.303958 6.715146 5.223253 5.987987 6.879237 6.862084 6.288652 6.390514 6.436861 6.499743 5.837972 5.800299 6.00048 6.033493 6.300875 6.331042 5.977839 5.859097 4.922441 5.079586 4.331524 4.478202 3.726607 3.786307 5.430391 6.060222 5.423295 6.271916 6.718998 -128 6.879556 -128 -128 -128 -128
