formato/VCI/bioclim_4.asc
ncols         186
nrows         781
xllcorner     -75.7
yllcorner     -56.55
cellsize      0.05
NODATA_value  -9999
[rows 714 to 747 of 781, columns 77 to 153 of 186]
281.6693 -128 288.9794 307.0864 300.0118 308.4489 313.4255 316.6862 328.7887 330.0773 328.8243 327.6974 324.8752 322.1875 319.6254 320.477 310.9705 306.317 298.8351 -128 -128 -128 -128 -128 -128 -128 -128 287.0988 298.9377 307.0521 310.4264 314.6953 318.0334 320.5973 323.9466 331.1978 336.3054 340.1039 337.389 342.8755 349.8862 352.9464 353.9169 352.7866 350.1299 348.6849 348.4479 348.9466 349.9642 351.7289 351.9171 352.6858 354.919 356.6105 359.1848 360.7048 362.2796 361.8785 359.541 357.4333 357.0175 356.252 353.1365 347.2907 341.3544 -128 -128 -128 -128 -128 -128 -128 -128 -128 -128 -128 -128
282.4289 276.5597 294.2018 314.6105 306.2114 310.8039 321.0897 318.9922 316.6164 324.1587 330.5674 332.465 331.5929 324.7297 315.1512 313.172 309.2827 305.3739 298.4766 -128 -128 -128 -128 -128 -128 -128 -128 283.262 292.8977 301.7355 305.9629 308.816 312.1185 315.9034 320.2944 329.881 334.841 336.4383 334.6324 340.4498 346.1514 352.1819 349.9146 346.9662 345.6508 345.5197 346.5916 348.1148 350.4827 352.8187 354.2212 354.3451 355.9978 357.8171 360.5679 360.7248 359.6016 358.3979 355.2605 353.2752 351.9756 350.8737 347.4614 341.3346 334.9238 -128 -128 -128 -128 -128 -128 -128 -128 -128 -128 -128 -128
277.834 271.5308 289.819 310.8 309.7797 302.3083 307.1842 317.538 314.0987 316.8353 322.1091 331.4697 326.6322 317.1197 310.8247 311.2891 306.1516 304.2202 298.7687 -128 -128 -128 -128 -128 -128 -128 -128 277.8906 285.3355 293.7441 294.7489 297.9119 303.6269 308.5917 308.7379 312.0604 316.2854 321.4146 321.4921 327.3587 330.5429 329.961 331.8181 334.2547 337.1502 339.7305 342.7834 345.5133 349.6244 353.052 354.4143 356.3197 358.4324 359.5347 359.3907 358.7485 359.4059 357.3031 353.5474 350.301 348.7444 347.2381 344.5061 340.0259 337.2611 -128 -128 -128 -128 -128 -128 -128 -128 -128 -128 -128 -128
269.647 264.7292 277.8626 290.4893 300.61 299.7601 304.8733 304.2466 307.8682 304.0668 308.7077 313.3892 315.3711 306.3219 303.0739 308.2858 309.5537 300.7355 -128 -128 -128 -128 -128 -128 -128 -128 -128 272.64 278.5437 284.8055 283.1364 287.4816 293.1129 296.1035 292.1561 297.0298 298.2434 297.8947 299.6521 303.2103 307.7282 313.6557 319.496 325.5458 331.6535 335.7172 339.9883 344.4275 349.2679 354.2815 356.5298 359.0614 360.3108 359.9033 360.2755 359.9941 357.9758 355.1646 351.1631 348.1794 348.269 349.6357 348.0865 347.0387 344.2785 -128 -128 -128 -128 -128 -128 -128 -128 -128 -128 -128 -128
278.5977 268.0664 270.4305 280.9329 290.3424 302.9716 307.4801 301.8565 303.9006 305.8741 305.8143 307.0903 309.9318 305.7839 301.8039 302.4987 301.815 299.4832 -128 -128 -128 -128 -128 -128 -128 -128 -128 -128 -128 -128 272.7214 280.6264 289.4637 283.9224 273.1593 269.4416 268.3156 274.0656 -128 -128 -128 -128 -128 -128 -128 -128 -128 -128 -128 -128 346.321 353.1243 354.3903 353.2284 352.6234 353.2629 353.8057 353.8055 354.0479 352.3406 352.3842 351.2712 348.2245 347.803 347.5996 -128 -128 -128 -128 -128 -128 -128 -128 -128 -128 -128 -128
272.327 270.3294 274.531 283.6538 283.3013 296.3318 308.6268 305.7745 298.5193 301.4591 301.8696 307.1205 307.426 303.2514 306.4536 307.6709 305.469 299.6888 -128 -128 -128 -128 -128 -128 -128 -128 -128 -128 -128 -128 -128 259.2148 261.4731 254.8189 250.9557 255.7605 -128 -128 -128 -128 -128 -128 -128 -128 -128 -128 -128 -128 -128 -128 336.5522 344.3344 348.0137 347.3265 348.4592 350.3163 353.7261 354.6766 354.0268 350.429 350.8638 348.1664 346.4433 346.6438 346.2136 -128 -128 -128 -128 -128 -128 -128 -128 -128 -128 -128 -128
275.7371 274.9696 289.4111 288.5981 289.6398 293.3389 293.493 302.8304 301.1679 296.8394 302.6602 310.1986 309.4609 300.2561 302.2575 311.7134 309.8393 303.4227 294.4385 -128 -128 -128 -128 -128 -128 -128 -128 -128 -128 -128 -128 -128 -128 -128 -128 -128 -128 -128 -128 -128 -128 -128 -128 -128 -128 -128 -128 -128 321.0507 327.0654 334.9044 342.4666 347.0153 348.1071 347.7871 349.0779 348.0245 347.0144 346.656 344.2396 347.4001 346.3985 346.125 346.14 348.072 -128 -128 -128 -128 -128 -128 -128 -128 -128 -128 -128 -128
292.2553 287.609 283.5697 293.0483 289.1356 294.9324 299.6402 296.9932 299.9774 297.7939 298.9256 312.819 310.8622 302.39 292.4274 296.761 305.1183 304.8827 294.7421 -128 -128 -128 -128 -128 -128 -128 266.3204 266.2224 -128 -128 -128 -128 -128 -128 -128 -128 -128 -128 -128 -128 -128 -128 -128 -128 -128 307.6649 311.4125 317.4102 324.298 330.988 337.9608 344.128 346.6198 345.3384 343.3503 342.763 343.4319 344.9575 343.092 341.1747 341.9359 345.4558 345.0929 348.7397 350.8746 -128 -128 -128 -128 -128 -128 -128 -128 -128 -128 -128 -128
290.7878 287.792 289.3616 286.4728 293.0295 290.6153 303.9878 300.0097 299.5503 296.3952 305.8802 303.9868 303.5511 297.7561 296.7925 297.4932 294.3624 296.2749 294.296 -128 -128 -128 -128 -128 -128 270.8285 273.7212 270.0239 -128 -128 -128 -128 -128 -128 -128 -128 -128 -128 -128 -128 -128 -128 297.8687 301.8175 307.9567 313.1617 318.3514 322.7727 327.2541 332.8678 337.9691 341.9844 343.2285 341.0889 336.5724 337.4423 339.6516 339.423 337.1334 341.5653 343.8741 344.8035 345.7484 347.9447 351.7995 -128 -128 -128 -128 -128 -128 -128 -128 -128 -128 -128 -128
286.925 292.5138 291.2664 298.618 289.8745 293.4375 300.1085 305.1721 301.7593 304.1254 304.5925 313.0069 308.9422 303.0423 303.4435 300.6642 297.2986 292.3101 293.6156 -128 -128 -128 281.0394 277.5992 276.5429 280.1346 277.2761 270.3909 -128 -128 -128 -128 -128 -128 -128 -128 -128 -128 274.6474 280.7148 286.4597 291.1367 296.934 302.8344 308.8212 312.9526 317.9884 323.1282 329.3221 335.2021 339.8801 344.5153 346.3471 344.864 341.8513 341.3162 342.455 341.69 343.0996 344.3461 345.5171 345.3406 347.7873 350.5475 353.3435 -128 -128 -128 -128 -128 -128 -128 -128 -128 -128 -128 -128
278.1225 286.6041 282.7946 286.0497 289.024 292.1223 304.5013 307.3203 306.3005 299.0614 307.1089 307.0389 313.6757 311.3974 307.9688 314.4424 310.0128 296.9529 -128 -128 -128 -128 284.9065 286.7995 291.8477 286.5494 282.3623 273.538 -128 -128 -128 -128 -128 -128 259.8492 262.22 263.8191 266.4393 272.5314 278.7743 285.7912 291.4556 296.6154 302.4295 307.5464 311.5151 317.0403 324.3318 329.5222 335.0908 338.7717 343.9321 345.9321 343.7344 342.0726 342.1105 341.4003 342.7962 345.1656 343.4701 345.5139 347.8804 350.8363 353.7225 356.2343 -128 -128 -128 -128 -128 -128 -128 -128 -128 -128 -128 -128
264.021 270.9532 277.1131 283.9442 298.9071 307.2509 311.8509 307.9498 302.8134 300.3679 310.92 313.5077 311.3856 309.2762 310.301 305.6646 305.2552 292.6828 -128 -128 -128 -128 285.8005 284.5159 285.3569 287.1192 285.0637 277.1397 266.7346 -128 -128 -128 -128 254.0634 267.3484 273.7876 272.4001 271.4644 273.8131 276.4734 282.6775 289.3834 296.7007 302.9782 307.3537 312.3787 316.656 321.8925 327.0954 332.5461 337.2505 342.1147 342.937 341.9303 340.4472 341.1871 342.1168 343.446 345.1924 346.7992 349.4868 351.832 354.3381 356.2574 358.6931 -128 -128 -128 -128 -128 -128 -128 -128 -128 -128 -128 -128
-128 -128 -128 279.2313 283.1594 289.4854 302.1024 307.6118 301.5997 313.6889 313.8963 315.5287 315.6839 311.2932 299.9863 293.6134 288.9549 -128 -128 289.9185 290.4867 288.8511 283.8765 279.4438 278.0923 280.0736 279.8457 273.2633 265.8013 262.8721 -128 -128 -128 253.9727 266.486 272.5047 276.4114 279.9345 279.7567 280.8161 285.1546 291.7334 295.3393 299.4775 305.0973 311.3531 314.7537 320.1411 325.6977 331.8782 336.2888 340.7826 343.1702 342.7501 342.9567 344.3317 345.5255 346.9149 347.9116 349.7974 351.6591 353.9713 355.722 357.9203 359.7803 -128 -128 -128 -128 -128 -128 -128 -128 -128 -128 -128 -128
270.5895 274.8407 278.6579 -128 -128 -128 -128 -128 294.6935 301.9495 315.7458 314.8472 305.0474 298.2318 295.9255 -128 -128 -128 285.9682 290.8394 298.7144 302.3414 293.0333 284.9755 278.5959 278.4128 277.2152 270.1613 265.4619 -128 -128 -128 -128 252.146 262.603 269.0959 278.6249 279.5458 280.7319 278.6426 285.2346 288.842 290.2332 296.6973 301.3396 306.9514 314.0947 320.4174 326.1705 332.0668 338.3488 343.7893 345.9139 345.9587 345.6503 346.5392 348.7342 349.5882 351.8953 352.7502 354.5739 355.8743 357.5752 360.3957 362.546 -128 -128 -128 -128 -128 -128 -128 -128 -128 -128 -128 -128
272.7802 276.0854 285.5035 279.5452 281.4722 283.5683 285.9421 286.7285 284.4472 -128 -128 -128 -128 -128 -128 -128 -128 -128 280.9752 288.9684 304.4585 302.5376 296.2472 281.2286 278.0054 279.1703 282.9933 277.7358 271.0188 261.0476 -128 -128 -128 -128 264.427 270.1271 272.3725 277.5028 283.1181 286.0046 293.9786 291.5277 299.0542 299.0179 308.3387 308.4621 315.1075 322.7561 325.1163 329.3832 336.849 339.1573 340.794 343.356 343.8622 344.3594 344.0596 344.1986 345.0901 346.8908 349.4979 351.566 353.7552 357.2691 360.0704 -128 -128 -128 -128 -128 -128 -128 -128 -128 -128 -128 -128
274.119 286.117 285.5078 278.8906 284.6122 293.2782 289.8608 291.1334 282.6756 279.9504 279.2635 279.5395 -128 -128 -128 -128 -128 -128 -128 289.1552 296.7781 299.0773 298.7935 281.7103 270.0794 271.5757 281.0938 281.6231 276.5816 265.2008 256.5108 -128 -128 -128 268.1042 271.1361 273.2351 276.2701 278.5124 281.4957 289.7423 292.485 302.8447 306.8976 312.5723 310.0281 316.8946 321.821 320.0707 324.1098 330.9157 334.5846 339.0655 341.7699 342.4687 339.1954 335.2388 333.5351 339.3166 341.0659 345.3098 348.1723 352.2699 357.1104 358.9601 -128 -128 -128 -128 -128 -128 -128 -128 -128 -128 -128 -128
278.3057 274.7596 276.8022 272.7039 285.3885 301.5554 305.1947 298.2756 286.9254 276.4671 285.7164 277.6772 272.7809 -128 272.6163 270.2344 -128 -128 -128 276.6825 297.7166 301.075 293.9257 288.407 274.4874 265.4401 265.014 272.8554 274.8809 269.9009 259.4629 -128 -128 -128 -128 273.8477 281.6397 287.8837 289.3121 288.8081 293.9449 295.9728 302.0833 305.8982 306.0699 312.4485 313.7178 313.0335 317.6047 322.5761 328.0959 331.0346 338.2763 337.3561 341.2592 332.8456 321.3753 323.3716 327.5852 335.2759 341.9844 345.7136 351.2303 353.0277 355.4418 -128 -128 -128 -128 -128 -128 -128 -128 -128 -128 -128 -128
267.0197 270.5598 265.805 269.4049 267.6475 280.5703 288.7175 288.0092 283.07 274.5099 282.0857 276.952 268.7828 267.393 268.3951 272.3692 266.9962 261.064 -128 269.1636 283.8301 289.4858 284.7558 279.575 273.2625 272.646 262.8331 264.837 268.1298 270.4034 275.1851 264.4071 -128 -128 -128 280.35 287.8321 299.8112 302.7996 297.3474 301.8724 307.4194 309.4951 309.574 312.6575 319.9839 310.5719 314.7841 318.1056 318.8882 320.2393 326.912 331.3914 331.0906 336.0774 325.3168 320.0622 324.8077 331.67 335.3506 340.5548 344.5439 346.7127 349.0895 355.5201 -128 -128 -128 -128 -128 -128 -128 -128 -128 -128 -128 -128
245.4483 259.4539 258.7807 257.9243 269.9593 273.1674 274.6092 273.3551 270.1932 265.8954 267.9801 271.2284 266.9475 272.4307 270.1282 290.4255 275.1362 258.0461 258.6999 261.0048 264.2676 274.2963 279.103 281.0253 272.6818 264.3165 262.3301 264.224 272.6604 278.186 270.7245 266.7101 -128 -128 -128 -128 284.8705 288.924 298.6164 301.1419 308.5385 318.5976 319.0601 316.4197 313.2713 317.032 311.6394 315.3673 320.9567 319.5849 321.6933 321.4937 327.7897 333.8667 328.628 324.665 327.3535 334.4244 334.5956 334.2422 338.9643 341.345 346.4818 347.3504 354.69 -128 -128 -128 -128 -128 -128 -128 -128 -128 -128 -128 -128
246.8376 239.9168 248.8796 262.2815 272.8689 269.6844 269.8672 266.2654 264.8518 270.0505 272.9785 272.3289 266.4145 270.3523 269.7211 277.3474 259.7231 257.3412 252.0647 265.4892 268.9072 267.4358 270.4795 275.085 274.6298 272.4886 269.1661 279.1096 273.734 267.3201 266.3766 266.5446 271.1537 -128 -128 -128 -128 -128 284.2245 289.0813 298.6621 308.8391 315.4716 314.5988 307.1429 310.4348 321.1531 323.9636 327.159 324.2748 326.7768 330.3163 334.416 328.4434 330.9981 329.4772 334.4179 335.8784 336.2763 333.7094 336.3867 337.5251 339.2592 340.5825 348.8549 -128 -128 -128 -128 -128 -128 -128 -128 -128 -128 -128 -128
255.4918 249.6668 243.2059 246.9364 260.3842 260.9873 259.4016 257.0984 260.326 267.8954 260.3057 267.9773 257.5014 263.7951 268.801 260.9371 252.8092 251.6171 247.1199 254.4543 272.9795 278.8897 283.3009 281.1384 267.7518 272.1061 274.7609 277.4948 288.0569 282.9486 278.3303 273.6 272.033 -128 -128 -128 -128 -128 -128 -128 -128 -128 298.4508 300.4396 302.9889 308.7883 313.6502 318.1716 318.8064 326.878 335.2189 332.9687 327.7909 335.3981 334.944 334.8322 335.1328 332.8538 333.5732 332.3902 331.1862 331.8666 329.7701 341.3139 343.8794 -128 -128 -128 -128 -128 -128 -128 -128 -128 -128 -128 -128
237.6234 241.3712 246.4929 242.5853 244.466 247.2096 253.7146 260.1679 253.7668 247.9361 250.0939 252.7366 255.2449 262.7902 263.7353 256.6663 252.2403 236.8772 236.129 236.8317 245.2919 256.9642 264.5466 271.3499 278.2546 274.4687 271.4108 270.7216 269.0145 272.949 276.3578 274.7831 269.4058 -128 279.4825 289.3399 290.6239 285.7347 291.0667 294.1706 300.4711 302.1847 -128 304.3863 -128 -128 304.9548 315.1163 321.8045 324.6539 333.3592 334.403 339.1395 341.0316 345.1811 339.9103 336.6259 336.4254 332.5197 328.734 327.597 325.2428 327.3459 333.0804 332.2528 -128 -128 -128 -128 -128 -128 -128 -128 -128 -128 -128 -128
233.2551 233.5829 239.347 241.997 241.5438 241.9461 241.6806 248.0275 244.2738 238.8942 243.2402 250.1293 258.9738 252.8585 252.3743 248.4233 237.3508 235.5686 234.8628 236.7066 246.8436 245.1614 242.2474 247.0911 253.9224 258.6436 267.6514 283.7242 290.3942 284.2412 271.9419 266.4447 269.0141 281.0116 292.9926 299.1508 299.584 294.879 295.2852 302.065 321.9749 327.0696 323.2602 315.679 313.4828 311.9048 311.4337 309.4521 307.8032 308.0206 315.7387 325.5707 338.5078 342.0504 337.3102 328.0091 324.1386 321.3769 321.6973 321.8277 325.7864 328.2974 329.432 330.6797 330.7809 -128 -128 -128 -128 -128 -128 -128 -128 -128 -128 -128 -128
-128 231.2589 232.804 235.6335 238.6902 240.972 239.2195 237.0145 237.3367 237.9012 239.7217 236.4308 240.4458 244.5297 247.6752 236.4751 -128 -128 238.1131 247.2913 256.7767 266.9099 260.2828 260.6308 267.2961 259.4037 262.156 280.619 287.9053 300.3297 293.3095 283.0421 274.5764 272.4475 281.2811 293.4879 301.0495 303.4499 306.0193 309.3364 316.251 337.2688 347.2675 339.0937 323.6956 319.9858 329.8723 328.6821 316.3189 312.3561 -128 -128 314.6244 318.6565 329.4515 337.8163 342.054 333.2111 325.9189 316.8072 315.4271 315.5083 310.9542 311.7405 313.9106 -128 -128 -128 -128 -128 -128 -128 -128 -128 -128 -128 -128
221.0805 234.1009 235.1538 230.7199 233.7408 238.5639 238.6542 238.7189 234.7399 240.2061 251.3217 251.4352 242.6317 237.094 237.1868 235.3864 232.2827 230.3902 235.5071 266.0569 285.1745 284.2714 257.7654 257.0764 258.6821 276.086 271.3707 263.4032 270.7517 288.3661 293.3138 300.5612 296.6055 284.1311 275.2741 296.5178 300.1948 307.2509 304.04 297.0418 294.2622 306.8839 327.5757 323.0151 307.3399 308.9099 315.6098 327.7027 337.0986 333.0238 322.6699 313.4818 305.0748 -128 301.2299 304.8382 312.5876 327.0909 323.7156 327.0208 320.3057 329.6132 328.4747 331.5998 336.8163 -128 -128 -128 -128 -128 -128 -128 -128 -128 -128 -128 -128
214.8093 220.1775 225.5191 232.5003 235.5723 231.0649 244.042 247.2044 251.2093 247.9191 262.1251 257.363 255.4788 257.5698 248.5059 255.4202 257.4759 248.4286 247.1673 258.2783 276.204 275.1287 259.0699 253.3163 279.6554 307.6639 293.8005 273.3742 260.2599 262.2884 267.8638 271.2323 287.2196 290.8405 282.1395 284.3597 291.1024 302.176 291.7716 279.6468 279.8537 279.1946 294.2836 306.8035 292.1737 301.5881 322.2997 311.8256 329.8678 330.8397 331.8839 329.7404 310.7013 296.8971 308.8512 302.553 297.328 291.7057 299.7319 302.1255 304.178 304.4921 309.3191 315.0898 322.7375 -128 -128 -128 -128 -128 -128 -128 -128 -128 -128 -128 -128
218.4016 214.7429 214.62 227.7882 230.4434 236.5832 236.3426 245.45 239.5548 242.7621 239.6534 251.6353 251.7267 266.1209 268.5151 257.8005 269.2057 263.649 247.7186 264.0894 273.5343 253.1134 243.1416 257.0928 273.0533 293.9708 316.7627 300.2959 294.0283 277.9412 258.1465 259.5893 262.1966 258.1288 267.1396 288.3608 297.0767 299.541 276.1613 275.6257 288.8121 271.9055 274.1835 296.3902 295.7063 293.4133 315.3667 319.6677 329.6263 335.2436 318.7227 299.7918 293.8348 286.8559 305.8353 317.8767 302.077 308.8087 314.7119 305.4259 298.665 284.4557 284.7617 288.3508 293.7244 -128 -128 -128 -128 -128 -128 -128 -128 -128 -128 -128 -128
220.5831 225.5277 224.8083 220.1989 226.0145 230.5803 229.4396 235.6338 231.8413 226.0529 222.2453 225.1915 241.4357 247.8979 254.7336 260.8681 253.7985 261.8598 253.0247 259.2101 251.2037 243.9332 243.4382 249.4605 258.9506 270.9128 288.4418 289.8812 295.6618 280.0498 272.5844 256.6573 251.0432 266.1695 267.4738 279.1367 296.1585 303.1579 286.7667 282.4719 261.9664 259.7439 255.3508 284.9625 284.5135 296.1612 327.6176 336.4495 323.3889 313.0692 293.4167 295.446 311.6713 283.8022 283.4592 309.0397 314.0828 316.9662 313.9022 307.6314 299.1261 316.6241 316.9217 306.7316 302.417 -128 -128 -128 -128 -128 -128 -128 -128 -128 -128 -128 -128
205.5837 203.2957 205.5651 209.1416 211.5308 217.6456 220.1414 227.8626 221.4346 218.2512 216.3015 213.146 218.7077 223.9524 226.6771 228.2781 223.6098 231.1971 236.8876 247.3131 250.7285 239.7054 247.4764 252.6665 258.9404 251.3573 250.3575 246.375 246.451 251.9009 251.3956 263.3935 267.9342 260.5838 266.4206 286.2434 294.085 290.3643 287.1895 289.9148 291.4727 272.1101 293.7084 297.0467 286.4186 301.9141 320.1042 319.5488 302.3604 296.4544 292.91 308.1421 309.8552 289.6754 280.1967 303.1871 303.0584 314.3041 322.512 318.177 322.4757 324.2161 325.5201 332.4289 333.7997 -128 -128 -128 -128 -128 -128 -128 -128 -128 -128 -128 -128
196.9514 200.973 207.948 202.6445 207.188 209.791 211.5187 212.2692 210.5927 213.4624 211.0261 215.4941 216.2748 216.2704 210.6104 213.1593 218.235 223.3041 227.1365 235.6207 242.7989 243.9104 250.0777 252.0327 248.3299 241.3725 238.7722 243.8943 263.0359 264.9415 260.6622 260.8543 254.2038 258.4303 264.7636 277.3557 294.2699 281.2977 266.7327 303.2439 314.8601 312.0116 315.3414 315.541 334.1203 332.3807 307.8296 293.0448 305.1385 305.2086 308.9597 326.7639 328.7844 308.5646 309.8307 309.9099 305.8847 294.2369 297.0038 315.6154 319.8853 335.5355 339.4875 336.3215 347.8031 -128 -128 -128 -128 -128 -128 -128 -128 -128 -128 -128 -128
198.3755 197.1562 197.7704 202.3503 207.7047 210.7282 203.2096 204.765 206.991 209.4651 208.4197 210.7464 211.9777 209.4911 211.3571 212.8587 216.689 226.339 228.2883 237.211 246.4327 245.6671 247.1137 250.3192 249.6617 251.8269 253.9013 255.3399 265.62 276.4369 265.4933 259.2218 260.3725 273.8185 282.198 288.4721 286.7498 272.5015 291.4563 314.1229 299.3589 290.3683 290.3501 291.103 297.5918 317.3783 341.7859 329.3361 340.3751 329.8072 324.3179 341.7985 346.1646 355.6948 330.8521 310.7421 316.0719 313.7995 307.5009 300.059 303.6488 314.0675 322.5821 334.9962 349.4513 353.0721 -128 -128 -128 -128 -128 -128 -128 -128 -128 -128 -128
196.4409 196.9102 -128 -128 201.6187 202.8514 202.8784 204.0806 205.6476 207.3874 207.034 206.9073 207.2024 -128 -128 214.0438 222.35 223.7304 225.4971 232.5862 239.9287 243.8683 249.7103 249.5505 250.1371 250.6465 256.0976 264.0741 267.0094 269.3918 260.7285 263.5046 273.8427 275.823 278.3958 281.0717 292.2227 276.5368 299.7127 314.8225 315.766 301.9856 296.0378 290.2489 296.5382 312.2799 338.1175 356.5112 347.669 339.0185 344.1005 355.0609 364.0477 353.3604 305.8869 297.3204 290.8385 299.3441 309.1189 306.9777 329.4869 334.1173 322.4837 323.6832 343.9447 351.3441 -128 -128 -128 -128 -128 -128 -128 -128 -128 -128 -128
-128 -128 -128 -128 -128 -128 203.3035 204.0064 209.2003 215.0065 216.3606 214.0712 213.1071 213.3954 212.2595 -128 -128 221.7314 224.981 227.2743 234.726 246.4929 246.8315 241.2839 243.4628 242.0284 245.1628 246.4267 250.0102 253.8555 257.6902 271.0814 270.6244 276.0287 271.2241 276.597 293.67 285.466 285.2694 297.5756 295.6033 292.6255 293.3575 293.7769 306.5852 316.2616 329.6169 330.2439 314.1422 310.7285 305.6876 312.3579 314.9592 319.7708 314.3166 300.3197 303.568 302.4896 303.0961 309.6942 316.4975 336.2907 345.6626 341.1263 336.2599 338.0087 -128 -128 -128 -128 -128 -128 -128 -128 -128 -128 -128
-128 -128 -128 -128 -128 -128 -128 205.4035 220.2184 219.5564 219.8735 217.9395 222.0832 232.5804 230.4548 226.397 229.5264 224.801 224.3528 227.2311 -128 233.2939 239.9791 244.721 250.3587 253.0126 253.4008 249.9362 243.6545 239.7966 240.5368 246.7522 251.1407 250.607 255.4934 263.4607 266.7236 271.4914 -128 283.2398 288.3633 293.8949 300.6534 297.6785 297.7964 299.5335 303.6243 305.6333 302.7409 293.1616 304.0709 311.5156 328.4918 326.8724 325.5375 324.6463 310.3867 317.5178 333.0958 336.6518 327.3908 321.4867 323.3952 332.5054 343.8993 344.995 -128 -128 -128 -128 -128 -128 -128 340.8163 338.6824 334.043 328.951
