formato/VCI/bioclim_1.asc
ncols         186
nrows         781
xllcorner     -75.7
yllcorner     -56.55
cellsize      0.05
NODATA_value  -9999
[rows 170 to 203 of 781, columns 77 to 153 of 186]
-128 -128 -128 -128 -128 -128 -128 -128 -128 -128 -128 -128 -128 -128 -128 -128 -128 -128 -128 -128 -128 -128 -128 -128 14.33481 12.45795 13.79264 14.90884 15.23551 15.44217 15.73898 16.04548 16.3022 16.50934 16.60905 16.82688 16.94299 16.9885 16.6073 16.27029 15.96328 15.53999 14.94601 14.21469 13.73744 13.21125 12.29416 10.78143 9.275887 7.562868 5.430422 5.094686 4.739626 3.592864 2.636935 3.597844 3.093924 2.072435 0.1456851 0.08777165 0.9108827 1.353335 2.451104 1.844079 -0.5517038 -1.863546 0.1500602 0.359274 1.139971 -128 -128 -128 -128 -128 -128 -128 -128
-128 -128 -128 -128 -128 -128 -128 -128 -128 -128 -128 -128 -128 -128 -128 -128 -128 -128 -128 -128 -128 -128 -128 15.00002 13.2063 13.5168 14.65987 14.66437 14.84268 14.83873 15.14092 15.5142 16.12784 16.56233 16.57332 16.8538 17.10075 17.00731 16.66428 16.36054 16.03314 15.60899 15.15172 14.69784 14.04732 13.33525 12.33691 10.89693 9.354609 7.220328 5.956498 5.329048 3.655488 2.169471 2.97639 4.220997 3.970526 2.94244 0.7667292 0.5161095 0.6771069 1.471707 2.483664 1.980091 0.06197527 -1.289177 -0.6532817 -0.2690496 -0.6466396 0.7562814 -128 -128 -128 -128 -128 -128 -128
-128 -128 -128 -128 -128 -128 -128 -128 -128 -128 -128 -128 -128 -128 -128 -128 -128 -128 -128 -128 -128 -128 -128 15.08741 14.14583 14.09509 14.24903 14.31153 14.25474 14.58816 14.61111 15.16733 15.86813 16.43753 16.63935 16.74156 17.10217 17.14956 16.93489 16.64965 16.32012 15.93494 15.50115 15.09342 14.28723 13.32467 12.72841 11.60145 10.25213 8.510123 7.082198 6.016237 5.038262 4.477754 5.037785 6.069106 4.334402 3.128376 1.356729 0.03098058 -1.023302 -0.06464107 1.251737 1.691589 0.6034295 0.3033386 -1.230829 -1.126278 -1.322671 -1.220464 -128 -128 -128 -128 -128 -128 -128
-128 -128 -128 -128 -128 -128 -128 -128 -128 -128 -128 -128 -128 -128 -128 -128 -128 -128 -128 -128 -128 -128 -128 15.06069 13.91033 13.33563 13.30252 14.27374 14.67117 14.6452 14.90381 14.80324 15.21605 15.97486 16.61567 16.88645 17.10388 17.18 16.87179 16.51531 16.35801 16.05422 15.38038 14.63984 13.59376 12.17386 12.01648 11.27651 9.573803 7.493698 7.147503 6.504439 6.256665 6.004254 6.195904 6.175061 4.420798 5.200254 3.964556 1.232726 -1.206926 -1.214496 -0.6206872 -0.4561296 -0.3803178 0.4936685 -0.3901708 -0.8636425 -2.557548 -3.528181 -128 -128 -128 -128 -128 -128 -128
-128 -128 -128 -128 -128 -128 -128 -128 -128 -128 -128 -128 -128 -128 -128 -128 -128 -128 -128 -128 -128 -128 -128 15.13536 14.16693 13.19961 13.17238 14.27475 14.52245 14.97191 14.87634 15.08291 15.04605 15.84931 16.62597 16.92353 17.14723 17.20364 16.94096 16.75817 16.64711 16.14733 15.04303 14.0995 12.99359 11.83576 10.91563 10.00675 8.325242 7.362627 7.027952 6.0391 6.19088 6.084739 5.926876 6.252374 5.862662 5.816058 4.509511 2.434703 0.770718 -0.2627574 -0.5046155 -0.751685 0.1226361 1.141895 0.4714115 -0.3783091 -0.6847211 -128 -128 -128 -128 -128 -128 -128 -128
-128 -128 -128 -128 -128 -128 -128 -128 -128 -128 -128 -128 -128 -128 -128 -128 -128 -128 -128 -128 -128 -128 -128 15.10604 13.93433 13.50206 13.80257 13.92421 14.3371 14.70537 15.00654 14.81506 15.21975 15.87965 16.57588 17.06314 17.16963 17.39012 17.29993 17.12141 16.70344 16.08453 15.18697 13.88702 13.08774 11.05285 9.793442 9.548779 7.868115 7.401817 7.072323 5.894905 5.614836 5.51995 5.684647 5.732 5.825403 5.75898 4.654902 2.895498 0.7633519 1.011053 0.464583 0.2456212 1.171623 0.2539133 0.04269429 0.1062342 -128 -128 -128 -128 -128 -128 -128 -128 -128
-128 -128 -128 -128 -128 -128 -128 -128 -128 -128 -128 -128 -128 -128 -128 -128 -128 -128 -128 -128 -128 -128 -128 15.20705 15.26415 14.75553 14.39447 14.17549 15.26368 15.26801 15.61153 15.67753 16.03934 16.18845 17.05887 17.34304 17.17491 17.79321 17.6855 17.45517 17.10907 16.61189 15.76094 14.55059 13.0989 11.05658 10.08225 10.14149 9.20457 8.652122 7.565768 5.954746 5.91215 5.429342 5.627367 5.774021 5.820811 5.875344 4.599491 2.201782 1.93835 2.302158 1.769157 0.8126731 0.9567412 1.598666 -128 -128 -128 -128 -128 -128 -128 -128 -128 -128 -128
-128 -128 -128 -128 -128 -128 -128 -128 -128 -128 -128 -128 -128 -128 -128 -128 -128 -128 -128 -128 -128 -128 -128 15.00433 13.77958 14.57373 15.28705 15.4192 15.43027 15.36098 15.53777 15.41571 15.87228 16.3906 17.41478 17.64441 17.8937 18.07978 17.90948 17.57884 16.83449 15.85233 15.73107 15.36107 14.44895 12.68998 12.10498 11.4264 10.5906 9.407582 7.318946 6.127408 6.426682 5.836851 5.836288 5.856005 5.566941 5.369135 4.167082 1.269998 1.596334 2.041342 1.726716 1.236533 0.5959021 1.277564 -128 -128 -128 -128 -128 -128 -128 -128 -128 -128 -128
-128 -128 -128 -128 -128 -128 -128 -128 -128 -128 -128 -128 -128 -128 -128 -128 -128 -128 -128 -128 -128 -128 -128 14.08524 13.50315 13.37322 14.38612 14.88124 14.53086 15.90985 16.52595 16.63314 16.97612 17.48113 17.84916 17.88671 17.8202 17.94418 17.83893 17.38205 16.35983 15.26525 15.2621 14.72613 13.8996 13.08335 12.22512 10.60724 9.760365 9.442187 7.280227 5.552781 5.966232 6.307521 6.113632 5.848026 5.128373 4.745646 4.0134 1.481081 0.9458227 -0.3030551 -0.6958989 0.8965087 -0.5316486 0.004763881 -128 -128 -128 -128 -128 -128 -128 -128 -128 -128 -128
-128 -128 -128 -128 -128 -128 -128 -128 -128 -128 -128 -128 -128 -128 -128 -128 -128 -128 -128 -128 -128 -128 -128 14.10108 13.4993 13.5771 13.74163 13.83188 14.51623 15.3761 15.92642 16.26954 16.61701 17.33526 16.98692 17.73734 18.04321 18.12876 17.84222 17.31434 16.03006 15.75478 15.08896 14.03289 12.04365 9.891878 9.627977 8.799363 6.959353 6.116218 7.010468 5.147974 4.612695 5.07914 5.164738 6.123324 5.654094 4.88955 4.05126 2.8425 2.219228 1.094461 -1.970216 -2.084112 -3.371735 -4.573286 -128 -128 -128 -128 -128 -128 -128 -128 -128 -128 -128
-128 -128 -128 -128 -128 -128 -128 -128 -128 -128 -128 -128 -128 -128 -128 -128 -128 -128 -128 -128 -128 -128 14.78098 14.35196 13.60126 13.24396 13.58018 13.95842 14.46805 15.32565 15.44911 15.9455 16.09984 17.03493 17.33802 17.40248 18.34173 18.21966 17.81155 17.37637 16.53555 15.82997 14.38905 12.70839 10.28554 6.787003 6.298886 5.932779 4.667717 5.144006 5.436249 4.537898 3.846264 4.01504 4.726711 5.755003 5.864075 5.495415 4.819572 3.796152 3.040778 0.4785418 -0.8372569 -2.257627 -3.736716 -4.820998 -4.456012 -128 -128 -128 -128 -128 -128 -128 -128 -128 -128
-128 -128 -128 -128 -128 -128 -128 -128 -128 -128 -128 -128 -128 -128 -128 -128 -128 -128 -128 -128 -128 -128 14.83759 14.94574 14.69744 14.54219 14.70334 14.57353 14.5491 15.31109 15.56085 15.67213 15.74113 16.26054 16.92781 17.4441 18.03586 18.09085 17.69236 17.339 16.37943 15.02771 12.88463 10.55656 7.686215 4.187075 4.5489 4.615685 3.727826 4.001985 3.750204 3.421588 3.70121 3.966543 4.759859 5.311479 5.388114 4.983451 4.086145 2.40677 2.642852 1.078595 -0.5774847 -1.602344 -2.528008 -1.156427 -1.201613 -128 -128 -128 -128 -128 -128 -128 -128 -128 -128
-128 -128 -128 -128 -128 -128 -128 -128 -128 -128 -128 -128 -128 -128 -128 -128 -128 -128 -128 -128 -128 -128 14.81926 13.87766 13.79699 14.07864 14.64008 13.97245 13.95762 14.46946 15.10453 15.95371 15.59464 15.35682 16.11847 16.73901 17.60743 18.11442 17.68694 16.70288 16.03777 14.50792 12.92469 10.74242 8.77223 6.211861 5.23561 5.485049 4.243587 3.038613 2.342639 0.613357 1.824722 3.500822 4.805252 5.213891 5.260156 4.698925 3.132341 0.9005769 1.722257 2.174344 0.2938122 -1.446289 -1.994076 -0.7867529 0.4540215 -0.9477111 -128 -128 -128 -128 -128 -128 -128 -128 -128
-128 -128 -128 -128 -128 -128 -128 -128 -128 -128 -128 -128 -128 -128 -128 -128 -128 -128 -128 -128 -128 14.52205 14.54422 12.57265 12.96997 13.59367 14.68086 15.01987 15.08525 15.53524 15.02127 15.58441 15.88293 15.58543 15.85259 15.99569 16.78282 17.86465 17.56841 16.33706 15.96357 14.98291 13.65745 12.28592 10.96919 9.343184 7.725807 5.954935 4.489327 3.462765 2.456082 -0.3646086 -0.2118 1.883222 3.98101 4.949113 5.115107 4.550418 3.020216 0.7156346 1.600743 1.533974 0.7802802 0.4368008 0.7577628 0.04941165 -0.2084767 0.2145129 -0.738335 -128 -128 -128 -128 -128 -128 -128 -128
-128 -128 -128 -128 -128 -128 -128 -128 -128 -128 -128 -128 -128 -128 -128 -128 -128 -128 -128 -128 -128 14.57002 14.24326 13.21011 13.07357 13.74455 14.12859 14.65821 15.03867 15.35868 15.26528 15.63873 16.11045 16.00904 15.67936 15.23606 16.57123 17.47487 17.09457 16.44357 14.89808 12.87162 12.62073 11.65629 9.035526 8.757719 7.151569 5.44931 4.349275 4.59417 4.064463 2.128312 1.233032 2.355526 3.626256 4.510117 4.882576 4.50795 3.207803 1.445786 1.559046 1.211315 0.7035033 1.532484 1.153394 0.4475034 -0.9177042 -1.04401 -0.5419495 -128 -128 -128 -128 -128 -128 -128 -128
-128 -128 -128 -128 -128 -128 -128 -128 -128 -128 -128 -128 -128 -128 -128 -128 -128 -128 -128 -128 -128 14.35211 14.17886 13.66351 13.63087 13.85147 14.36052 14.73958 14.58139 14.74137 15.9961 16.22819 16.34357 16.16562 15.97763 15.36385 15.9534 16.54342 16.24201 15.76957 14.37405 11.97169 11.28904 10.85034 8.230072 6.643036 6.199599 6.996942 6.617971 5.885295 4.520213 2.097295 1.471056 1.890619 3.357773 4.267263 3.80725 4.071328 2.516769 0.6565672 0.974029 0.3125711 -1.797845 -0.6603966 -2.141989 -2.409056 -1.748525 -0.3753899 -1.249434 -2.350348 -128 -128 -128 -128 -128 -128 -128
-128 -128 -128 -128 -128 -128 -128 -128 -128 -128 -128 -128 -128 -128 -128 -128 -128 -128 -128 -128 14.55251 13.51561 12.75776 13.74288 13.32865 13.98473 13.74158 14.17722 14.77824 15.00119 15.89294 15.62327 16.0331 15.86662 15.98903 15.27262 15.28113 14.65531 14.59355 15.04153 13.82007 12.0534 10.73031 10.1197 8.937527 6.965131 7.01354 8.190556 7.529479 6.622203 5.205504 3.925914 2.416286 2.542503 3.847711 4.900552 4.09704 3.49559 1.480035 -0.5335682 0.3087499 0.4500921 -1.383528 -2.40028 -2.804946 -0.9159003 -0.7682824 -0.2617456 -0.5091906 -3.180133 -3.096272 -128 -128 -128 -128 -128 -128
-128 -128 -128 -128 -128 -128 -128 -128 -128 -128 -128 -128 -128 -128 -128 -128 -128 -128 -128 -128 14.51501 13.86543 12.63647 13.33443 13.78066 13.75865 13.8835 13.85066 13.97203 15.13767 14.97818 14.224 15.93888 16.11158 15.69884 15.22493 15.16718 14.23319 14.09537 13.8725 13.38971 11.96692 10.52357 8.426369 7.799979 7.218994 8.538043 8.591573 8.067352 7.173374 6.387229 5.018082 3.939214 2.81963 4.536817 5.187035 5.010239 3.465722 0.7126972 -0.1714616 -0.03932803 1.067833 0.3973073 0.1715557 0.0047701 0.7524606 0.9211613 1.357508 1.379324 0.4213362 -0.3843301 -0.2328948 -128 -128 -128 -128 -128
-128 -128 -128 -128 -128 -128 -128 -128 -128 -128 -128 -128 -128 -128 -128 -128 -128 -128 -128 -128 14.71616 13.87768 12.71855 12.62178 13.58567 14.31535 14.48899 14.51035 14.28852 15.14438 14.47799 13.93406 14.66248 16.08176 15.88735 15.76062 15.32971 14.42866 13.93334 13.7676 13.46534 12.13617 9.876266 8.89134 8.567807 8.707123 9.229473 8.472385 7.317171 5.670582 4.699936 4.516524 3.402024 3.309786 4.459712 4.533145 4.73407 3.029178 0.4363154 0.9010122 0.9188624 1.066 0.4715299 0.04567591 0.2633647 0.3353959 -1.692608 -0.009463137 1.228368 0.8874353 0.1051353 -1.442489 -128 -128 -128 -128 -128
-128 -128 -128 -128 -128 -128 -128 -128 -128 -128 -128 -128 -128 -128 -128 -128 -128 -128 -128 -128 14.85908 14.60237 13.30756 12.68664 13.06168 13.82928 14.4173 14.5867 14.38932 14.82553 14.74674 13.91441 14.23263 15.41824 15.73491 15.63228 15.22034 14.8386 14.32982 14.32066 13.6328 12.26356 10.24228 10.21252 10.44424 10.08021 8.792102 7.184509 6.463219 5.119916 5.192147 3.35022 1.95536 2.629869 4.207806 4.644928 4.308959 3.046252 1.373489 1.502476 1.151027 0.433757 -0.8376611 -3.102364 -2.2771 -0.6061862 -2.029031 -1.416619 -0.8469987 -0.4589835 -0.5918452 1.073545 -128 -128 -128 -128 -128
-128 -128 -128 -128 -128 -128 -128 -128 -128 -128 -128 -128 -128 -128 -128 -128 -128 -128 -128 14.66061 14.97006 14.76247 14.3182 13.84696 13.44851 13.22313 13.7468 14.59724 14.42014 14.71607 14.63056 14.38712 14.44655 14.53457 14.80629 15.41899 15.01036 14.52504 14.7225 14.78465 13.19128 11.86829 11.62471 11.853 10.63223 9.440971 8.116987 7.407481 6.873124 6.728106 6.428972 4.27745 1.517217 1.924892 4.463603 4.411579 4.295505 3.212139 2.025287 1.248629 -1.408949 -3.007516 -1.786366 -2.38561 -3.555801 -2.524961 -2.706095 -3.084997 -2.518383 -2.247416 -3.385048 -2.65766 -128 -128 -128 -128 -128
-128 -128 -128 -128 -128 -128 -128 -128 -128 -128 -128 -128 -128 -128 -128 -128 -128 -128 -128 14.81327 14.90176 14.83235 14.78574 14.59253 14.22766 13.88667 13.99178 14.51713 14.22831 13.98433 13.95731 13.84498 14.21799 15.10623 15.22536 15.08094 13.83435 14.27146 15.04724 14.60741 13.14295 13.25744 13.54152 12.91583 11.34808 10.10752 9.704651 9.52211 8.850671 7.800684 6.947129 5.029122 3.787277 3.98897 4.486512 4.67005 4.605867 3.825088 2.427245 0.4818372 -2.892002 -5.964522 -3.923102 -3.556039 -3.127637 -5.068472 -5.130239 -5.478633 -4.10118 -2.406752 -128 -128 -128 -128 -128 -128 -128
-128 -128 -128 -128 -128 -128 -128 -128 -128 -128 -128 -128 -128 -128 -128 -128 -128 14.40142 14.1896 14.88259 14.88314 14.62061 14.23084 14.77277 14.55047 14.18951 14.21483 14.75242 14.65729 14.59742 14.64637 14.41383 14.57133 15.68231 16.00408 15.60671 15.13708 15.07194 15.09948 15.32028 15.26372 15.53511 15.02989 14.06839 11.9374 11.68383 10.8649 9.754059 8.223196 6.285704 4.93563 2.823142 2.363461 3.103417 4.254851 3.888593 4.046767 3.304125 0.9355921 -1.203263 -2.860061 -4.519381 -3.928114 -4.112453 -4.580138 -7.612887 -7.321159 -5.434935 -128 -128 -128 -128 -128 -128 -128 -128 -128
-128 -128 -128 -128 -128 -128 -128 -128 -128 -128 -128 -128 -128 -128 -128 -128 -128 14.42102 14.2424 14.56527 14.83272 14.82344 14.16695 14.29123 14.02577 14.45069 14.80743 14.69991 14.71477 14.98363 14.81963 14.42137 14.75903 15.89393 16.50278 16.57923 16.15295 15.03763 15.74555 15.8711 14.66235 14.20395 12.82835 12.72077 13.12419 11.50953 9.743547 8.206356 6.248659 4.415168 3.651857 2.666939 1.681467 1.234562 2.86414 2.501628 2.987478 3.525701 1.510079 -0.6415244 -2.043406 -128 -128 -128 -4.137105 -6.950855 -128 -128 -128 -128 -128 -128 -128 -128 -128 -128 -128
-128 -128 -128 -128 -128 -128 -128 -128 -128 -128 -128 -128 -128 -128 -128 -128 -128 14.6712 14.50694 14.73176 14.94426 15.08793 14.89797 14.76089 14.82497 14.3034 14.4619 14.19349 14.73675 15.87793 15.36039 14.86038 15.01127 16.18395 16.74803 16.65051 16.62675 16.8935 17.02558 15.47309 13.93537 11.90212 9.304732 9.53961 11.9979 11.60894 9.532561 6.605588 3.636176 3.578476 3.782669 3.48633 2.114138 1.505204 1.649137 2.369719 2.67406 3.034023 1.827492 0.7176118 -128 -128 -128 -128 -128 -128 -128 -128 -128 -128 -128 -128 -128 -128 -128 -128 -128
-128 -128 -128 -128 -128 -128 -128 -128 -128 -128 -128 -128 -128 -128 -128 -128 -128 14.75097 14.82454 14.87629 15.1433 15.17149 14.79133 14.4646 14.76928 14.42591 15.25181 15.98519 16.53081 16.7595 16.02895 15.36252 16.07864 16.86047 17.15873 17.07687 17.51598 17.20591 16.26076 14.33391 12.66225 10.57578 7.553058 8.403958 10.51286 10.56876 8.483292 6.172905 5.333519 5.266013 4.772133 3.376109 1.377637 -0.2610773 -0.7365772 1.160681 2.254969 2.117393 0.1903418 -0.13117 -1.154043 -128 -128 -128 -128 -128 -128 -128 -128 -128 -128 -128 -128 -128 -128 -128 -128
-128 -128 -128 -128 -128 -128 -128 -128 -128 -128 -128 -128 -128 -128 -128 -128 -128 14.74613 14.87452 14.83858 15.20726 15.42728 15.31557 15.38702 15.83772 16.21426 16.46902 16.46736 16.68561 17.1316 16.37035 15.8982 16.74694 17.45044 17.51254 17.38352 17.72415 17.13712 16.18878 14.57213 12.95946 11.12905 9.358102 8.117395 8.541244 8.579277 6.694606 5.531811 6.080661 5.663974 4.101925 1.95043 0.7980906 -0.7974721 -2.816906 0.1255976 2.089033 1.464195 -0.02313031 -0.5718541 -1.126213 -128 -128 -128 -128 -128 -128 -128 -128 -128 -128 -128 -128 -128 -128 -128 -128
-128 -128 -128 -128 -128 -128 -128 -128 -128 -128 -128 -128 -128 -128 -128 -128 -128 14.71865 14.5468 14.64029 14.96161 15.23601 15.66467 16.13904 16.38559 15.95634 15.87181 15.52419 16.31285 16.52381 17.25043 16.97266 17.33479 17.4365 17.22464 16.70447 17.20176 17.21191 16.13093 15.0765 14.04648 12.05323 10.06702 8.653742 6.938202 5.683025 4.823655 5.04605 6.200644 5.041523 2.400394 0.8360772 0.7827922 -0.9854132 -0.7616757 0.1526033 1.516661 1.696965 0.08474075 -1.429281 -128 -128 -128 -128 -128 -128 -128 -128 -128 -128 -128 -128 -128 -128 -128 -128 -128
-128 -128 -128 -128 -128 -128 -128 -128 -128 -128 -128 -128 -128 -128 -128 -128 -128 -128 14.74223 14.11857 14.65412 15.20536 15.59473 16.05795 16.14604 15.68221 14.78804 15.60939 15.89794 16.12321 17.10095 17.44753 16.65347 17.0171 17.08333 16.02304 15.18782 16.10341 15.25359 15.56332 14.34037 12.23256 9.053271 7.178315 5.493347 3.626254 3.181078 5.02363 6.517263 5.475851 2.674122 1.050263 1.676142 1.432705 1.026836 0.5030107 1.007127 0.3230708 0.3258909 -0.6155891 -128 -128 -128 -128 -128 -128 -128 -128 -128 -128 -128 -128 -128 -128 -128 -128 -128
-128 -128 -128 -128 -128 -128 -128 -128 -128 -128 -128 -128 -128 -128 -128 -128 -128 -128 15.11255 14.99639 15.02267 15.39554 15.53305 15.82663 16.33714 15.64037 14.74582 15.48833 16.06719 15.77983 16.40029 17.38135 16.77606 16.60664 16.34614 16.09056 15.70282 14.9168 14.09825 14.14718 14.70688 13.35955 10.8236 8.977004 7.00614 4.548813 2.501999 4.114491 6.327982 5.13781 1.684958 1.703579 2.105286 2.184332 1.356934 1.027396 0.3577911 -0.6226444 0.09902131 -128 -128 -128 -128 -128 -128 -128 -128 -128 -128 -128 -128 -128 -128 -128 -128 -128 -128
-128 -128 -128 -128 -128 -128 -128 -128 -128 -128 -128 -128 -128 -128 -128 -128 -128 -128 15.1678 15.1475 15.18024 15.53982 15.80853 16.2068 16.24041 15.97475 15.76849 15.56195 15.6239 15.1636 16.29681 17.40433 16.67353 16.37696 16.12944 14.81015 15.45314 14.95723 13.68759 12.92935 13.81744 12.80265 10.91353 8.035605 7.522165 5.013753 3.099014 4.156113 5.443761 3.427381 1.219233 0.3818638 1.025184 1.833207 0.929868 0.1159852 -0.2716933 -2.057861 -0.9229276 -128 -128 -128 -128 -128 -128 -128 -128 -128 -128 -128 -128 -128 -128 -128 -128 -128 -128
-128 -128 -128 -128 -128 -128 -128 -128 -128 -128 -128 -128 -128 -128 -128 -128 -128 -128 15.18498 14.80097 14.76011 15.45245 16.01355 16.00442 16.21112 16.50719 16.44105 16.12437 15.5695 15.01184 16.24581 16.86069 17.2169 17.18946 17.12856 16.36852 16.11559 15.1964 13.47657 11.98932 12.33862 11.67655 9.009214 6.271542 6.005857 3.993531 4.485765 5.668523 5.063699 3.462336 2.769748 1.331747 0.9363598 1.110905 -0.3685807 -0.7346153 -1.388944 -2.28069 -128 -128 -128 -128 -128 -128 -128 -128 -128 -128 -128 -128 -128 -128 -128 -128 -128 -128 -128
-128 -128 -128 -128 -128 -128 -128 -128 -128 -128 -128 -128 -128 -128 -128 -128 -128 -128 15.24944 14.97353 14.82883 15.46646 15.87358 16.20206 16.14363 16.30948 16.53152 16.34463 15.87984 14.96107 15.47898 16.47081 17.11453 16.59973 16.02659 16.10187 16.49121 15.63357 13.64896 11.86943 11.226 9.743791 7.875464 6.064754 4.371447 4.286067 6.700058 7.203836 6.021019 4.730096 3.678996 1.949203 0.5503377 0.173428 -1.214965 -1.187137 -1.477666 -128 -128 -128 -128 -128 -128 -128 -128 -128 -128 -128 -128 -128 -128 -128 -128 -128 -128 -128 -128
-128 -128 -128 -128 -128 -128 -128 -128 -128 -128 -128 -128 -128 -128 -128 -128 14.37429 14.6556 14.92253 15.09349 15.24687 15.59439 15.81228 15.99785 16.4882 16.33961 16.08117 16.0583 15.0594 14.6213 15.12067 15.97579 17.20411 16.43706 15.34391 14.30024 15.60052 15.67892 15.12408 13.65025 12.14348 10.40281 8.453458 6.609431 5.004704 6.628109 8.050522 7.240533 6.067719 4.747141 2.791862 0.4612479 -2.841045 -2.016402 -1.265942 -1.353715 -1.595944 -128 -128 -128 -128 -128 -128 -128 -128 -128 -128 -128 -128 -128 -128 -128 -128 -128 -128 -128 -128
