formato/VCI/bioclimatica_2.asc
ncols         186
nrows         781
xllcorner     -75.7
yllcorner     -56.55
cellsize      0.05
NODATA_value  -9999
[rows 648 to 683 of 781, columns 0 to 82 of 186]
nan nan nan nan nan nan nan nan nan nan 5.409332 5.515652 5.611821 5.729299 5.852489 5.90604 6.281653 6.363683 6.460699 6.289819 6.114852 6.0366 6.198832 6.501104 6.671517 6.197689 nan 6.282704 5.99508 5.893498 5.780429 5.895497 6.300018 6.021671 5.118763 5.145779 5.06612 4.461116 5.062708 5.029644 4.679998 4.150247 4.786215 5.290147 nan nan nan nan nan nan nan nan nan nan nan nan nan nan nan nan nan nan nan nan nan nan nan nan nan nan nan nan nan nan nan nan nan nan nan nan nan nan nan
nan nan nan nan nan nan 5.16997 5.194325 5.211946 nan nan nan nan 5.691184 nan 5.902219 6.055518 6.349661 6.633605 6.795343 6.523075 6.382361 6.601437 6.411395 6.331996 nan 6.269239 6.748428 6.356437 6.393417 6.080319 5.760758 5.651799 5.397227 5.472075 5.524309 5.545663 5.219865 5.067429 4.600814 4.414462 4.245941 4.657379 5.678171 6.333024 5.621363 nan nan nan nan nan nan nan nan nan nan nan nan nan nan nan nan nan nan nan nan nan nan nan nan nan nan nan nan nan nan nan nan nan nan nan nan nan
nan nan nan nan nan 5.125458 5.304669 5.561385 5.358834 5.455418 5.664855 5.576153 5.607486 5.748467 5.822988 nan 6.090968 6.217844 6.423968 6.466071 6.357237 6.562675 6.372237 6.264972 6.429722 6.633152 6.313666 6.451972 6.718429 6.653752 6.6519 6.51191 5.98835 5.273355 4.805707 4.775357 4.309278 4.923385 5.10605 4.663445 4.118543 3.628697 4.294297 5.165063 5.807788 5.908695 nan nan nan nan nan nan nan nan nan nan nan nan nan nan nan nan nan nan nan nan nan nan nan nan nan nan nan nan nan nan nan nan nan nan nan nan nan
nan nan nan 5.10198 nan 5.080111 5.294271 5.555075 5.531716 5.636751 5.905825 5.651676 5.685176 5.824818 6.010872 6.023887 6.152231 6.176567 6.229243 6.326832 6.311174 6.263448 6.371728 6.586555 6.709995 6.845061 6.573767 6.268893 6.257429 6.379775 6.713997 6.654245 6.582529 5.578763 5.21587 5.549644 5.271049 4.921416 4.768979 4.435183 4.005838 3.945774 4.289398 5.017832 5.668075 nan nan nan nan nan nan nan nan nan nan nan nan nan nan nan nan nan nan nan nan nan nan nan nan nan nan nan nan nan nan nan nan nan nan nan nan nan nan
nan nan nan nan 5.051538 5.038649 5.026322 5.301801 5.627626 5.719605 5.885129 5.636626 5.726991 5.946015 6.170654 6.233886 6.347994 6.344756 6.345572 6.408936 6.428665 6.61027 7.042592 6.866099 6.826627 6.932693 6.995907 6.59994 6.311197 6.091466 6.155709 6.646549 6.473716 6.285521 5.540589 5.339956 5.711562 5.573351 4.882068 4.609293 4.49401 3.951958 4.543375 4.843992 nan nan nan nan nan nan nan nan nan nan nan nan nan nan nan nan nan nan nan nan nan nan nan nan nan nan nan nan nan nan nan nan nan nan nan nan nan nan nan
nan nan nan nan 5.02793 5.020875 5.359734 5.511191 5.311723 5.184761 5.390593 5.543897 5.747939 5.926456 6.122563 6.330555 6.355801 6.316323 6.365259 6.367139 6.648059 7.100569 7.099203 7.288856 7.404234 7.128953 7.125957 6.726819 6.478446 6.140166 6.414528 6.701083 6.160655 5.987854 5.829033 5.359113 5.858742 6.130146 5.21052 5.09322 4.548473 3.948144 4.596731 5.351886 5.341955 5.831247 nan nan nan nan nan nan nan nan nan nan nan nan nan nan nan nan nan nan nan nan nan nan nan nan nan nan nan nan nan nan nan nan nan nan nan nan nan
nan nan nan nan 5.004899 5.171931 5.380982 5.330936 5.305749 5.406804 5.362756 5.725178 6.012813 6.033138 6.158657 6.200806 6.364778 6.3092 nan 6.434711 6.609496 6.695522 7.095676 7.146531 7.431939 7.263686 6.916792 6.599026 6.786748 6.785411 6.161982 6.159948 5.843204 5.55937 5.700408 5.47189 6.158548 6.18548 5.294751 4.830297 4.529544 4.626166 5.139359 5.279964 5.549094 5.500016 nan nan nan nan nan nan nan nan nan nan nan nan nan nan nan nan nan nan nan nan nan nan nan nan nan nan nan nan nan nan nan nan nan nan nan nan nan
nan nan nan 5.006581 4.988654 5.238829 5.415725 5.691982 5.49566 5.655757 5.561828 5.664906 5.994695 5.99472 6.137718 6.186555 6.314116 6.250658 6.348155 6.442866 6.555988 6.593496 6.76049 7.065367 7.264304 7.282004 7.172439 6.96202 6.522962 6.847793 6.459281 6.534622 6.673148 6.171739 5.493576 5.323435 5.191698 5.537545 5.367991 5.047653 4.905607 5.207166 5.621826 5.763177 5.374818 4.838964 4.393392 nan nan nan nan nan nan nan nan nan nan nan nan nan nan nan nan nan nan nan nan nan nan nan nan nan nan nan nan nan nan nan nan nan nan nan nan
nan nan nan 4.972337 4.98337 5.478797 5.320186 5.231024 5.12675 5.293046 5.521039 5.624558 5.626235 5.699465 6.015313 6.11945 6.120753 nan 6.249576 6.336223 6.482628 6.507302 6.594055 6.84383 7.263173 7.256022 7.190631 6.757088 6.555281 6.793675 6.862278 6.71698 6.592171 6.46963 6.323997 6.046854 5.725095 5.59621 5.675218 5.521652 5.332576 5.318014 5.572659 5.64936 5.451314 4.998138 5.171558 nan nan nan nan nan nan nan nan nan nan nan nan nan nan nan nan nan nan nan nan nan nan nan nan nan nan nan nan nan nan nan nan nan nan nan nan
nan nan nan 4.938193 4.909983 5.134471 5.018515 5.015858 5.096848 5.341655 5.334609 5.222359 5.48915 5.597505 5.632567 5.811427 nan nan 6.148949 6.38613 6.879412 6.776229 6.801712 6.704746 6.765712 6.933802 6.86524 6.678977 6.98708 7.011239 6.801565 6.807014 6.267335 6.120647 6.021343 5.882264 6.000494 6.429688 6.45073 5.877378 5.163055 4.849647 4.611538 5.033315 5.554985 4.292421 3.851514 nan nan nan nan nan nan nan nan nan nan nan nan nan nan nan nan nan nan nan nan nan nan nan nan nan nan nan nan nan nan nan nan nan nan nan nan
nan nan nan 4.914542 4.914972 4.941704 4.870553 4.961781 5.150977 5.274006 5.273628 5.366018 5.397979 5.445804 5.531408 nan nan 6.012777 6.146258 6.30563 6.680589 6.818743 6.737798 6.862205 6.659902 6.647852 6.565712 6.539688 6.624429 6.588151 6.394501 6.509492 6.694476 6.776442 6.376432 6.187646 6.242661 6.49515 6.405068 5.538096 5.560002 4.908258 4.44136 4.814384 5.352411 5.549271 4.563843 nan nan nan nan nan nan nan nan nan nan nan nan nan nan nan nan nan nan nan nan nan nan nan nan nan nan nan nan nan nan nan nan nan nan nan nan
nan nan nan 4.890004 4.847825 4.91259 5.082973 4.983555 4.967631 4.984801 5.129385 5.119021 5.247251 5.293303 nan nan nan nan 6.064728 6.297624 6.479205 6.727872 6.882622 7.065737 6.870088 6.798698 6.886924 6.532148 6.612998 6.653015 6.657645 6.469981 6.569256 6.486465 6.660155 6.497961 6.610209 6.695702 6.110009 5.263695 5.419657 5.11545 5.051639 5.245617 5.752994 5.633856 5.443528 5.254407 nan nan nan nan nan nan nan nan nan nan nan nan nan nan nan nan nan nan nan nan nan nan nan nan nan nan nan nan nan nan nan nan nan nan nan
nan nan nan nan 4.835515 4.951582 5.104729 5.150142 5.179545 5.234211 5.290729 5.317653 5.157504 nan nan nan 5.74012 5.864204 6.009315 6.169652 6.3936 6.58337 6.574792 6.666454 6.70962 6.746781 6.711596 6.570547 6.734444 7.256706 6.950313 6.81535 7.056674 6.587888 6.418214 6.556715 6.383734 6.171718 5.91742 5.653147 6.19089 6.38319 6.091472 5.924594 5.654084 5.381283 5.513916 5.654034 nan nan nan nan nan nan nan nan nan nan nan nan nan nan nan nan nan nan nan nan nan nan nan nan nan nan nan nan nan nan nan nan nan nan nan
nan nan nan nan nan 4.788682 4.828413 4.969764 4.959799 5.117829 5.044165 5.04868 nan nan 5.305789 nan 5.685323 5.828668 nan 6.113359 6.288646 6.566097 6.532697 6.722505 6.849603 6.886679 6.909276 6.762384 6.532521 6.798021 6.941898 6.983212 7.045247 7.255648 6.768724 6.850197 6.350054 6.495219 5.627277 5.523473 5.659658 6.219765 5.651967 5.420832 5.254168 4.968503 4.843119 5.518864 5.861025 5.765228 nan nan nan nan nan nan nan nan nan nan nan nan nan nan nan nan nan nan nan nan nan nan nan nan nan nan nan nan nan nan nan nan nan
nan nan nan nan 4.825959 4.997204 5.000899 5.027948 4.972774 4.93815 4.983685 nan 5.11565 5.163508 5.282369 5.460347 5.637383 5.791175 5.96721 6.107344 6.271811 6.447621 6.534597 6.740273 6.969988 6.869672 6.807433 6.821328 6.660476 6.691884 7.187049 7.138512 7.127748 7.213849 7.05285 7.030613 6.935946 6.535141 5.818505 5.606737 5.600089 5.654956 4.972809 4.884213 4.597833 4.682435 4.75152 5.170101 5.564275 5.781707 6.205064 6.109817 nan nan nan nan nan 7.809828 7.49984 7.58855 7.467598 nan 7.762084 7.980169 7.971678 8.072345 7.881439 7.858626 nan nan nan nan nan nan nan nan nan nan nan nan nan nan nan
nan nan nan 4.882432 4.948809 4.980295 4.932051 5.099739 5.016949 4.914721 nan nan 5.088564 5.212355 5.294003 5.379444 5.597699 5.726913 5.932847 6.007713 6.159002 6.301897 6.397131 6.651931 6.889362 6.926643 6.829624 6.796374 6.808434 6.811443 6.912749 7.203023 6.920369 6.756792 6.734061 6.958287 7.011937 6.274152 6.077176 6.020447 6.118186 6.044337 5.06163 4.208287 3.991734 3.632897 3.430274 4.546472 5.458656 6.042484 6.619777 5.868198 nan nan nan 7.451184 8.485377 7.986981 7.662984 8.017548 7.950044 7.973404 8.132559 8.131681 8.081782 8.298506 8.094862 8.260761 8.459145 nan nan nan nan nan nan nan nan nan nan nan nan nan nan
nan nan nan nan 4.859721 4.96737 5.069439 5.111451 4.976857 4.924663 nan 5.040032 5.154937 5.207087 5.275399 5.369024 5.483165 5.698993 5.958156 5.936725 6.062942 6.314735 6.321608 6.455342 6.750147 6.877169 6.925647 7.117409 7.022684 6.961753 6.70408 6.810747 6.697046 6.973536 6.862514 6.970248 6.966171 6.357959 6.21645 6.090244 5.992684 6.140055 5.591234 4.596238 4.808203 4.848754 4.571333 4.985831 5.455453 5.856631 6.091994 nan nan nan 7.458563 8.044042 8.16794 7.882127 7.665733 7.775423 8.087507 8.429023 8.326941 8.50154 8.528256 8.280296 8.470996 8.83865 nan nan nan nan nan nan nan nan nan nan nan nan nan nan nan
nan nan nan nan nan 4.930069 5.070698 5.014782 5.028369 4.941948 nan 5.04745 5.049728 5.187089 5.262519 5.428278 5.605604 5.733286 5.885954 5.870607 5.946974 6.19794 6.468341 6.572248 6.569864 6.616874 6.950217 6.858177 6.944295 6.952489 6.867203 6.684996 7.006389 7.077498 6.911947 6.728761 6.645123 6.242207 5.892704 6.061379 5.864353 5.7551 5.660384 5.403856 5.181561 5.072989 4.913136 4.983786 5.175423 5.232582 5.31005 5.586588 6.758935 7.15965 7.456064 7.88669 8.20137 8.073454 7.989836 7.84763 8.340448 8.631539 8.710975 8.741656 8.925688 8.638811 8.982483 9.143311 9.432234 nan nan nan nan nan nan nan nan nan nan nan nan nan nan
nan nan nan nan nan nan nan 4.918553 4.939484 nan nan nan nan 5.020726 5.130617 5.284938 5.437662 5.665571 5.827532 5.853288 6.012241 6.079535 6.355557 6.598294 6.673831 6.696658 6.678045 6.837942 6.739253 6.773148 6.790545 6.880348 6.653833 6.652303 6.815403 6.695216 6.487605 6.360827 5.920486 5.504029 5.529917 5.468478 5.481021 5.609472 5.312141 5.039964 4.516869 4.607501 5.062107 5.375064 5.760371 5.502509 6.102252 6.577971 6.829889 7.039733 7.482185 7.775571 7.825581 7.849916 8.002468 8.310357 8.569883 8.8435 9.066659 8.965297 9.071106 9.233173 9.025849 nan nan nan nan nan nan nan nan nan nan nan nan nan nan
nan nan nan nan nan nan nan nan nan nan nan nan nan 4.997414 nan 5.185532 5.458122 5.587107 5.804478 5.815907 5.931629 6.089957 6.39168 6.655236 6.745533 6.837212 6.718536 6.704498 6.715404 6.707543 6.737768 6.779445 6.787526 6.657857 6.620751 6.598599 6.62119 6.0927 5.921918 5.620646 5.428711 5.287299 5.338665 5.240418 4.927185 4.675129 4.281574 4.459338 4.870419 5.276223 5.787626 6.095567 6.048315 6.473929 7.138753 7.347955 7.113227 7.455596 7.702499 7.933324 8.654761 9.226142 9.384989 9.475312 9.512012 9.383581 9.141722 9.076344 9.163671 9.269653 nan nan nan nan nan nan nan nan nan nan nan nan nan
nan nan nan nan nan nan nan nan nan nan nan nan nan 5.031047 5.056389 5.348892 5.636062 5.773965 5.813452 6.007493 5.968427 6.07298 6.421262 6.737552 6.80386 6.723402 6.707651 6.833813 6.703885 6.763012 6.897736 6.885267 6.835141 6.813415 6.838822 6.612978 6.567544 6.034319 5.747274 5.545811 5.169086 4.831346 4.875317 4.79265 4.750015 4.766007 4.624964 4.786203 4.815228 5.372977 6.213408 6.587251 7.069332 7.594327 7.903236 7.938218 7.771781 7.583811 7.897029 8.17155 8.526216 8.922645 9.166484 9.398877 9.510602 9.486902 9.339456 9.369692 9.48359 9.574253 nan nan nan nan nan nan nan nan nan nan nan nan nan
nan nan nan nan nan nan nan nan nan nan nan nan 5.101099 5.15344 5.186951 5.401553 5.502824 5.649488 5.847094 6.064815 6.184441 6.257652 6.549839 6.69528 6.770224 6.826722 6.790341 6.701878 6.725696 6.641495 6.78904 6.722576 6.611977 6.759169 6.629328 6.704644 6.710915 6.338863 5.756793 5.582072 5.390385 5.26318 5.597188 5.518395 5.292978 5.016843 4.512038 4.776817 4.892029 5.317071 6.290841 7.112032 7.320768 7.95647 8.261907 7.866111 7.684882 7.869704 8.113664 8.384814 8.640802 9.036886 9.294172 9.507381 9.608092 9.605058 9.622947 9.723409 9.83243 nan nan nan nan nan nan nan nan nan nan nan nan nan nan
nan nan nan nan nan nan nan nan nan nan nan nan 5.172449 5.182974 5.289606 5.436786 5.670361 5.825078 5.88971 5.930934 6.059745 6.247996 6.496294 6.575182 6.652307 6.679053 6.704224 6.654938 6.877081 6.540665 6.662538 6.524373 6.708613 6.693229 6.550531 6.677187 6.644138 6.223152 5.944251 5.862031 5.439412 5.432711 5.71572 5.618292 5.348615 5.240788 4.693218 4.611404 5.150603 5.363423 5.755643 6.959579 7.092629 7.061507 7.250321 7.383533 7.71262 7.979496 8.135611 8.348521 8.637265 9.017416 9.348005 9.608969 9.751233 9.742727 9.782114 9.864136 9.952572 nan nan nan nan nan nan nan nan nan nan nan nan nan nan
nan nan nan nan nan nan nan nan nan nan nan nan nan nan 5.379578 5.563962 5.645211 5.790113 5.905684 6.102882 6.240496 6.275518 6.409363 6.686749 6.604245 6.561807 6.556852 6.482876 6.664505 6.457344 6.333486 6.453824 6.516391 6.603747 6.451603 6.651231 6.564486 6.26434 5.90164 5.749521 5.695991 5.336054 5.504869 5.674597 5.491115 5.230267 5.061822 5.193376 5.273216 5.688704 6.012749 6.356583 6.583683 6.876273 7.215134 7.56116 7.828998 8.061013 8.346111 8.746408 9.233196 9.528879 9.466625 9.642494 9.835137 9.869419 9.903572 nan nan nan nan nan nan nan nan nan nan nan nan nan nan nan nan
nan nan nan nan nan nan nan nan nan nan nan 5.377169 5.431901 5.487049 5.781499 5.913715 5.984224 6.010767 5.993878 6.055614 6.170928 6.348562 6.475255 6.699819 6.689006 6.600479 6.517779 nan 6.271573 6.308968 6.194389 6.230057 6.368277 6.417457 6.317372 6.493742 6.649967 6.497929 6.164691 5.819128 5.621679 5.503328 5.733183 5.870313 5.609753 5.476311 5.301143 5.546833 5.934342 6.478374 6.752253 6.846946 6.929921 7.168027 7.453588 7.886974 8.264493 8.515167 8.86198 9.263784 9.243897 9.257456 9.304601 9.557508 9.907057 10.14966 10.15483 nan nan nan nan nan nan nan nan nan nan nan nan nan nan nan nan
nan nan nan nan nan nan nan nan nan nan nan 5.408325 5.53145 5.611542 5.950976 6.07189 6.080661 6.158916 6.262513 6.203425 6.327439 6.266961 6.377134 6.514289 6.564687 6.524193 6.412859 nan 6.137151 6.233596 6.102697 6.115215 6.210426 6.280768 6.392316 6.620661 6.748066 6.583875 6.322403 6.047967 6.037591 5.814891 5.966885 6.125605 6.02406 5.831477 5.47566 5.590219 5.967373 6.408586 6.808739 7.095403 6.975637 6.981948 7.074987 7.353682 7.78689 8.095841 8.127908 7.989809 8.211487 8.533221 8.792874 9.062891 9.27873 9.38116 9.563168 9.576715 nan nan nan nan nan nan nan nan nan nan nan nan nan nan nan
nan nan nan nan nan nan nan nan nan nan nan 5.447402 5.578956 5.713625 6.010208 6.131454 6.181669 6.329741 6.442142 6.480481 6.429771 6.448678 6.451562 6.512053 6.516838 6.430949 6.307919 6.142983 5.963532 5.953343 5.956374 nan 6.070106 6.162331 6.368411 6.49214 6.691465 6.537298 6.523691 6.531954 6.214195 6.210462 6.153845 6.152522 6.234071 5.908404 5.743852 5.816506 5.715546 6.126132 6.642176 6.900951 6.718982 6.76549 6.870417 7.012731 6.917099 7.09232 7.340471 7.574116 7.97122 8.415223 8.776918 8.921002 9.013383 8.950262 8.883454 8.995107 8.959885 nan nan nan nan nan nan nan nan nan nan nan nan nan nan
nan nan nan nan nan nan nan nan nan nan 5.245992 5.508952 5.643073 5.850967 5.997534 6.121006 6.126922 6.23695 6.433673 6.504046 6.355763 6.335214 6.372421 6.435446 6.404733 6.295015 6.210394 nan 5.864198 5.820124 5.877332 5.915204 6.106393 6.244396 6.465979 6.5121 6.633178 6.717194 6.670249 6.591763 6.416402 6.34656 6.264591 6.108416 6.187707 5.978943 5.702721 5.772585 5.831115 6.112822 6.321951 6.619745 6.624524 6.735815 6.899156 6.981183 6.842007 6.927319 7.246666 7.521723 7.734983 8.099194 8.348082 8.586102 8.878718 8.841305 8.700876 8.700651 8.685879 nan nan nan nan nan nan nan nan nan nan nan nan nan nan
nan nan nan nan nan nan nan nan nan 5.002811 5.286877 5.437764 5.575216 5.674164 5.80072 5.925976 5.97646 6.096583 6.242069 6.221901 6.097203 6.194739 6.191129 6.19004 6.207303 6.14814 6.087005 5.94338 5.82124 5.872963 5.958299 5.937599 6.000685 6.150338 6.23038 6.445816 6.595809 6.671117 6.840259 6.814483 6.759469 6.547974 6.271422 6.132395 6.127821 6.141606 5.802787 5.908671 6.049681 6.326837 6.579956 6.800255 6.698175 6.754956 6.821741 6.775791 6.626744 6.637265 6.874697 7.197566 7.632336 8.02226 8.148378 8.443406 8.469369 8.387883 8.549103 8.534864 nan nan nan nan nan nan nan nan nan nan nan nan nan nan nan
nan nan nan nan nan nan nan nan nan 4.889204 5.080483 5.238443 5.386576 5.443965 5.565788 5.635657 5.720505 5.867769 5.931952 5.956994 5.85388 5.862224 5.952249 5.963924 5.998082 5.980391 5.975659 5.860755 5.770291 5.742572 5.798174 5.842734 5.865984 5.932215 6.071508 6.337592 6.488601 6.643618 6.767282 6.890951 6.921323 6.97792 6.698695 6.410847 6.381032 6.163905 5.947516 6.111979 6.305316 6.546376 6.904563 7.080817 6.79228 6.847104 6.723605 6.69786 6.657178 6.735912 6.735709 7.122327 7.588686 7.82946 7.863713 8.099216 8.250399 8.183045 8.202687 8.166749 nan nan nan nan nan nan nan nan nan nan nan nan nan nan nan
nan nan nan nan nan nan nan nan nan 4.850296 5.065941 5.078419 5.197165 5.340003 5.468563 5.529909 5.57331 5.645331 5.692871 5.674587 5.577727 5.597107 5.661644 5.730193 5.767808 5.768934 5.770057 5.680813 5.605671 5.583302 5.667802 5.711101 5.708772 nan 5.892008 6.209486 6.641283 6.761318 6.710426 6.734837 6.730177 6.904963 6.618228 6.424414 6.421659 6.216879 5.996815 6.257937 6.445129 6.728487 6.842607 7.00478 6.859921 6.786438 6.735446 6.636835 6.617779 6.726503 6.838527 7.154907 7.577369 7.892316 7.976924 8.020096 8.008024 8.125934 8.142284 8.125664 nan nan nan nan nan nan nan nan nan nan nan nan nan nan nan
nan nan nan nan nan nan nan nan nan 4.791307 4.96625 4.922601 5.042532 5.118334 5.28927 5.350881 5.370957 5.331103 5.307761 5.350179 5.38442 5.420498 5.467025 5.514294 5.543316 5.558204 nan 5.512012 nan nan 5.479943 5.520174 5.588795 nan 5.849935 6.177501 6.533392 6.733622 6.902799 6.751486 6.691164 6.729283 6.643737 6.456982 6.349142 6.271209 6.088708 6.195079 6.362092 6.466787 6.6178 6.83217 6.711371 6.613563 6.625909 6.634524 6.522876 6.813966 6.92651 7.080153 7.520308 7.932535 7.996482 7.99865 8.035613 7.978665 7.949785 7.944214 nan nan nan nan nan nan nan nan nan nan nan nan nan nan nan
nan nan nan nan nan nan nan 4.765534 4.908157 5.049198 5.002584 4.857689 4.926196 4.976633 5.106223 5.172765 5.086446 5.188582 5.284257 5.247825 5.275281 5.304721 5.333112 nan nan nan 5.417358 5.3709 5.324975 5.319427 5.353819 5.38841 5.452121 5.500478 5.654945 6.082627 6.389289 6.547217 6.759137 6.803879 6.704763 6.593054 6.59451 6.38021 6.249906 6.254717 6.153637 6.371698 6.506897 6.638247 6.715049 6.857533 6.728446 6.513428 6.35965 6.309442 6.294495 6.537432 6.746682 6.891878 7.223444 7.635413 7.785848 7.855592 7.975124 7.937432 7.90142 7.872145 nan nan nan nan nan nan nan nan nan nan nan nan nan nan nan
nan nan nan nan nan nan 4.752559 4.828035 5.059293 5.042294 4.81809 4.814192 nan nan nan 5.000932 5.034997 nan 5.151582 5.214149 5.248417 5.259202 5.264383 5.278598 nan 5.29408 5.35924 5.25596 5.209334 5.201092 nan 5.25616 5.518164 5.489445 5.536033 5.885165 6.139591 6.336626 6.502134 6.540268 6.408577 6.369694 6.287816 6.232461 6.16702 6.067657 6.015319 6.215103 6.426794 6.582336 6.655067 6.753899 6.638275 6.521711 6.462604 6.402597 6.260291 6.351368 6.546305 6.825395 7.268718 7.654576 7.775794 7.869905 7.925979 7.920097 7.870696 7.869624 nan nan nan nan nan nan nan nan nan nan nan nan nan nan nan
nan nan nan nan nan nan nan 4.800319 4.830865 4.789362 4.771121 nan nan nan nan 4.965158 5.019336 5.082302 5.099452 nan nan 5.18934 5.256448 5.194514 5.193186 nan 5.224384 5.155434 5.095736 5.081917 5.097726 5.293769 5.4737 5.37609 5.513468 5.668745 5.930822 5.948073 6.049652 6.115961 6.119285 6.092805 5.998095 5.977105 5.964202 5.996836 5.956579 6.113728 6.302064 6.405492 6.495524 6.610966 6.551317 6.461794 6.421534 6.420362 6.355052 6.549926 6.587581 6.847023 7.258531 7.684685 7.831197 7.87675 7.905803 7.882163 7.752264 7.82732 7.884803 nan nan nan nan nan nan nan nan nan nan nan nan nan nan
nan nan nan nan nan nan nan nan nan nan nan nan nan nan 4.782775 4.828665 5.038304 5.106874 5.045302 5.02685 4.992253 5.022737 nan 5.066959 5.07435 5.031264 5.027265 5.014507 5.005363 5.022887 5.053766 5.229463 5.329168 5.317789 5.452641 5.457986 5.677417 5.674651 5.72603 5.812822 5.86518 5.897108 5.838928 5.812293 5.77837 5.765152 5.745089 5.924992 6.155414 6.26724 6.255829 6.301665 6.247154 6.22364 6.218147 6.24967 6.295177 6.437078 6.619671 6.780127 7.146352 7.509538 7.710734 7.875514 7.895119 7.877629 7.866632 7.980436 8.055371 8.137403 nan nan nan nan nan nan nan nan nan nan nan nan nan
