formato/VCI/bioclim_13.asc
ncols         186
nrows         781
xllcorner     -75.7
yllcorner     -56.55
cellsize      0.05
NODATA_value  -9999
[rows 544 to 577 of 781, columns 0 to 76 of 186]
-128 -128 -128 -128 -128 -128 -128 -128 -128 -128 -128 -128 -128 -128 -128 -128 -128 -128 -128 -128 -128 -128 13.64223 13.50681 13.02834 13.29146 13.30761 12.62592 12.63498 12.63671 12.66957 12.65514 12.5161 13.03041 13.32545 13.37333 13.25516 13.50999 13.52491 13.16281 13.35977 13.69841 14.10841 14.27517 14.33967 14.03403 13.05955 13.08359 12.48419 11.84264 12.75495 11.93868 11.0259 11.27201 11.78245 11.72745 12.91937 13.68024 -128 13.84347 13.49594 11.95429 12.33861 11.06819 11.41314 10.11482 10.64181 10.84619 11.04777 12.0327 12.44973 12.40082 11.48853 11.09685 11.19072 11.06258 10.35077
-128 -128 -128 -128 -128 -128 -128 -128 -128 -128 13.93455 13.76476 13.94234 -128 -128 -128 -128 -128 -128 -128 -128 -128 -128 13.64176 12.74544 12.46053 13.3231 13.12458 12.64746 12.65995 12.78943 12.99287 13.1574 13.16835 13.06997 13.41972 13.0882 13.24131 13.5528 13.08431 12.82032 13.17869 14.12535 14.32371 -128 14.33658 13.5181 13.33419 13.48248 12.50166 13.00104 12.31315 12.06852 11.71558 12.22324 13.11034 13.66305 13.58872 12.79508 12.33963 13.49506 12.90475 11.72948 10.72497 10.45156 10.17565 9.788435 10.12622 10.07006 11.93844 11.08209 10.93997 10.18841 10.06505 10.07122 9.871113 9.994267
-128 -128 -128 -128 -128 -128 -128 -128 -128 13.95473 13.54673 13.29793 13.67301 13.90316 -128 -128 -128 -128 -128 -128 -128 -128 -128 -128 13.49226 12.72081 12.4139 13.21114 13.32308 13.29793 13.10734 12.86427 12.3622 12.45729 12.71381 13.21815 12.57397 12.70186 13.46107 13.5006 13.10162 13.48438 14.23918 -128 -128 14.31914 13.79279 12.93121 12.41241 12.60541 12.49906 12.18817 11.14188 11.79491 13.28146 13.53584 13.19386 11.66286 10.4839 11.68512 12.87722 11.73299 10.65356 10.59798 10.91412 10.90081 10.30329 10.87411 10.38675 12.10456 10.52606 10.0332 10.001 10.29151 -128 10.02778 9.816143
-128 -128 -128 -128 -128 -128 -128 -128 -128 -128 13.81652 13.26652 13.46432 13.8704 -128 -128 -128 -128 -128 -128 -128 -128 -128 -128 13.67924 13.5505 13.41544 13.35438 13.26379 13.25571 12.43672 12.32828 13.08425 13.06563 13.31174 13.38749 13.25068 12.8655 13.21185 13.70234 13.91692 14.17632 -128 -128 -128 -128 14.16095 13.40386 11.83326 11.70107 11.46759 11.44771 12.16901 13.09496 13.24339 12.54623 10.95515 10.39963 11.1027 11.09463 12.11719 11.78468 11.54639 11.8943 11.14004 10.21669 10.37973 11.42332 10.11044 11.08087 11.12151 10.45908 9.677482 9.591857 9.776931 -128 -128
-128 -128 -128 -128 -128 -128 -128 -128 -128 -128 13.86007 13.61363 13.78685 13.85582 -128 -128 -128 -128 -128 -128 13.773 13.76588 -128 -128 13.67846 12.84249 12.83703 13.23598 13.12031 12.82703 12.04221 11.53838 12.42597 12.04858 12.01835 12.89315 13.07602 12.32999 12.58658 13.72375 13.99372 14.20863 -128 14.38924 14.37217 14.24501 -128 13.85312 13.4538 12.65782 12.63582 12.94554 12.70661 11.14629 12.51545 11.42072 10.34377 10.34831 9.723626 10.85514 9.941772 10.90017 11.3769 12.43511 12.81695 12.23451 10.29133 11.70361 10.34225 10.78444 11.97492 11.07947 10.02405 9.738737 9.232198 9.264544 10.0813
-128 -128 -128 -128 -128 -128 -128 -128 -128 -128 -128 -128 -128 -128 -128 -128 -128 -128 -128 -128 -128 13.721 13.75767 -128 -128 13.58357 13.32417 13.04492 12.41379 11.66155 12.04769 12.00847 12.36347 12.85288 12.5814 12.98385 13.2326 13.34777 13.40535 13.59968 13.91223 14.23576 14.31773 14.40143 14.30287 14.16823 13.72705 12.46643 11.79267 11.97031 12.09527 12.15172 10.18587 10.69727 12.46197 11.08189 10.34615 10.01578 9.257229 9.928164 10.51691 9.676854 10.30008 10.82611 12.23814 11.75736 11.60911 11.98721 12.13935 12.5301 12.86461 12.9188 11.83135 10.58031 10.11956 10.62608 10.28931
-128 -128 -128 -128 -128 -128 -128 -128 -128 -128 -128 -128 -128 -128 -128 -128 -128 -128 -128 -128 -128 -128 -128 -128 13.66944 13.59358 13.43019 12.80124 12.6645 12.92211 13.0615 12.72598 12.87397 12.85962 12.70431 12.5402 11.9453 12.72509 13.28323 13.6096 13.81656 14.24598 14.32339 14.34081 14.23913 14.07674 13.30914 11.58526 11.24236 11.08575 11.72538 10.83751 9.886066 10.77406 10.93907 10.56186 10.28171 9.352628 9.397512 9.270252 10.28612 10.73367 11.10839 11.95189 12.06407 10.23848 9.995406 10.27694 9.970801 10.48298 12.52857 12.36706 11.18939 10.69582 11.49193 11.68184 11.32616
-128 -128 -128 -128 -128 -128 -128 -128 -128 -128 -128 -128 -128 -128 -128 -128 -128 -128 -128 -128 -128 -128 -128 -128 -128 13.52932 13.19803 13.08754 13.19562 12.81355 12.44922 12.22563 11.99413 11.84349 12.00336 12.06126 12.08078 12.62578 12.8361 13.49879 13.99163 -128 14.32328 14.38269 14.25189 13.91384 13.72178 12.35656 12.23376 10.30458 9.822309 9.580404 10.14245 9.912708 9.24893 10.86711 10.42624 9.838344 9.582908 9.280485 9.123257 9.407165 9.699226 11.41387 9.947689 10.23237 10.74057 10.22109 10.72834 10.75424 12.10321 12.35751 11.73016 10.14894 10.12321 10.34724 11.16241
-128 -128 -128 -128 -128 -128 -128 -128 -128 -128 -128 -128 -128 -128 -128 -128 -128 -128 -128 -128 -128 -128 -128 -128 -128 13.43942 12.7531 13.15669 12.43995 12.58884 12.0309 12.48091 12.25929 12.56223 11.87474 11.67255 11.5153 11.76442 12.04234 12.84778 13.92598 14.277 14.34478 14.41528 14.32819 13.58179 12.57373 13.38625 11.4013 10.15631 8.365986 8.321654 9.785591 10.79858 10.98316 11.08101 10.59955 10.40201 9.360408 9.464461 9.709702 10.90617 11.07535 9.654589 10.14947 9.810261 9.325891 10.38913 10.95216 11.55584 12.06305 12.88862 11.55576 10.94681 10.36849 10.58633 11.44094
-128 -128 -128 -128 -128 -128 -128 -128 -128 -128 -128 -128 -128 -128 -128 -128 -128 -128 -128 -128 -128 -128 13.63516 13.10514 13.50832 13.45561 13.04468 13.00316 13.13199 13.13845 12.76048 13.07298 13.09722 12.2051 11.92883 11.81668 11.71203 12.3368 12.29662 13.16925 13.91518 14.24899 14.3317 14.32999 14.28909 14.16763 13.77852 13.52691 12.92511 11.54432 10.24267 8.126249 9.455032 10.25122 10.95552 10.73369 10.22988 9.861885 10.06054 9.772214 9.839164 11.3554 10.50263 9.541015 9.549274 9.649786 10.71234 10.18583 9.592522 10.39859 12.59418 12.94996 11.95944 12.16769 12.38038 12.48205 12.69062
-128 -128 -128 -128 -128 -128 -128 -128 -128 -128 -128 -128 -128 -128 -128 -128 -128 -128 -128 -128 13.6649 13.66739 13.58038 13.21698 13.40073 13.35489 12.0724 12.56131 12.88832 12.82445 13.21592 13.14288 12.53638 12.66998 12.30737 12.02445 12.49344 12.78592 12.97503 13.50722 13.86811 14.20838 14.30761 14.31281 13.65676 13.66345 11.87815 11.99197 13.16625 12.66133 11.01315 9.869225 9.67664 10.47036 10.77381 10.17226 10.81442 11.05349 10.18534 10.28308 10.38543 11.83158 9.59491 10.2115 9.660628 9.893226 9.891821 11.02922 11.76523 12.18588 10.96243 10.63539 10.85774 11.16052 11.42415 11.24813 11.22999
-128 -128 -128 -128 -128 -128 -128 -128 -128 -128 -128 -128 -128 -128 -128 -128 -128 -128 -128 -128 13.66178 13.59546 13.55939 13.51277 13.38597 13.17148 12.53845 12.0045 12.89966 12.60284 13.20947 12.86643 11.58548 11.89263 12.31967 12.32242 12.16363 12.30164 13.07836 13.50143 13.85993 14.12321 14.06437 13.24434 14.11742 13.94371 12.92859 12.41477 13.4547 13.43817 13.05015 11.89902 10.81334 11.20006 9.740911 9.794963 10.19929 10.89084 12.07013 11.32387 11.80138 11.3845 9.97212 10.92175 10.05071 9.904843 10.63005 11.46841 11.69286 12.42716 11.74231 12.13615 11.05759 9.688945 9.685724 10.15305 10.47322
-128 -128 -128 -128 -128 -128 -128 -128 -128 -128 -128 -128 -128 -128 -128 -128 -128 -128 -128 -128 -128 13.60578 13.51592 13.25655 11.82326 11.59575 12.02945 12.41076 12.96291 12.33533 13.14401 13.34832 12.94161 12.6315 12.205 12.10985 12.49675 11.91898 13.15726 13.61228 13.87752 -128 13.90302 13.48784 13.89755 14.06797 13.6835 13.72161 13.13766 12.29506 11.98025 13.58997 12.81868 12.25315 11.18292 10.73471 10.13109 10.76666 10.36562 12.71551 13.03471 13.10682 10.99583 11.51379 11.48999 12.74626 11.85497 10.6094 9.73551 10.62747 9.690312 10.86082 12.43676 11.719 10.18972 10.07756 10.89583
-128 -128 -128 -128 -128 -128 -128 -128 -128 -128 -128 -128 -128 -128 -128 -128 -128 -128 -128 -128 -128 -128 -128 -128 13.16674 12.62629 12.04182 11.89681 12.79835 13.1435 12.63482 13.28319 13.24643 12.61934 12.81947 12.67113 12.96383 13.00291 13.36534 13.5956 -128 -128 14.13481 14.11608 14.13316 -128 13.77185 13.56695 11.90906 11.19038 11.34203 13.48386 13.94469 12.92035 10.82078 10.24521 11.47873 12.30822 12.39913 13.05359 14.52946 14.63846 14.23466 12.88289 13.85375 12.12892 10.87535 10.51437 9.912234 9.660661 9.852471 9.817515 11.17524 12.20465 11.91227 11.36856 10.66926
-128 -128 -128 -128 -128 -128 -128 -128 -128 -128 -128 -128 -128 -128 -128 -128 -128 -128 -128 -128 -128 -128 -128 13.46946 13.15119 13.11645 12.88255 12.79273 13.13217 13.28772 13.32208 13.3339 13.33098 13.11666 12.89497 12.6653 12.76084 13.04883 13.32 13.47953 13.71484 13.92351 14.05117 14.12477 14.02268 12.82971 13.11168 11.97778 12.03288 11.36174 11.33926 12.27856 13.09807 13.60071 13.97865 13.74829 13.95332 14.29021 14.23767 14.19835 13.18019 13.26291 13.6592 13.39363 14.01812 13.57868 11.60397 10.5024 10.37915 11.52633 10.53226 10.30755 11.33421 11.81529 10.9525 9.856539 9.622474
-128 -128 -128 -128 -128 -128 -128 -128 -128 -128 -128 -128 -128 -128 -128 -128 -128 -128 -128 -128 -128 13.62247 -128 13.10266 11.97373 12.59241 12.24134 12.35527 13.02257 13.28659 13.36012 13.40846 13.08431 12.13213 12.36912 12.77135 12.97333 12.67352 13.21241 13.33511 13.07842 13.27761 13.41355 13.90801 12.91969 11.8977 12.55892 11.44801 11.08981 10.71591 11.87658 12.93438 11.83599 12.42762 13.27277 13.28489 13.62524 13.60102 12.7657 13.55295 13.26045 14.1079 12.99003 12.03426 12.35849 12.94016 11.98661 12.22221 12.3737 12.19926 11.49352 11.67182 12.16868 12.00479 11.70206 10.64369 10.76647
-128 -128 -128 -128 -128 -128 -128 -128 -128 -128 -128 -128 -128 -128 -128 -128 -128 13.7336 -128 -128 13.61626 -128 -128 13.00593 12.64983 11.76031 11.61439 12.12364 12.21386 13.03975 13.33817 13.28796 12.79308 12.71925 12.87961 12.80962 12.75985 12.43951 13.15348 12.32181 11.8461 12.9732 13.41923 13.66092 11.93534 11.74992 11.6503 11.2143 10.58353 11.18761 13.03196 12.49456 11.62182 11.82673 12.65896 11.19853 11.90555 11.37097 11.73952 13.6054 14.14107 13.28262 13.32351 11.85076 10.77554 11.4193 11.50306 10.56269 10.39554 10.86325 12.00912 13.58198 13.11388 11.58497 11.75873 12.41198 12.2667
-128 -128 -128 -128 -128 -128 -128 -128 -128 -128 -128 -128 -128 -128 -128 -128 13.73677 13.68538 13.66075 13.61591 13.564 -128 13.39046 12.91343 12.71608 11.85716 11.41055 11.98865 12.34786 12.81872 13.32712 13.18096 12.98664 12.08879 11.88296 12.56818 12.97947 13.09187 13.00408 12.59731 12.0956 12.75713 13.21183 13.44164 11.13697 10.89212 11.2952 11.68157 11.98466 13.00638 12.00277 11.22751 11.57653 10.35865 12.29736 10.3455 9.782717 10.1762 12.63164 11.92179 11.93966 12.77707 12.57463 13.05274 12.6066 11.04183 10.11708 10.09536 10.64728 11.42336 12.22723 13.25378 13.61674 13.17519 12.73879 11.97728 11.5015
-128 -128 -128 -128 -128 -128 -128 -128 -128 -128 -128 -128 -128 -128 -128 13.6835 13.6412 13.16516 13.41972 13.52194 13.49428 12.60867 12.31499 12.67075 12.70937 12.37872 11.76797 11.42957 11.63529 12.2628 13.21782 13.35199 12.94927 11.36947 11.50498 11.83757 12.60405 13.07835 12.85393 11.92637 12.44471 12.8528 13.28636 12.94129 11.2412 10.6054 12.16781 13.18913 13.24062 12.22411 11.61308 11.87474 11.43285 11.40072 11.94713 9.557905 10.70009 12.46056 11.39757 10.30498 10.86682 12.50835 12.67384 13.37228 13.10139 11.04554 10.34892 10.42504 9.991714 10.97036 12.81201 13.85489 12.16941 10.46789 10.76291 11.64615 11.85075
-128 -128 -128 -128 -128 -128 -128 -128 -128 -128 -128 -128 -128 -128 -128 13.62931 13.53585 13.1525 12.61552 13.25385 12.79124 11.57658 12.13693 12.81769 12.5611 12.36072 12.02595 12.46045 11.92125 12.75297 13.22616 13.25732 13.0749 11.91224 11.11085 11.43524 12.99927 13.00614 12.75829 11.95727 11.29576 12.03486 13.28451 12.59858 11.19212 11.59832 13.29447 13.30197 13.17421 13.58114 13.27734 12.02607 11.50825 11.61867 11.18654 11.24412 12.15034 12.0689 11.01526 11.02927 10.93989 12.01953 11.89781 11.22185 12.1185 11.77479 11.4257 12.13694 12.17063 12.74131 13.42289 13.64299 13.24612 12.36257 12.41882 12.06407 11.73919
-128 -128 -128 -128 -128 -128 -128 -128 -128 -128 -128 -128 -128 -128 -128 -128 13.53577 13.49185 13.43007 13.27775 12.58301 11.80161 12.22702 12.73131 12.58161 11.88264 11.85952 12.37397 12.61146 12.70682 13.08109 13.1668 13.14093 12.95803 12.64923 12.82759 13.02237 12.9692 12.69732 12.72073 12.51418 11.48905 13.1853 12.09088 12.02751 13.0163 12.12155 11.61248 10.91277 11.99599 12.23461 9.917474 10.89315 12.21661 11.81747 10.40123 10.16498 9.869558 9.406548 9.150985 9.354402 10.07075 12.26723 10.80849 9.3307 9.44535 10.1169 11.25514 12.34622 12.53672 13.3225 13.53631 13.26355 12.77765 12.31243 11.85772 11.58841
-128 -128 -128 -128 -128 -128 -128 -128 -128 -128 -128 -128 -128 -128 13.46366 -128 13.43007 13.38751 13.3445 13.27979 13.15547 12.90773 12.72793 11.75917 12.1323 12.19738 12.35898 12.75028 11.9591 12.47499 12.18979 12.88122 12.96642 12.73414 12.15932 12.91388 12.92559 12.70096 12.84507 12.6933 13.15209 13.31386 13.31783 13.235 13.05673 12.66196 11.47387 11.06954 10.19072 10.11745 10.80892 9.991923 12.08312 11.69441 9.557793 8.805836 8.592706 8.76514 9.479669 8.961208 9.420841 11.36709 11.12913 10.92421 11.6045 11.33072 11.05119 11.18843 12.07922 12.47812 12.94547 13.00734 12.63698 12.78054 12.4099 12.46811 11.89965
-128 -128 -128 -128 -128 -128 -128 -128 -128 -128 -128 -128 -128 -128 13.35794 -128 -128 13.24056 12.7349 12.20345 12.69079 12.58473 12.69278 12.48177 12.7142 12.65448 11.54089 12.50873 12.77411 12.20676 12.13899 12.46191 12.76715 12.79067 11.93356 12.94656 13.01344 12.82242 12.83308 12.46873 13.00565 13.38576 13.4442 12.9556 11.53157 11.1527 10.7069 9.940822 8.931094 9.351457 11.53885 12.50625 12.01636 11.33907 10.35502 9.532948 9.472178 9.5625 8.593655 10.35233 10.60289 10.2291 10.40605 9.818849 10.47471 11.06729 9.986568 8.972315 9.819496 9.883899 9.668432 10.7104 12.16528 11.44142 12.55475 12.67729 12.64597
-128 -128 -128 -128 -128 -128 -128 -128 -128 -128 -128 -128 13.07362 12.47223 12.99754 12.88575 12.90868 12.80917 12.08804 11.2354 12.36738 11.08539 11.63381 11.64687 12.7618 12.05746 11.84266 11.01715 12.05752 11.03731 11.36151 11.96822 12.56418 12.92359 12.03648 13.12817 12.85161 12.78313 12.77122 12.69576 12.86559 13.40949 13.32442 12.89479 12.94045 12.71697 12.29003 11.82903 12.08609 12.19606 11.54102 9.780171 9.961579 8.634282 7.527856 7.2226 8.611457 9.527876 10.249 10.5032 9.865034 8.873985 8.103629 9.007536 8.366045 8.370983 9.891901 10.53682 9.934876 8.447739 8.823033 9.262009 11.57926 10.87897 11.21474 11.92796 11.98592
-128 -128 -128 -128 -128 -128 -128 -128 -128 -128 -128 -128 12.86736 11.7414 11.95856 12.01466 12.20272 11.9074 11.44129 11.55837 11.64384 10.77436 10.4823 10.899 12.20479 12.53381 11.65498 10.97995 10.92525 10.97019 10.88618 11.72838 11.84341 12.52571 12.94426 13.01543 12.45613 12.66521 12.82409 12.77905 12.98902 13.3202 12.74027 11.33631 10.86531 10.62709 11.88258 12.20467 11.77213 10.81508 9.714759 9.425035 9.262155 6.963141 7.09605 6.27361 7.325334 7.854433 7.357863 8.044678 7.741926 8.865257 7.879572 8.87746 9.334741 9.843868 10.02266 10.7666 10.59049 11.03264 10.98759 10.9474 9.44952 9.913922 10.29522 9.679976 10.74837
-128 -128 -128 -128 -128 -128 -128 -128 -128 -128 -128 -128 13.21819 12.56034 12.51194 11.69133 11.27878 11.04078 10.99329 11.87089 11.66354 9.710584 9.2304 9.42242 10.71289 12.27539 11.56657 11.15038 10.5493 10.20023 10.51353 10.46105 11.30028 12.50368 12.97616 13.03239 12.419 12.60426 11.97031 11.10705 12.36946 13.04239 11.73281 11.54214 10.71486 10.45957 12.16988 10.25015 10.14658 11.4272 11.94358 11.60553 10.05934 8.707253 7.111888 7.518507 8.77572 9.521824 8.546057 7.047245 8.549908 7.629773 8.43874 6.681841 7.419377 8.052976 8.615502 8.434081 9.475284 9.629392 8.541643 9.504472 8.821643 9.58488 10.11308 9.626505 9.274426
-128 -128 -128 -128 -128 -128 -128 -128 -128 -128 -128 -128 13.20889 13.06555 12.51967 11.69197 12.04807 11.85611 11.46234 12.51263 11.8492 11.09937 10.72295 10.12901 11.07997 12.11284 10.74178 10.43758 11.46458 11.30625 11.48388 11.58624 12.16817 12.61252 12.89651 13.0169 11.54966 11.66957 12.67864 12.29752 12.32785 12.75673 11.25465 10.77288 10.02864 11.51325 12.7892 12.3038 12.31125 11.69128 9.721663 10.82055 10.91813 8.755974 7.34032 7.049587 7.299934 7.484597 8.734707 9.82021 9.39891 10.433 8.80319 8.269677 7.336062 7.726112 7.511874 7.446094 7.772377 8.20002 7.129497 8.160468 8.596251 8.78635 9.323237 8.455393 7.929954
-128 -128 -128 -128 -128 -128 -128 -128 -128 -128 -128 -128 13.19364 12.40903 11.11536 10.9269 11.13662 12.63556 12.72982 11.98942 11.36356 10.62801 11.76231 11.05657 9.643175 10.57623 10.36045 10.08624 9.93868 10.29661 10.50892 10.21516 11.3205 12.13907 12.25505 12.74942 11.13659 11.03549 11.46805 10.88768 12.06522 12.62474 10.84437 9.553018 10.75755 12.45557 10.84215 9.829173 11.06911 10.6392 9.3607 8.317959 9.844361 9.833895 8.317345 7.375279 8.508574 8.892179 8.871443 8.229387 8.450436 10.31339 10.71738 9.185848 9.267714 8.049987 6.90407 8.144422 7.96887 8.782722 9.484076 9.148604 8.583492 8.563857 7.949502 8.378111 7.683895
-128 -128 -128 -128 -128 -128 -128 -128 -128 -128 -128 -128 -128 13.09104 12.80836 12.6813 12.62107 12.83071 12.43235 10.7133 10.81761 10.49695 11.24478 11.42512 10.47863 10.61626 10.36234 11.32289 11.07435 10.89655 11.55181 11.59686 12.47923 12.14178 12.84213 12.61111 12.64555 11.65142 11.83706 11.5852 12.10764 12.44678 10.73031 10.83795 12.45631 10.83425 9.419559 8.355653 9.718149 9.155545 7.808574 6.699919 6.850642 9.360527 10.15611 10.11465 9.451842 8.54978 7.752923 8.823017 8.625372 9.253992 10.92902 10.63114 11.35196 11.82468 11.468 10.98403 12.52495 13.14183 13.25956 13.23847 11.94827 10.05719 7.387047 7.349466 7.253234
-128 -128 -128 -128 -128 -128 -128 -128 -128 -128 -128 -128 -128 13.09933 13.05516 13.00881 12.71289 12.07954 12.65869 12.13998 11.81909 11.59509 11.49929 11.58772 11.98944 12.00941 9.946806 10.1279 10.63332 10.23235 10.75793 10.79732 12.31738 12.80249 12.90189 10.8728 10.86335 12.53752 11.47342 11.20017 12.69541 11.54638 10.14419 12.19352 10.85489 10.53844 10.53888 10.0638 8.669078 7.667564 7.194193 8.44138 7.499763 8.00296 8.440211 9.6093 10.6349 11.15954 9.435544 10.34935 10.2072 9.812678 8.199982 9.370123 9.583771 10.76635 12.31219 12.36979 12.18096 12.42227 12.86916 13.00225 13.41543 12.07688 10.26221 7.547187 6.957915
-128 -128 -128 -128 -128 -128 -128 -128 -128 -128 -128 -128 13.05266 12.38434 12.49961 12.75838 11.42229 11.43551 11.3689 11.96943 10.872 10.67572 10.89233 11.00983 11.19486 11.50324 12.03548 11.51041 10.99106 11.68465 11.79711 11.95787 12.36681 12.99409 12.95627 12.03389 11.85876 10.77951 11.45516 12.51821 12.55433 11.54492 11.94631 11.81539 9.940248 9.31485 9.17233 8.622798 8.417709 9.558586 10.04683 8.42313 7.664918 7.430789 7.778112 7.350914 8.43286 10.53251 10.47772 8.792464 8.674439 8.951784 8.286575 9.81609 9.034067 9.138826 11.22887 12.29733 11.68209 12.14906 12.28115 12.49834 13.31208 13.7862 13.07068 10.73035 9.60946
-128 -128 -128 -128 -128 -128 -128 -128 -128 -128 -128 12.94025 12.75693 11.85785 11.39761 11.72589 12.06163 11.18341 10.76574 11.17799 10.95122 10.6606 10.62613 10.64757 11.92794 11.01423 10.80724 11.77428 10.92288 10.61736 10.41623 10.48895 12.32006 13.02225 12.89752 13.00057 11.40481 10.84343 10.49122 12.19532 12.41524 10.59096 12.1805 11.0627 11.24513 10.72452 10.02382 9.02608 11.22592 10.96363 9.925144 9.194518 8.943247 9.349137 8.440145 9.114636 8.448042 10.86232 9.76333 9.560787 8.625698 8.476162 7.92698 8.109138 9.328473 9.157411 10.16407 9.622586 9.86809 9.485648 9.287846 10.20917 12.41906 12.91084 14.84585 14.54594 12.39454
-128 -128 -128 -128 -128 -128 -128 -128 -128 -128 12.74544 12.67168 12.35299 11.4515 11.42327 11.20881 11.01623 10.99901 10.66059 10.87523 11.25079 10.48176 10.43097 10.99946 10.74733 12.21759 11.76194 11.29799 10.77904 10.67125 11.28205 11.79097 12.85017 13.10265 11.96977 12.37016 12.7789 12.2457 12.17367 12.57052 12.47787 12.16145 10.85643 9.604027 10.47952 11.68497 11.40276 11.12802 11.79088 9.011493 9.691781 10.35649 9.856579 8.833302 9.808121 9.983392 10.63626 11.68911 12.19664 10.65196 8.984091 8.415432 8.195015 7.977062 8.537854 7.990154 8.41031 8.175642 8.607832 9.110315 10.2974 10.61586 11.60831 12.47056 14.37081 15.82158 16.15925
-128 -128 -128 -128 -128 -128 -128 12.70954 12.62815 12.53204 12.53561 12.25211 11.79263 11.80171 11.86927 11.89473 11.64275 10.94014 10.5892 10.86064 11.73357 11.84976 10.23304 10.60913 11.53863 12.42151 12.40669 10.85152 11.29902 12.00971 12.22607 12.23367 12.8631 12.28335 12.6329 11.86301 12.11958 12.03072 12.50947 12.59779 11.94872 10.24685 8.316572 8.220836 10.39408 10.42451 11.12556 11.53119 12.56239 11.4998 12.54917 11.72913 10.58029 10.21295 9.377205 9.324306 9.898789 9.57921 11.10234 12.85523 11.86193 9.420157 9.805451 9.050694 8.821725 9.336475 8.817197 8.285597 8.540117 8.426241 8.497232 8.999818 10.28423 11.97871 14.21653 15.76903 17.11053
